140.45 -210.06 -1609.02 699.44 0.0 30886.0 0.0 -439.14 70.56 -139.66 -5902.39 1077.87 0.0 2909
140.45 -212.96 -1608.56 698.49 0.0 30886.0 0.0 -439.12 70.67 -145.93 -5902.39 1077.87 0.0 2906
140.46 -215.86 -1608.09 697.51 0.0 30886.0 0.0 -439.11 70.78 -152.2 -5902.39 1077.87 0.0 2906
140.46 -218.27 -1607.7 696.66 0.0 30886.0 0.0 -439.1 70.86 -157.43 -5902.39 1077.87 0.0 2906
140.47 -220.69 -1607.31 695.78 0.0 30886.0 0.0 -439.08 70.96 -162.66 -5902.39 1077.87 0.0 2906
140.47 -223.1 -1606.92 694.87 0.0 30886.0 0.0 -439.07 71.04 -167.89 -5902.39 1077.87 0.0 2906
140.48 -225.52 -1606.53 693.93 0.0 30886.0 0.0 -439.06 71.14 -173.11 -5902.39 1077.87 0.0 2906
140.48 -227.45 -1606.22 693.16 0.0 30886.0 0.0 -439.05 71.19 -177.29 -5902.39 1077.87 0.0 2906
140.49 -229.86 -1605.82 692.17 0.0 30886.0 0.0 -439.04 71.26 -182.51 -5902.39 1077.87 0.0 2906
140.5 -232.28 -1605.43 691.15 0.0 30886.0 0.0 -439.03 71.32 -187.74 -5902.39 1077.87 0.0 2906
140.5 -234.69 -1605.04 690.11 0.0 30886.0 0.0 -439.02 71.39 -192.96 -5902.39 1077.87 0.0 2906
140.51 -236.62 -1604.72 689.25 0.0 30886.0 0.0 -439.01 71.43 -197.14 -5902.39 1077.87 0.0 2906
140.51 -239.04 -1604.33 688.15 0.0 30886.0 0.0 -439.0 71.5 -202.37 -5902.39 1077.87 0.0 2906
140.52 -241.43 -1603.94 690.3 0.0 30886.0 0.0 -434.21 71.13 0.0 -5902.39 1077.87 0.0 2906
140.52 -243.81 -1603.55 692.45 0.0 30886.0 0.0 -434.12 71.67 0.0 -5902.39 1077.87 0.0 2906
140.53 -246.2 -1603.15 693.22 0.0 30886.0 0.0 -434.04 72.18 0.0 -5902.39 1077.87 0.0 2906
140.53 -248.11 -1602.83 693.22 0.0 31039.0 0.0 -433.98 72.55 0.0 -5902.39 1077.87 0.0 2906
140.54 -250.5 -1602.43 693.22 0.0 31039.0 0.0 -433.9 73.0 0.0 -5917.47 991.75 0.0 2906
140.55 -255.27 -1601.63 693.22 0.0 31039.0 0.0 -433.91 72.96 0.0 -5917.47 991.75 0.0 2906
140.55 -257.66 -1601.22 693.22 0.0 31384.0 0.0 -433.91 72.95 0.0 -5917.47 991.75 0.0 2906
140.56 -259.57 -1600.9 693.22 0.0 31815.0 0.0 -433.91 72.94 0.0 -5947.26 793.8 0.0 2906
140.56 -261.95 -1600.51 693.22 0.0 31815.0 0.0 -434.08 71.93 0.0 -5974.82 549.16 0.0 2906
140.57 -263.86 -1600.2 693.22 0.0 31815.0 0.0 -434.36 70.22 0.0 -5974.82 549.16 0.0 2906
140.57 -265.78 -1599.9 693.22 0.0 31815.0 0.0 -434.62 68.58 0.0 -6523.98 -5425.65 0.0 2906
140.58 -268.18 -1599.65 693.22 0.0 32198.0 0.0 -437.61 45.83 0.0 -6523.97 -5425.57 0.0 2906
140.58 -270.11 -1599.52 693.22 0.0 32581.0 0.0 -439.08 28.44 0.0 -6319.85 -5662.05 0.0 2906
140.59 -272.05 -1599.47 693.22 0.0 32581.0 0.0 -439.86 11.04 0.0 -6107.16 -5890.83 0.0 2906
140.59 -273.99 -1599.5 693.22 0.0 32581.0 0.0 -439.95 -6.33 0.0 -6107.16 -5890.83 0.0 2906
140.6 -275.92 -1599.6 693.22 0.0 33041.0 0.0 -439.4 -22.97 0.0 -6107.16 -5890.83 0.0 2906
140.6 -278.33 -1599.84 693.22 0.0 33409.0 0.0 -437.91 -42.81 0.0 -5841.51 -6154.32 0.0 2906
140.6 -280.25 -1600.09 693.22 0.0 33409.0 0.0 -436.08 -58.62 0.0 -5620.79 -6356.58 0.0 2906
140.61 -282.15 -1600.42 693.22 0.0 33409.0 0.0 -433.68 -74.35 0.0 -5620.79 -6356.58 0.0 2906
140.61 -284.05 -1600.81 693.22 0.0 33409.0 0.0 -430.85 -89.31 0.0 -5620.79 -6356.58 0.0 2906
140.62 -286.4 -1601.4 693.22 0.0 33409.0 0.0 -426.8 -106.98 0.0 -5620.79 -6356.55 0.0 2906
140.62 -288.26 -1601.93 693.22 0.0 33754.0 0.0 -423.26 -120.21 0.0 -5620.79 -6356.58 0.0 2906
140.63 -290.11 -1602.52 693.22 0.0 34099.0 0.0 -419.51 -132.72 0.0 -5408.13 -6538.47 0.0 2906
140.63 -291.93 -1603.15 693.22 0.0 34099.0 0.0 -415.36 -145.18 0.0 -5189.58 -6713.24 0.0 2906
140.64 -294.19 -1604.04 693.22 0.0 34329.0 0.0 -409.64 -160.6 0.0 -5189.58 -6713.21 0.0 2906
140.64 -296.41 -1605.0 692.99 0.0 34513.0 0.0 -403.74 -174.89 0.0 -5038.99 -6826.97 0.0 2906
140.65 -298.16 -1605.82 692.99 0.0 34513.0 0.0 -398.77 -185.96 0.0 -4917.78 -6914.83 0.0 2906
140.65 -300.32 -1606.91 692.99 0.0 34513.0 0.0 -392.26 -199.33 0.0 -4917.78 -6914.79 0.0 2906
140.66 -302.02 -1607.83 692.74 0.0 34513.0 0.0 -387.06 -209.24 0.0 -4917.78 -6914.83 0.0 2906
140.66 -304.12 -1609.05 692.74 0.0 34666.0 0.0 -380.58 -220.81 0.0 -4917.78 -6914.79 0.0 2906
140.67 -305.77 -1610.06 692.74 0.0 34857.0 0.0 -375.47 -229.38 0.0 -4816.49 -6985.76 0.0 2906
140.67 -307.8 -1611.38 692.44 0.0 34857.0 0.0 -368.97 -239.72 0.0 -4687.1 -7073.2 0.0 2906
140.68 -309.79 -1612.75 692.44 0.0 34857.0 0.0 -362.32 -249.64 0.0 -4687.1 -7073.2 0.0 2906
140.68 -311.36 -1613.88 692.24 0.0 34857.0 0.0 -357.15 -256.99 0.0 -4687.09 -7073.23 0.0 2906
140.74 -313.29 -1615.34 692.24 0.0 35010.0 0.0 -350.85 -265.54 0.0 -4687.1 -7073.2 0.0 2906
140.75 -330.86 -1635.34 690.68 0.0 35016.0 0.0 -290.42 -330.54 0.0 -4585.74 -7130.61 0.0 2912
140.75 -332.44 -1637.17 690.68 0.0 35016.0 0.0 -287.07 -333.45 0.0 -4578.03 -7144.32 0.0 2912
140.76 -333.69 -1638.65 690.44 0.0 35016.0 0.0 -284.5 -335.64 0.0 -4578.03 -7144.33 0.0 2912
140.76 -334.93 -1640.14 690.44 0.0 35016.0 0.0 -282.07 -337.69 0.0 -4578.03 -7144.33 0.0 2912
140.77 -336.16 -1641.63 690.23 0.0 35016.0 0.0 -279.74 -339.63 0.0 -4578.03 -7144.33 0.0 2912
140.77 -337.69 -1643.51 690.23 0.0 35092.0 0.0 -276.99 -341.86 0.0 -4578.03 -7144.33 0.0 2912
140.78 -338.9 -1645.02 689.99 0.0 35168.0 0.0 -274.92 -343.54 0.0 -4525.85 -7177.5 0.0 2912
140.78 -340.1 -1646.54 689.99 0.0 35168.0 0.0 -272.81 -345.21 0.0 -4473.44 -7210.29 0.0 2912
140.79 -341.29 -1648.07 689.77 0.0 35168.0 0.0 -270.68 -346.9 0.0 -4473.44 -7210.29 0.0 2912
140.79 -342.76 -1649.99 689.77 0.0 35168.0 0.0 -268.14 -348.85 0.0 -4473.44 -7210.28 0.0 2912
140.8 -343.93 -1651.53 689.53 0.0 35206.0 0.0 -266.24 -350.31 0.0 -4473.43 -7210.29 0.0 2912
140.8 -345.1 -1653.07 689.53 0.0 35253.0 0.0 -264.43 -351.67 0.0 -4448.52 -7225.69 0.0 2912
140.81 -346.54 -1655.02 689.28 0.0 35253.0 0.0 -262.21 -353.34 0.0 -4415.22 -7246.08 0.0 2912
140.81 -347.69 -1656.58 689.28 0.0 35253.0 0.0 -260.45 -354.64 0.0 -4415.22 -7246.08 0.0 2912
140.81 -348.83 -1658.14 689.06 0.0 35253.0 0.0 -258.78 -355.86 0.0 -4415.22 -7246.09 0.0 2912
140.82 -349.96 -1659.71 689.06 0.0 35253.0 0.0 -257.19 -357.0 0.0 -4415.22 -7246.09 0.0 2912
140.82 -351.08 -1661.29 688.84 0.0 35253.0 0.0 -255.7 -358.08 0.0 -4415.22 -7246.09 0.0 2912
140.83 -352.48 -1663.27 688.84 0.0 35253.0 0.0 -253.92 -359.33 0.0 -4415.22 -7246.08 0.0 2912
140.83 -353.59 -1664.85 688.57 0.0 35291.0 0.0 -252.6 -360.27 0.0 -4415.22 -7246.09 0.0 2912
140.84 -354.7 -1666.44 688.57 0.0 35329.0 0.0 -251.33 -361.16 0.0 -4390.19 -7261.28 0.0 2912
140.84 -355.8 -1668.03 688.3 0.0 35329.0 0.0 -250.06 -362.02 0.0 -4362.31 -7278.07 0.0 2912
140.85 -357.16 -1670.03 688.3 0.0 35329.0 0.0 -248.48 -363.13 0.0 -4362.31 -7278.06 0.0 2912
140.85 -358.25 -1671.63 687.99 0.0 35329.0 0.0 -247.28 -363.94 0.0 -4362.31 -7278.07 0.0 2912
140.86 -359.33 -1673.24 687.99 0.0 35329.0 0.0 -246.15 -364.71 0.0 -4362.31 -7278.07 0.0 2912
140.86 -360.41 -1674.85 687.72 0.0 35329.0 0.0 -245.08 -365.43 0.0 -4362.31 -7278.07 0.0 2912
140.86 -361.49 -1676.46 687.72 0.0 35329.0 0.0 -244.06 -366.1 0.0 -4362.31 -7278.07 0.0 2912
140.87 -362.56 -1678.07 687.45 0.0 35329.0 0.0 -243.1 -366.74 0.0 -4362.31 -7278.07 0.0 2912
140.87 -363.62 -1679.69 687.45 0.0 35329.0 0.0 -242.19 -367.35 0.0 -4362.31 -7278.07 0.0 2912
140.88 -364.68 -1681.3 687.18 0.0 35329.0 0.0 -241.33 -367.9 0.0 -4362.31 -7278.07 0.0 2912
140.88 -365.74 -1682.93 687.18 0.0 35329.0 0.0 -240.52 -368.43 0.0 -4362.31 -7278.07 0.0 2912
140.92 -366.8 -1684.55 686.91 0.0 35329.0 0.0 -239.75 -368.93 0.0 -4362.31 -7278.07 0.0 2912
140.93 -376.06 -1699.3 685.7 0.0 35329.0 0.0 -234.06 -372.58 0.0 -4362.32 -7278.01 0.0 2912
140.93 -377.09 -1700.94 685.7 0.0 35329.0 0.0 -233.63 -372.84 0.0 -4362.31 -7278.07 0.0 2912
140.94 -378.38 -1703.0 685.39 0.0 35329.0 0.0 -233.13 -373.16 0.0 -4362.31 -7278.07 0.0 2912
140.94 -379.4 -1704.64 685.39 0.0 35329.0 0.0 -232.76 -373.4 0.0 -4362.31 -7278.07 0.0 2912
140.95 -380.42 -1706.28 685.12 0.0 35329.0 0.0 -232.41 -373.62 0.0 -4362.31 -7278.07 0.0 2912
140.95 -381.44 -1707.93 685.12 0.0 35329.0 0.0 -232.07 -373.81 0.0 -4362.31 -7278.07 0.0 2912
140.95 -382.46 -1709.57 684.85 0.0 35329.0 0.0 -231.75 -374.01 0.0 -4362.31 -7278.07 0.0 2912
140.96 -383.48 -1711.22 684.85 0.0 35329.0 0.0 -231.46 -374.2 0.0 -4362.31 -7278.07 0.0 2912
140.96 -384.5 -1712.87 684.58 0.0 35329.0 0.0 -231.17 -374.37 0.0 -4362.31 -7278.07 0.0 2912
140.97 -385.51 -1714.52 684.58 0.0 35329.0 0.0 -230.91 -374.53 0.0 -4362.31 -7278.07 0.0 2912
140.97 -386.53 -1716.16 684.31 0.0 35329.0 0.0 -230.66 -374.7 0.0 -4362.31 -7278.07 0.0 2912
141.0 -387.54 -1717.81 684.31 0.0 35329.0 0.0 -230.41 -374.84 0.0 -4362.31 -7278.07 0.0 2912
141.0 -393.59 -1727.73 683.36 0.0 35329.0 0.0 -229.17 -375.61 0.0 -4362.31 -7278.07 0.0 2912
141.01 -394.6 -1729.38 683.36 0.0 35329.0 0.0 -229.01 -375.7 0.0 -4362.31 -7278.07 0.0 2912
141.01 -395.61 -1731.04 683.09 0.0 35329.0 0.0 -228.86 -375.81 0.0 -4362.31 -7278.07 0.0 2912
141.02 -396.61 -1732.69 683.09 0.0 35329.0 0.0 -228.71 -375.89 0.0 -4362.31 -7278.07 0.0 2912
141.02 -397.62 -1734.34 682.82 0.0 35329.0 0.0 -228.57 -375.98 0.0 -4362.31 -7278.07 0.0 2912
141.02 -398.62 -1736.0 682.82 0.0 35214.0 0.0 -228.44 -376.06 0.0 -4362.31 -7278.07 0.0 2912
141.03 -399.63 -1737.65 682.55 0.0 35099.0 0.0 -228.31 -376.12 0.0 -5836.04 -1393.06 0.0 2912
141.03 -400.7 -1739.27 682.55 0.0 35099.0 0.0 -242.96 -366.85 0.0 -5851.17 -1328.07 0.0 2912
141.04 -401.83 -1740.84 682.28 0.0 35099.0 0.0 -256.81 -357.28 0.0 -5851.17 -1328.07 0.0 2912
141.04 -403.02 -1742.37 682.28 0.0 34869.0 0.0 -269.73 -347.62 0.0 -5851.17 -1328.07 0.0 2912
141.07 -404.25 -1743.86 682.01 0.0 34524.0 0.0 -281.75 -337.97 0.0 -5878.8 -1199.87 0.0 2912
141.07 -413.29 -1751.16 681.26 0.0 34467.0 0.0 -342.22 -276.55 0.0 -5915.17 -1005.36 0.0 2912
141.08 -414.83 -1752.33 681.26 0.0 34467.0 0.0 -349.54 -267.25 0.0 -5920.86 -971.32 0.0 2912
141.08 -416.4 -1753.47 681.01 0.0 34467.0 0.0 -356.33 -258.12 0.0 -5920.86 -971.32 0.0 2912
141.09 -417.99 -1754.57 681.01 0.0 34160.0 0.0 -362.56 -249.3 0.0 -5920.86 -971.32 0.0 2912
141.09 -419.61 -1755.63 680.77 0.0 33853.0 0.0 -368.28 -240.76 0.0 -5946.65 -798.36 0.0 2912
141.09 -421.26 -1756.65 680.77 0.0 33853.0 0.0 -373.87 -231.99 0.0 -5967.63 -622.44 0.0 2912
141.1 -422.93 -1757.63 680.53 0.0 33853.0 0.0 -379.32 -222.97 0.0 -5967.63 -622.44 0.0 2912
141.1 -425.05 -1758.79 680.53 0.0 33853.0 0.0 -385.48 -212.16 0.0 -5967.63 -622.44 0.0 2912
141.11 -426.76 -1759.69 680.28 0.0 33853.0 0.0 -389.9 -203.91 0.0 -5967.63 -622.44 0.0 2912
141.11 -428.49 -1760.55 680.28 0.0 33623.0 0.0 -393.94 -195.98 0.0 -5967.63 -622.44 0.0 2912
141.12 -430.24 -1761.38 680.05 0.0 33393.0 0.0 -397.63 -188.4 0.0 -5979.99 -489.56 0.0 2912
141.14 -432.01 -1762.18 680.05 0.0 33317.0 0.0 -401.19 -180.69 0.0 -5989.27 -358.74 0.0 2912
141.15 -442.58 -1765.68 679.37 0.0 33304.0 0.0 -417.69 -138.33 0.0 -5991.72 -315.09 0.0 2912
141.15 -444.42 -1766.26 679.37 0.0 33304.0 0.0 -419.64 -132.28 0.0 -5992.08 -308.19 0.0 2912
141.16 -446.28 -1766.82 679.37 0.0 33228.0 0.0 -421.42 -126.51 0.0 -5992.08 -308.19 0.0 2912
141.16 -448.14 -1767.35 679.08 0.0 33152.0 0.0 -423.03 -121.02 0.0 -5994.17 -264.53 0.0 2912
141.17 -450.01 -1767.86 679.08 0.0 33152.0 0.0 -424.53 -115.63 0.0 -5995.93 -220.84 0.0 2912
141.17 -451.88 -1768.34 679.08 0.0 33152.0 0.0 -425.94 -110.36 0.0 -5995.93 -220.84 0.0 2912
141.17 -453.29 -1768.69 678.82 0.0 33152.0 0.0 -426.89 -106.57 0.0 -5995.93 -220.84 0.0 2912
141.18 -455.17 -1769.14 678.82 0.0 33152.0 0.0 -428.07 -101.76 0.0 -5995.93 -220.84 0.0 2912
141.18 -456.59 -1769.47 678.82 0.0 33152.0 0.0 -428.87 -98.32 0.0 -5995.93 -220.84 0.0 2912
141.18 -458.48 -1769.88 678.57 0.0 33152.0 0.0 -429.86 -93.94 0.0 -5995.93 -220.84 0.0 2912
141.19 -460.37 -1770.28 678.57 0.0 33152.0 0.0 -430.75 -89.78 0.0 -5995.93 -220.84 0.0 2912
141.27 -461.8 -1770.56 678.57 0.0 33152.0 0.0 -431.35 -86.78 0.0 -5995.93 -220.84 0.0 2912
141.28 -497.51 -1773.34 677.02 0.0 33152.0 0.0 -438.67 -34.13 0.0 -5995.93 -220.84 0.0 2908
141.28 -499.92 -1773.52 677.02 0.0 33152.0 0.0 -438.77 -32.91 0.0 -5995.93 -220.84 0.0 2908
141.28 -501.37 -1773.63 677.02 0.0 33152.0 0.0 -438.82 -32.22 0.0 -5995.93 -220.84 0.0 2908
141.29 -503.3 -1773.77 676.79 0.0 33152.0 0.0 -438.88 -31.35 0.0 -5995.93 -220.84 0.0 2908
141.29 -504.75 -1773.87 676.79 0.0 33152.0 0.0 -438.93 -30.74 0.0 -5995.93 -220.84 0.0 2908
141.29 -506.68 -1774.0 676.79 0.0 33152.0 0.0 -438.98 -29.93 0.0 -5995.93 -220.84 0.0 2908
141.3 -508.61 -1774.13 676.59 0.0 33152.0 0.0 -439.03 -29.19 0.0 -5995.93 -220.84 0.0 2908
141.3 -510.06 -1774.22 676.59 0.0 33152.0 0.0 -439.06 -28.67 0.0 -5995.93 -220.84 0.0 2908
141.31 -511.99 -1774.34 676.59 0.0 33152.0 0.0 -439.11 -27.99 0.0 -5995.93 -220.84 0.0 2908
141.31 -513.44 -1774.44 676.59 0.0 33152.0 0.0 -439.14 -27.52 0.0 -5995.93 -220.84 0.0 2908
141.31 -515.37 -1774.55 676.33 0.0 33152.0 0.0 -439.18 -26.91 0.0 -5995.93 -220.84 0.0 2908
141.35 -516.82 -1774.64 676.33 0.0 33152.0 0.0 -439.19 -26.49 0.0 -5995.93 -220.84 0.0 2908
141.36 -533.74 -1775.5 676.12 0.0 33152.0 0.0 -439.44 -22.24 0.0 -5995.93 -220.84 0.0 2908
141.36 -535.67 -1775.59 676.12 0.0 33152.0 0.0 -439.45 -21.92 0.0 -5995.93 -220.84 0.0 2908
141.36 -537.61 -1775.69 676.12 0.0 33152.0 0.0 -439.47 -21.61 0.0 -5995.93 -220.84 0.0 2908
141.4 -539.06 -1775.76 676.12 0.0 33152.0 0.0 -439.47 -21.38 0.0 -5995.93 -220.84 0.0 2908
141.4 -554.53 -1776.44 676.12 0.0 33152.0 0.0 -439.57 -19.4 0.0 -5995.93 -220.84 0.0 2908
141.41 -555.98 -1776.51 676.12 0.0 33152.0 0.0 -439.58 -19.27 0.0 -5995.93 -220.84 0.0 2908
141.41 -557.92 -1776.59 676.12 0.0 33152.0 0.0 -439.59 -19.12 0.0 -5995.93 -220.84 0.0 2908
141.41 -559.85 -1776.67 676.12 0.0 33152.0 0.0 -439.59 -18.95 0.0 -5995.93 -220.84 0.0 2908
141.42 -561.3 -1776.74 676.12 0.0 33152.0 0.0 -439.6 -18.83 0.0 -5995.93 -220.84 0.0 2908
141.42 -563.24 -1776.82 676.12 0.0 32961.0 0.0 -439.61 -18.67 0.0 -5995.93 -220.84 0.0 2908
141.43 -564.69 -1776.88 676.12 0.0 32706.0 0.0 -439.6 -18.57 0.0 -5998.98 -110.44 0.0 2908
141.43 -566.62 -1776.96 676.39 0.0 32515.0 0.0 -439.63 -18.01 0.0 -5999.89 36.82 0.0 2908
141.43 -568.07 -1777.01 676.39 0.0 32515.0 0.0 -439.66 -17.16 0.0 -5998.19 147.25 0.0 2908
141.44 -569.52 -1777.07 676.39 0.0 32093.0 0.0 -439.71 -16.02 0.0 -5998.19 147.25 0.0 2908
141.44 -570.97 -1777.12 676.39 0.0 31530.0 0.0 -439.75 -14.91 0.0 -5987.4 388.59 0.0 2908
141.45 -572.91 -1777.17 676.39 0.0 31530.0 0.0 -439.83 -12.54 0.0 -5957.65 711.62 0.0 2908
141.47 -574.84 -1777.21 676.39 0.0 30993.0 0.0 -439.91 -9.02 0.0 -5957.65 711.62 0.0 2908
141.48 -586.94 -1776.94 676.92 0.0 30907.0 0.0 -439.89 9.89 0.0 -5913.23 1016.7 0.0 2908
141.48 -588.88 -1776.88 676.92 0.0 30644.0 0.0 -439.8 13.43 0.0 -5904.44 1066.55 0.0 2908
141.49 -590.81 -1776.81 676.92 0.0 30381.0 0.0 -439.68 16.98 0.0 -5876.03 1213.39 0.0 2908
141.49 -592.74 -1776.71 676.92 0.0 30381.0 0.0 -439.51 20.92 0.0 -5843.44 1361.71 0.0 2908
141.49 -594.68 -1776.6 676.92 0.0 30381.0 0.0 -439.27 25.25 0.0 -5843.44 1361.71 0.0 2908
141.5 -596.13 -1776.51 677.18 0.0 30381.0 0.0 -439.08 28.34 0.0 -5843.44 1361.71 0.0 2908
141.5 -598.06 -1776.37 677.18 0.0 30381.0 0.0 -438.81 32.27 0.0 -5843.44 1361.71 0.0 2908
141.51 -599.99 -1776.21 677.18 0.0 30381.0 0.0 -438.52 35.98 0.0 -5843.44 1361.71 0.0 2908
141.51 -601.91 -1776.04 677.18 0.0 29882.0 0.0 -438.22 39.48 0.0 -5843.44 1361.71 0.0 2908
141.51 -603.84 -1775.85 677.18 0.0 29508.0 0.0 -437.91 42.81 0.0 -5771.47 1640.16 0.0 2908
141.52 -605.29 -1775.7 677.43 0.0 29009.0 0.0 -437.59 46.02 0.0 -5709.32 1844.91 0.0 2908
141.52 -607.21 -1775.47 677.43 0.0 29009.0 0.0 -437.04 50.94 0.0 -5614.35 2116.37 0.0 2908
141.55 -609.13 -1775.22 677.43 0.0 28587.0 0.0 -436.33 56.71 0.0 -5614.35 2116.37 0.0 2908
141.55 -620.05 -1773.06 677.88 0.0 28344.0 0.0 -431.64 85.39 0.0 -5523.71 2342.79 0.0 2908
141.56 -621.94 -1772.66 677.88 0.0 28101.0 0.0 -430.66 90.19 0.0 -5468.34 2469.25 0.0 2908
141.56 -623.83 -1772.25 677.88 0.0 27919.0 0.0 -429.56 95.27 0.0 -5409.09 2596.49 0.0 2908
141.57 -625.25 -1771.92 677.88 0.0 27919.0 0.0 -428.65 99.28 0.0 -5362.45 2691.5 0.0 2908
141.57 -627.13 -1771.46 677.88 0.0 27459.0 0.0 -427.34 104.79 0.0 -5362.45 2691.5 0.0 2908
141.57 -629.0 -1770.97 678.16 0.0 26999.0 0.0 -426.04 109.97 0.0 -2313.3 8163.82 0.0 2908
141.58 -630.84 -1770.4 678.16 0.0 26999.0 0.0 -417.72 129.67 0.0 -1951.13 8257.87 0.0 2908
141.58 -632.64 -1769.75 678.16 0.0 26999.0 0.0 -408.63 148.87 0.0 -1951.13 8257.87 0.0 2908
141.59 -634.4 -1769.01 678.43 0.0 26999.0 0.0 -399.84 167.29 0.0 -1951.13 8257.87 0.0 2908
141.59 -636.12 -1768.2 678.43 0.0 26999.0 0.0 -391.35 185.02 0.0 -1951.13 8257.87 0.0 2903
141.62 -637.81 -1767.31 678.81 0.0 26270.0 0.0 -383.15 202.11 0.0 -1951.13 8257.87 0.0 2903
141.62 -647.01 -1758.73 679.93 0.0 26214.0 0.0 -321.81 300.07 0.0 -1371.85 8371.92 0.0 2903
141.63 -648.38 -1757.36 679.93 0.0 26214.0 0.0 -311.5 310.75 0.0 -1325.5 8381.07 0.0 2903
141.63 -649.71 -1755.95 680.26 0.0 26214.0 0.0 -301.25 320.71 0.0 -1325.5 8381.07 0.0 2903
141.64 -650.99 -1754.5 680.26 0.0 26214.0 0.0 -291.17 329.87 0.0 -1325.5 8381.07 0.0 2903
141.64 -652.52 -1752.62 680.62 0.0 25984.0 0.0 -278.84 340.35 0.0 -1325.52 8381.04 0.0 2903
141.65 -653.99 -1750.7 680.62 0.0 25800.0 0.0 -266.91 349.81 0.0 -1142.02 8408.01 0.0 2903
141.65 -655.12 -1749.13 680.97 0.0 25800.0 0.0 -257.32 356.92 0.0 -993.5 8426.87 0.0 2903
141.66 -656.21 -1747.53 680.97 0.0 25685.0 0.0 -247.71 363.66 0.0 -993.5 8426.87 0.0 2903
141.66 -657.26 -1745.9 681.26 0.0 25570.0 0.0 -238.4 369.82 0.0 -899.72 8437.4 0.0 2903
141.67 -658.27 -1744.25 681.26 0.0 25570.0 0.0 -229.2 375.59 0.0 -805.83 8446.88 0.0 2903
141.67 -659.24 -1742.57 681.54 0.0 25570.0 0.0 -220.13 380.97 0.0 -805.83 8446.88 0.0 2903
141.68 -660.17 -1740.88 681.54 0.0 25570.0 0.0 -211.39 385.88 0.0 -805.83 8446.88 0.0 2903
141.68 -661.06 -1739.16 681.8 0.0 25570.0 0.0 -203.0 390.38 0.0 -805.83 8446.88 0.0 2903
141.68 -661.92 -1737.42 681.8 0.0 25494.0 0.0 -194.94 394.45 0.0 -805.83 8446.88 0.0 2903
141.69 -662.74 -1735.67 682.05 0.0 25418.0 0.0 -187.21 398.17 0.0 -744.26 8452.53 0.0 2903
141.69 -663.53 -1733.9 682.05 0.0 25418.0 0.0 -179.68 401.64 0.0 -682.66 8457.73 0.0 2903
141.7 -664.29 -1732.12 682.05 0.0 25418.0 0.0 -172.31 404.86 0.0 -682.66 8457.73 0.0 2903
141.7 -665.02 -1730.33 682.41 0.0 25418.0 0.0 -165.28 407.77 0.0 -682.66 8457.73 0.0 2903
141.71 -665.55 -1728.98 682.41 0.0 25418.0 0.0 -160.23 409.79 0.0 -682.64 8457.75 0.0 2903
141.71 -666.22 -1727.16 682.41 0.0 25418.0 0.0 -153.75 412.26 0.0 -682.66 8457.73 0.0 2903
141.72 -667.03 -1724.88 682.75 0.0 25418.0 0.0 -146.07 415.04 0.0 -682.68 8457.7 0.0 2903
141.72 -667.64 -1723.04 682.75 0.0 25265.0 0.0 -140.27 417.04 0.0 -682.66 8457.73 0.0 2903
141.72 -668.09 -1721.66 682.75 0.0 25061.0 0.0 -136.11 418.41 0.0 -559.32 8466.8 0.0 2903
141.73 -668.67 -1719.81 683.04 0.0 25061.0 0.0 -130.48 420.2 0.0 -393.64 8476.1 0.0 2903
141.73 -669.22 -1717.96 683.04 0.0 25061.0 0.0 -124.68 421.97 0.0 -393.64 8476.1 0.0 2903
141.74 -669.74 -1716.09 683.04 0.0 25061.0 0.0 -119.17 423.56 0.0 -393.64 8476.1 0.0 2903
141.74 -670.24 -1714.22 683.33 0.0 25061.0 0.0 -113.93 425.0 0.0 -393.64 8476.1 0.0 2903
141.74 -670.72 -1712.35 683.33 0.0 25061.0 0.0 -108.95 426.3 0.0 -393.64 8476.11 0.0 2903
141.75 -671.18 -1710.47 683.33 0.0 24908.0 0.0 -104.23 427.47 0.0 -393.64 8476.11 0.0 2903
141.75 -671.62 -1708.58 683.61 0.0 24755.0 0.0 -99.75 428.55 0.0 -270.07 8480.95 0.0 2903
141.76 -672.04 -1706.69 683.61 0.0 24755.0 0.0 -95.16 429.58 0.0 -143.2 8484.04 0.0 2903
141.76 -672.43 -1704.8 683.61 0.0 24755.0 0.0 -90.47 430.6 0.0 -143.2 8484.04 0.0 2903
141.77 -672.81 -1702.9 683.87 0.0 24525.0 0.0 -86.02 431.52 0.0 -143.2 8484.04 0.0 2903
141.8 -673.17 -1701.0 683.87 0.0 24180.0 0.0 -81.8 432.32 0.0 -4221.44 4263.74 0.0 2903
141.81 -679.66 -1686.4 684.96 0.0 23876.0 0.0 -178.75 402.06 0.0 -4078.55 4400.62 0.0 2903
141.81 -680.48 -1684.65 684.96 0.0 23572.0 0.0 -185.84 398.84 0.0 -3948.57 4517.61 0.0 2903
141.82 -681.32 -1682.9 685.21 0.0 23572.0 0.0 -191.89 395.95 0.0 -3815.25 4630.76 0.0 2903
141.82 -682.19 -1681.17 685.21 0.0 23572.0 0.0 -196.96 393.45 0.0 -3815.25 4630.76 0.0 2903
141.83 -683.08 -1679.45 685.47 0.0 23572.0 0.0 -201.75 391.01 0.0 -3815.25 4630.76 0.0 2903
141.83 -684.22 -1677.32 685.47 0.0 23572.0 0.0 -207.34 388.07 0.0 -3815.25 4630.76 0.0 2903
141.84 -685.15 -1675.62 685.77 0.0 22805.0 0.0 -211.51 385.83 0.0 -3815.25 4630.76 0.0 2903
141.84 -686.1 -1673.93 685.77 0.0 22038.0 0.0 -215.44 383.66 0.0 -3464.25 4898.88 0.0 2903
141.84 -687.05 -1672.25 686.04 0.0 22038.0 0.0 -217.6 382.41 0.0 -3094.48 5140.45 0.0 2903
141.85 -688.25 -1670.15 686.04 0.0 22038.0 0.0 -218.25 382.06 0.0 -3094.48 5140.45 0.0 2903
141.85 -689.22 -1668.47 686.34 0.0 21194.0 0.0 -218.73 381.77 0.0 -3094.48 5140.45 0.0 2903
141.86 -690.42 -1666.37 686.34 0.0 20181.0 0.0 -219.29 381.46 0.0 -2668.86 5373.75 0.0 2903
141.87 -691.86 -1663.85 686.72 0.0 20181.0 0.0 -217.41 382.52 0.0 3471.26 7742.75 0.0 2903
141.87 -692.93 -1661.68 686.72 0.0 20181.0 0.0 -195.32 393.64 0.0 3471.19 7742.72 0.0 2903
141.88 -694.05 -1659.0 687.06 0.0 19337.0 0.0 -169.8 405.92 0.0 3471.16 7742.71 0.0 2903
141.88 -694.87 -1656.72 687.06 0.0 18493.0 0.0 -149.07 413.97 0.0 4085.67 7436.81 0.0 2903
141.89 -695.57 -1654.41 687.32 0.0 18493.0 0.0 -127.33 421.16 0.0 4673.41 7082.23 0.0 2903
141.9 -696.23 -1651.58 687.32 0.0 17726.0 0.0 -100.1 428.47 0.0 4673.38 7082.23 0.0 2903
141.9 -696.6 -1649.68 687.32 0.0 16767.0 0.0 -82.76 432.16 0.0 5181.78 6719.25 0.0 2903
141.91 -696.93 -1647.28 687.64 0.0 16767.0 0.0 -60.2 435.86 0.0 5777.38 6214.56 0.0 2903
141.91 -697.13 -1644.87 687.64 0.0 16767.0 0.0 -36.65 438.48 0.0 5777.38 6214.56 0.0 2903
141.92 -697.21 -1642.45 687.64 0.0 16767.0 0.0 -14.13 439.76 0.0 5777.38 6214.56 0.0 2903
141.92 -697.17 -1640.03 687.64 0.0 16076.0 0.0 7.3 439.94 0.0 5777.38 6214.56 0.0 2903
141.93 -697.02 -1637.62 687.89 0.0 15385.0 0.0 27.59 439.14 0.0 6174.43 5820.24 0.0 2903
141.94 -696.75 -1635.21 687.89 0.0 15385.0 0.0 48.27 437.34 0.0 6546.71 5398.09 0.0 2903
141.94 -696.27 -1632.35 687.89 0.0 14848.0 0.0 73.44 433.83 0.0 6546.68 5398.1 0.0 2903
141.95 -695.76 -1629.98 687.89 0.0 14311.0 0.0 92.94 430.06 0.0 6815.34 5054.69 0.0 2903
141.96 -695.14 -1627.64 687.89 0.0 14311.0 0.0 112.39 425.4 0.0 7067.79 4695.23 0.0 2903
141.97 -692.83 -1621.79 687.89 0.0 14043.0 0.0 161.35 409.35 0.0 7067.29 4695.33 0.0 2903
141.97 -691.64 -1619.14 687.89 0.0 13820.0 0.0 180.4 401.32 0.0 7186.05 4512.11 0.0 2903
141.98 -690.56 -1616.97 687.89 0.0 13820.0 0.0 195.53 394.18 0.0 7279.64 4359.54 0.0 2903
141.98 -689.16 -1614.43 687.89 0.0 13744.0 0.0 212.8 385.11 0.0 7279.62 4359.55 0.0 2903
141.99 -687.92 -1612.35 687.68 0.0 13652.0 0.0 225.92 377.57 0.0 7311.22 4306.38 0.0 2903
142.0 -686.33 -1609.92 687.68 0.0 13652.0 0.0 240.52 368.43 0.0 7348.89 4241.73 0.0 2903
142.0 -684.65 -1607.55 687.68 0.0 13652.0 0.0 253.97 359.31 0.0 7348.89 4241.73 0.0 2903
142.01 -682.9 -1605.24 687.37 0.0 13652.0 0.0 266.09 350.42 0.0 7348.89 4241.73 0.0 2903
142.02 -681.38 -1603.35 687.37 0.0 13652.0 0.0 275.26 343.26 0.0 7348.92 4241.73 0.0 2903
142.02 -679.5 -1601.14 687.14 0.0 13652.0 0.0 285.28 334.97 0.0 7348.89 4241.73 0.0 2903
142.03 -677.89 -1599.33 687.14 0.0 13652.0 0.0 292.87 328.37 0.0 7348.92 4241.73 0.0 2903
142.03 -675.9 -1597.22 686.88 0.0 13652.0 0.0 301.15 320.79 0.0 7348.89 4241.73 0.0 2903
142.04 -674.21 -1595.48 686.88 0.0 13652.0 0.0 307.41 314.81 0.0 7348.92 4241.73 0.0 2903
142.05 -672.14 -1593.45 686.61 0.0 13652.0 0.0 314.25 307.97 0.0 7348.89 4241.73 0.0 2903
142.05 -670.38 -1591.79 686.61 0.0 13652.0 0.0 319.42 302.6 0.0 7348.92 4241.73 0.0 2903
142.06 -668.23 -1589.83 686.32 0.0 13652.0 0.0 325.09 296.52 0.0 7348.89 4241.73 0.0 2903
142.06 -666.42 -1588.23 686.32 0.0 13652.0 0.0 329.37 291.75 0.0 7348.93 4241.72 0.0 2903
142.07 -664.59 -1586.65 686.04 0.0 13652.0 0.0 333.31 287.24 0.0 7348.94 4241.72 0.0 2903
142.08 -662.36 -1584.78 686.04 0.0 13652.0 0.0 337.62 282.17 0.0 7348.93 4241.72 0.0 2903
142.08 -660.49 -1583.25 685.72 0.0 13652.0 0.0 340.89 278.21 0.0 7348.96 4241.71 0.0 2903
142.09 -658.21 -1581.45 685.72 0.0 13652.0 0.0 344.47 273.75 0.0 7348.95 4241.72 0.0 2903
142.1 -655.92 -1579.67 685.36 0.0 13652.0 0.0 347.72 269.61 0.0 7348.96 4241.71 0.0 2903
142.14 -653.6 -1577.91 685.36 0.0 13652.0 0.0 350.67 265.78 0.0 1553.66 5795.36 0.0 2903
142.14 -643.13 -1563.99 684.51 0.0 13652.0 0.0 264.43 351.68 0.0 1553.66 5795.36 0.0 2903
142.15 -641.19 -1561.21 684.51 0.0 13652.0 0.0 251.83 360.8 0.0 1553.66 5795.36 0.0 2903
142.16 -639.85 -1559.19 684.3 0.0 13652.0 0.0 243.4 366.54 0.0 1553.66 5795.36 0.0 2903
142.16 -638.31 -1556.73 684.3 0.0 13652.0 0.0 233.82 372.74 0.0 1553.66 5795.36 0.0 2903
142.17 -637.07 -1554.66 684.3 0.0 13652.0 0.0 226.32 377.33 0.0 1553.66 5795.36 0.0 2903
142.17 -635.86 -1552.56 684.08 0.0 13652.0 0.0 219.23 381.5 0.0 1553.66 5795.36 0.0 2903
142.18 -634.47 -1550.01 684.08 0.0 13652.0 0.0 211.22 385.98 0.0 1553.66 5795.36 0.0 2903
142.21 -633.34 -1547.87 684.08 0.0 13652.0 0.0 204.99 389.34 0.0 1553.66 5795.36 0.0 2903
142.21 -628.28 -1536.35 684.08 0.0 13652.0 0.0 176.86 402.89 0.0 1553.66 5795.36 0.0 2903
142.22 -627.15 -1533.67 684.08 0.0 13652.0 0.0 171.91 405.03 0.0 1553.66 5795.36 0.0 2903
142.23 -626.22 -1531.44 684.37 0.0 13652.0 0.0 168.07 406.63 0.0 1553.66 5795.36 0.0 2903
142.23 -625.14 -1528.74 684.64 0.0 13652.0 0.0 163.79 408.38 0.0 1553.66 5795.36 0.0 2903
142.24 -624.26 -1526.49 684.64 0.0 13652.0 0.0 160.48 409.69 0.0 1553.66 5795.36 0.0 2903
142.24 -623.39 -1524.23 685.07 0.0 13652.0 0.0 157.38 410.89 0.0 1553.66 5795.36 0.0 2903
142.25 -622.54 -1521.96 685.07 0.0 13652.0 0.0 154.49 412.0 0.0 1553.66 5795.36 0.0 2903
142.27 -621.71 -1519.69 685.5 0.0 13652.0 0.0 151.78 413.0 0.0 1553.66 5795.36 0.0 2903
142.27 -618.87 -1511.45 686.26 0.0 13652.0 0.0 143.2 416.04 0.0 1553.66 5795.36 0.0 2903
142.28 -617.94 -1508.7 686.51 0.0 13652.0 0.0 140.85 416.85 0.0 1553.66 5795.36 0.0 2903
142.29 -617.18 -1506.41 686.51 0.0 13652.0 0.0 139.04 417.46 0.0 1553.66 5795.36 0.0 2903
142.29 -616.27 -1503.65 686.97 0.0 13652.0 0.0 137.02 418.13 0.0 1553.66 5795.36 0.0 2903
142.3 -615.53 -1501.34 686.97 0.0 13652.0 0.0 135.46 418.63 0.0 1553.66 5795.36 0.0 2903
142.3 -614.79 -1499.04 687.39 0.0 13652.0 0.0 134.01 419.1 0.0 1553.66 5795.36 0.0 2907
142.31 -614.06 -1496.73 687.39 0.0 13652.0 0.0 132.66 419.52 0.0 1553.66 5795.36 0.0 2907
142.31 -613.34 -1494.42 687.8 0.0 13652.0 0.0 131.39 419.92 0.0 1553.66 5795.36 0.0 2907
142.34 -612.48 -1491.65 687.8 0.0 13652.0 0.0 129.99 420.37 0.0 1553.66 5795.36 0.0 2907
142.35 -609.04 -1480.05 689.07 0.0 13652.0 0.0 125.05 421.86 0.0 1553.66 5795.36 0.0 2907
142.35 -608.22 -1477.26 689.07 0.0 13652.0 0.0 124.15 422.12 0.0 1553.66 5795.36 0.0 2907
142.36 -607.55 -1474.94 689.52 0.0 13652.0 0.0 123.46 422.32 0.0 1553.66 5795.36 0.0 2907
142.37 -606.87 -1472.61 689.52 0.0 13576.0 0.0 122.81 422.52 0.0 1553.66 5795.36 0.0 2907
142.37 -605.93 -1469.36 690.01 0.0 13511.0 0.0 121.98 422.76 0.0 1595.84 5783.88 0.0 2907
142.38 -605.13 -1466.57 690.01 0.0 13511.0 0.0 121.58 422.86 0.0 1633.51 5773.35 0.0 2907
142.39 -604.46 -1464.24 690.45 0.0 13511.0 0.0 121.46 422.9 0.0 1633.51 5773.35 0.0 2907
142.41 -603.79 -1461.92 690.45 0.0 13435.0 0.0 121.35 422.94 0.0 1633.51 5773.36 0.0 2907
142.42 -600.34 -1449.82 691.72 0.0 13418.0 0.0 120.85 423.08 0.0 1675.54 5761.3 0.0 2907
142.43 -599.54 -1447.02 691.72 0.0 13418.0 0.0 121.02 423.03 0.0 1684.37 5758.72 0.0 2907
142.43 -598.87 -1444.7 692.17 0.0 13418.0 0.0 121.18 422.98 0.0 1684.37 5758.72 0.0 2907
142.44 -598.2 -1442.37 692.17 0.0 13418.0 0.0 121.34 422.94 0.0 1684.37 5758.72 0.0 2907
142.44 -597.54 -1440.05 692.58 0.0 13418.0 0.0 121.48 422.9 0.0 1684.37 5758.72 0.0 2907
142.45 -596.87 -1437.72 692.58 0.0 13418.0 0.0 121.63 422.85 0.0 1684.37 5758.72 0.0 2907
142.45 -596.2 -1435.39 693.0 0.0 13418.0 0.0 121.76 422.83 0.0 1684.37 5758.72 0.0 2907
142.46 -595.53 -1433.07 693.0 0.0 13418.0 0.0 121.88 422.78 0.0 1684.37 5758.72 0.0 2907
142.47 -594.86 -1430.74 693.41 0.0 13418.0 0.0 121.99 422.74 0.0 1684.37 5758.72 0.0 2907
142.47 -594.05 -1427.95 693.41 0.0 13418.0 0.0 122.12 422.71 0.0 1684.37 5758.72 0.0 2907
142.48 -593.38 -1425.63 693.86 0.0 13418.0 0.0 122.21 422.7 0.0 1684.37 5758.72 0.0 2907
142.48 -592.7 -1423.31 693.86 0.0 13418.0 0.0 122.3 422.65 0.0 1684.37 5758.72 0.0 2907
142.49 -592.03 -1420.98 694.28 0.0 13418.0 0.0 122.39 422.63 0.0 1684.37 5758.72 0.0 2907
142.49 -591.36 -1418.66 694.28 0.0 13418.0 0.0 122.47 422.61 0.0 1684.37 5758.72 0.0 2907
142.5 -590.55 -1415.87 694.73 0.0 13418.0 0.0 122.56 422.59 0.0 1684.37 5758.72 0.0 2907
142.5 -589.87 -1413.54 694.73 0.0 13418.0 0.0 122.63 422.56 0.0 1684.37 5758.72 0.0 2907
142.57 -589.2 -1411.22 695.14 0.0 13418.0 0.0 122.69 422.54 0.0 1684.37 5758.72 0.0 2907
142.57 -581.61 -1385.2 697.46 0.0 13418.0 0.0 123.19 422.4 0.0 1684.37 5758.72 0.0 2907
142.58 -580.8 -1382.41 697.46 0.0 13418.0 0.0 123.22 422.4 0.0 1684.37 5758.72 0.0 2907
142.59 -580.12 -1380.09 697.91 0.0 13418.0 0.0 123.24 422.39 0.0 1684.37 5758.72 0.0 2907
142.59 -579.31 -1377.3 697.91 0.0 13418.0 0.0 123.26 422.38 0.0 1684.37 5758.72 0.0 2907
142.6 -578.49 -1374.51 698.41 0.0 13418.0 0.0 123.28 422.38 0.0 1684.37 5758.72 0.0 2907
142.6 -577.81 -1372.19 698.41 0.0 13418.0 0.0 123.3 422.36 0.0 1684.37 5758.72 0.0 2907
142.61 -577.14 -1369.87 698.82 0.0 13418.0 0.0 123.31 422.36 0.0 1684.37 5758.72 0.0 2907
142.65 -576.46 -1367.54 698.82 0.0 13418.0 0.0 123.32 422.36 0.0 1684.37 5758.72 0.0 2907
142.65 -571.71 -1351.28 700.48 0.0 13418.0 0.0 123.41 422.34 0.0 1684.37 5758.72 0.0 2907
142.66 -571.03 -1348.96 700.48 0.0 13418.0 0.0 123.41 422.34 0.0 1684.37 5758.72 0.0 2907
142.66 -570.35 -1346.64 700.79 0.0 13418.0 0.0 123.42 422.34 0.0 1684.37 5758.72 0.0 2907
142.67 -569.53 -1343.85 700.79 0.0 13418.0 0.0 123.43 422.33 0.0 1684.37 5758.72 0.0 2907
142.68 -568.86 -1341.53 701.07 0.0 13418.0 0.0 123.44 422.34 0.0 1684.37 5758.72 0.0 2907
142.68 -568.04 -1338.74 701.07 0.0 13418.0 0.0 123.44 422.33 0.0 1684.37 5758.72 0.0 2907
142.69 -567.36 -1336.42 701.36 0.0 13456.0 0.0 123.45 422.32 0.0 1684.37 5758.72 0.0 2907
142.71 -566.68 -1334.09 701.36 0.0 13456.0 0.0 123.46 422.32 0.0 1662.28 5765.14 0.0 2907
142.72 -563.57 -1323.41 702.07 0.0 13456.0 0.0 123.01 422.45 0.0 1662.28 5765.14 0.0 2907
142.72 -562.76 -1320.62 702.07 0.0 13456.0 0.0 122.92 422.47 0.0 1662.28 5765.14 0.0 2907
142.73 -562.08 -1318.29 702.35 0.0 13456.0 0.0 122.86 422.5 0.0 1662.28 5765.14 0.0 2907
142.74 -561.41 -1315.97 702.35 0.0 13456.0 0.0 122.79 422.52 0.0 1662.28 5765.14 0.0 2907
142.74 -560.73 -1313.65 702.61 0.0 13456.0 0.0 122.74 422.54 0.0 1662.28 5765.14 0.0 2907
142.75 -559.92 -1310.86 702.61 0.0 13456.0 0.0 122.67 422.55 0.0 1662.28 5765.14 0.0 2907
142.75 -559.25 -1308.53 702.89 0.0 13456.0 0.0 122.63 422.56 0.0 1662.28 5765.14 0.0 2907
142.79 -558.58 -1306.21 702.89 0.0 13494.0 0.0 122.58 422.59 0.0 1662.28 5765.14 0.0 2907
142.79 -554.54 -1292.26 703.78 0.0 13500.0 0.0 122.33 422.65 0.0 1642.37 5770.84 0.0 2907
142.8 -553.87 -1289.94 703.78 0.0 13500.0 0.0 122.2 422.7 0.0 1637.94 5772.1 0.0 2907
142.8 -553.06 -1287.15 704.06 0.0 13538.0 0.0 122.03 422.73 0.0 1637.94 5772.1 0.0 2907
142.81 -552.39 -1284.82 704.06 0.0 13584.0 0.0 121.9 422.78 0.0 1618.01 5777.72 0.0 2907
142.82 -551.59 -1282.03 704.33 0.0 13584.0 0.0 121.64 422.84 0.0 1591.4 5785.1 0.0 2907
142.82 -550.92 -1279.71 704.33 0.0 13584.0 0.0 121.3 422.94 0.0 1591.4 5785.1 0.0 2907
142.84 -550.26 -1277.38 704.59 0.0 13622.0 0.0 120.99 423.03 0.0 1591.4 5785.1 0.0 2907
142.85 -547.49 -1267.6 704.59 0.0 13652.0 0.0 119.86 423.36 0.0 1571.43 5790.56 0.0 2907
142.86 -546.7 -1264.8 707.51 0.0 13677.0 0.0 119.49 423.47 0.0 1553.66 5795.36 0.0 2907
142.86 -546.04 -1262.47 708.41 0.0 13677.0 0.0 119.11 423.56 0.0 1540.32 5798.92 0.0 2907
142.87 -545.39 -1260.14 709.31 0.0 13677.0 0.0 118.7 423.69 0.0 1540.32 5798.92 0.0 2907
142.87 -544.61 -1257.35 710.38 0.0 13753.0 0.0 118.23 423.82 0.0 1540.32 5798.92 0.0 2907
142.88 -543.96 -1255.02 711.28 0.0 13829.0 0.0 117.88 423.92 0.0 1498.02 5809.99 0.0 2907
142.89 -543.32 -1252.68 712.18 0.0 13829.0 0.0 117.33 424.07 0.0 1455.65 5820.75 0.0 2907
142.89 -542.67 -1250.35 713.07 0.0 13905.0 0.0 116.61 424.27 0.0 1455.65 5820.75 0.0 2907
142.92 -541.91 -1247.55 714.15 0.0 13981.0 0.0 115.81 424.49 0.0 1413.2 5831.2 0.0 2907
142.93 -538.71 -1235.38 718.83 0.0 13995.0 0.0 111.93 425.53 0.0 1370.67 5841.34 0.0 2907
142.93 -538.1 -1233.04 719.73 0.0 13995.0 0.0 111.16 425.74 0.0 1363.95 5842.91 0.0 2907
142.94 -537.49 -1230.69 720.63 0.0 14110.0 0.0 110.41 425.91 0.0 1363.95 5842.91 0.0 2907
142.94 -536.89 -1228.35 721.53 0.0 14225.0 0.0 109.71 426.11 0.0 1298.89 5857.72 0.0 2907
142.95 -536.29 -1226.01 722.44 0.0 14225.0 0.0 108.73 426.36 0.0 1233.66 5871.8 0.0 2907
142.95 -535.7 -1223.66 723.34 0.0 14225.0 0.0 107.5 426.67 0.0 1233.66 5871.8 0.0 2907
142.96 -535.11 -1221.31 724.24 0.0 14225.0 0.0 106.35 426.96 0.0 1233.66 5871.8 0.0 2907
143.0 -534.42 -1218.49 725.33 0.0 14225.0 0.0 105.06 427.26 0.0 1233.66 5871.8 0.0 2907
143.01 -530.19 -1200.09 725.9 0.0 14225.0 0.0 98.47 428.84 0.0 1233.66 5871.8 0.0 2907
143.02 -529.55 -1197.26 725.9 0.0 14225.0 0.0 97.82 428.98 0.0 1233.66 5871.8 0.0 2907
143.02 -529.01 -1194.9 725.9 0.0 14225.0 0.0 97.32 429.11 0.0 1233.66 5871.8 0.0 2907
143.03 -528.48 -1192.54 725.9 0.0 14225.0 0.0 96.86 429.2 0.0 1233.66 5871.8 0.0 2907
143.03 -527.95 -1190.18 725.9 0.0 14225.0 0.0 96.42 429.31 0.0 1233.66 5871.8 0.0 2907
143.04 -527.42 -1187.82 725.9 0.0 14225.0 0.0 96.02 429.4 0.0 1233.66 5871.8 0.0 2907
143.04 -526.9 -1185.46 725.9 0.0 14225.0 0.0 95.65 429.49 0.0 1233.66 5871.8 0.0 2907
143.05 -526.37 -1183.09 725.9 0.0 14225.0 0.0 95.29 429.55 0.0 1233.66 5871.8 0.0 2907
143.09 -525.85 -1180.73 725.9 0.0 14225.0 0.0 94.97 429.62 0.0 1233.66 5871.8 0.0 2907
143.09 -522.16 -1163.7 724.8 0.0 14225.0 0.0 93.07 430.05 0.0 1233.66 5871.8 0.0 2907
143.1 -521.65 -1161.34 724.01 0.0 14225.0 0.0 92.9 430.09 0.0 1233.66 5871.8 0.0 2907
143.11 -521.04 -1158.5 723.07 0.0 14225.0 0.0 92.7 430.13 0.0 1233.66 5871.8 0.0 2907
143.11 -520.53 -1156.13 722.28 0.0 14225.0 0.0 92.55 430.15 0.0 1233.66 5871.8 0.0 2907
143.12 -520.13 -1154.24 721.14 0.0 14225.0 0.0 92.44 430.19 0.0 1233.66 5871.8 0.0 2907
143.12 -519.52 -1151.4 719.49 0.0 14225.0 0.0 92.28 430.21 0.0 1233.66 5871.8 0.0 2907
143.13 -519.01 -1149.03 719.08 0.0 14225.0 0.0 92.16 430.24 0.0 1233.66 5871.8 0.0 2907
143.13 -518.5 -1146.67 718.68 0.0 14225.0 0.0 92.05 430.26 0.0 1233.66 5871.8 0.0 2907
143.16 -518.0 -1144.3 718.27 0.0 14225.0 0.0 91.94 430.29 0.0 1233.66 5871.8 0.0 2907
143.17 -515.38 -1131.99 716.15 0.0 14225.0 0.0 91.47 430.39 0.0 1233.66 5871.8 0.0 2907
143.17 -514.88 -1129.62 715.74 0.0 14225.0 0.0 91.41 430.4 0.0 1233.66 5871.8 0.0 2907
143.18 -514.38 -1127.26 715.33 0.0 14225.0 0.0 91.34 430.42 0.0 1233.66 5871.8 0.0 2907
143.18 -513.77 -1124.41 714.84 0.0 14225.0 0.0 91.27 430.43 0.0 1233.66 5871.8 0.0 2907
143.19 -513.27 -1122.05 714.43 0.0 14225.0 0.0 91.21 430.44 0.0 1233.66 5871.8 0.0 2907
143.2 -512.77 -1119.68 714.02 0.0 14225.0 0.0 91.15 430.46 0.0 1233.66 5871.8 0.0 2907
143.2 -512.27 -1117.31 713.62 0.0 14225.0 0.0 91.11 430.46 0.0 1233.66 5871.8 0.0 2907
143.21 -511.77 -1114.94 713.21 0.0 14225.0 0.0 91.06 430.46 0.0 1233.66 5871.8 0.0 2907
143.24 -511.37 -1113.05 712.88 0.0 14225.0 0.0 91.03 430.49 0.0 1233.66 5871.8 0.0 2907
143.24 -508.57 -1099.79 710.59 0.0 14301.0 0.0 90.84 430.52 0.0 1233.66 5871.8 0.0 2905
143.25 -508.07 -1097.42 710.18 0.0 14377.0 0.0 90.81 430.53 0.0 1190.85 5880.64 0.0 2905
143.25 -507.57 -1095.05 709.78 0.0 14377.0 0.0 90.58 430.58 0.0 1147.97 5889.16 0.0 2905
143.26 -507.08 -1092.69 709.37 0.0 14377.0 0.0 90.14 430.66 0.0 1147.97 5889.16 0.0 2905
143.26 -506.58 -1090.32 708.94 0.0 14377.0 0.0 89.74 430.75 0.0 1147.97 5889.16 0.0 2905
143.27 -506.09 -1087.95 708.49 0.0 14453.0 0.0 89.36 430.82 0.0 1147.97 5889.16 0.0 2905
143.27 -505.6 -1085.58 708.04 0.0 14529.0 0.0 89.01 430.91 0.0 1105.02 5897.37 0.0 2905
143.28 -505.12 -1083.21 707.58 0.0 14529.0 0.0 88.47 431.02 0.0 1062.03 5905.26 0.0 2905
143.31 -504.73 -1081.31 707.22 0.0 14682.0 0.0 87.89 431.13 0.0 1062.03 5905.26 0.0 2905
143.31 -502.49 -1069.91 705.03 0.0 14713.0 0.0 84.92 431.73 0.0 975.86 5920.11 0.0 2905
143.32 -502.03 -1067.54 704.58 0.0 14814.0 0.0 84.01 431.91 0.0 957.69 5923.08 0.0 2905
143.32 -501.57 -1065.16 704.12 0.0 14915.0 0.0 83.08 432.08 0.0 900.86 5931.99 0.0 2905
143.33 -501.12 -1062.78 703.67 0.0 14915.0 0.0 81.93 432.31 0.0 843.95 5940.35 0.0 2905
143.33 -500.68 -1060.4 703.21 0.0 15106.0 0.0 80.58 432.55 0.0 843.95 5940.35 0.0 2905
143.34 -500.24 -1058.02 702.76 0.0 15259.0 0.0 79.32 432.79 0.0 734.46 5954.88 0.0 2905
143.34 -499.9 -1056.12 702.39 0.0 15259.0 0.0 77.94 433.04 0.0 647.61 5964.95 0.0 2905
143.35 -499.48 -1053.73 701.94 0.0 15259.0 0.0 75.88 433.42 0.0 647.61 5964.95 0.0 2905
143.38 -499.07 -1051.35 701.48 0.0 15642.0 0.0 73.96 433.75 0.0 647.61 5964.95 0.0 2905
143.39 -497.01 -1037.46 698.82 0.0 15675.0 0.0 64.68 435.22 0.0 427.62 5984.74 0.0 2905
143.39 -496.67 -1035.07 698.36 0.0 15675.0 0.0 62.43 435.55 0.0 409.25 5986.03 0.0 2905
143.4 -496.33 -1032.67 697.9 0.0 15675.0 0.0 60.24 435.86 0.0 409.25 5986.03 0.0 2905
143.4 -496.08 -1030.75 697.53 0.0 15790.0 0.0 58.6 436.07 0.0 409.25 5986.03 0.0 2905
143.41 -495.76 -1028.35 697.07 0.0 15905.0 0.0 56.67 436.35 0.0 342.66 5990.21 0.0 2905
143.41 -495.46 -1025.95 696.61 0.0 15905.0 0.0 54.54 436.61 0.0 276.02 5993.65 0.0 2905
143.42 -495.23 -1024.03 696.25 0.0 15905.0 0.0 52.68 436.85 0.0 276.02 5993.65 0.0 2905
143.42 -494.95 -1021.63 695.78 0.0 15981.0 0.0 50.48 437.09 0.0 276.02 5993.65 0.0 2905
143.43 -494.74 -1019.7 695.42 0.0 16076.0 0.0 48.84 437.28 0.0 232.34 5995.5 0.0 2905
143.45 -494.48 -1017.3 694.96 0.0 16076.0 0.0 46.69 437.51 0.0 177.15 5997.38 0.0 2905
143.46 -493.48 -1005.24 692.64 0.0 16076.0 0.0 36.31 438.5 0.0 177.15 5997.38 0.0 2905
143.46 -493.29 -1002.82 692.18 0.0 16076.0 0.0 34.73 438.63 0.0 177.15 5997.38 0.0 2905
143.47 -493.15 -1000.89 691.81 0.0 16114.0 0.0 33.55 438.72 0.0 177.15 5997.38 0.0 2905
143.48 -492.97 -998.48 691.35 0.0 16152.0 0.0 32.15 438.82 0.0 156.45 5997.96 0.0 2905
143.48 -492.8 -996.07 690.89 0.0 16152.0 0.0 30.75 438.92 0.0 133.45 5998.52 0.0 2905
143.49 -492.64 -993.65 690.43 0.0 16152.0 0.0 29.33 439.02 0.0 133.45 5998.52 0.0 2905
143.49 -492.51 -991.72 690.06 0.0 16152.0 0.0 28.26 439.09 0.0 133.45 5998.52 0.0 2905
143.5 -492.37 -989.3 689.59 0.0 16152.0 0.0 27.01 439.16 0.0 133.45 5998.52 0.0 2905
143.5 -492.22 -986.89 689.13 0.0 16152.0 0.0 25.85 439.24 0.0 133.45 5998.52 0.0 2905
143.53 -492.11 -984.96 688.76 0.0 16190.0 0.0 24.97 439.29 0.0 133.45 5998.52 0.0 2905
143.53 -491.56 -972.87 686.44 0.0 16197.0 0.0 20.29 439.53 0.0 112.74 5998.94 0.0 2905
143.54 -491.45 -970.45 685.98 0.0 16197.0 0.0 19.47 439.56 0.0 108.14 5999.03 0.0 2905
143.54 -491.37 -968.52 685.61 0.0 16197.0 0.0 18.84 439.59 0.0 108.14 5999.03 0.0 2905
143.79 -491.27 -966.1 685.15 0.0 16197.0 0.0 18.1 439.63 0.0 108.14 5999.03 0.0 2905
