267.66 1753.74 -2844.63 672.11 0.0 56325.0 0.0 3068
267.7 1753.74 -2844.63 672.07 0.0 13846.0 0.0 3068
267.74 1753.74 -2844.63 672.11 0.0 16533.0 0.0 3068
267.79 1752.72 -2843.35 674.11 0.0 23390.0 0.0 3068
267.83 1748.17 -2837.78 675.05 0.0 23768.0 0.0 3068
267.87 1741.49 -2830.07 676.78 0.0 24080.0 0.0 3068
267.91 1732.3 -2819.88 678.41 0.0 24271.0 5.0 3068
267.95 1721.88 -2808.72 680.13 0.0 24985.0 3.0 3068
267.99 1708.4 -2795.45 682.34 0.0 25368.0 13.0 3068
268.02 1695.48 -2784.37 684.79 0.0 26519.0 74.0 3068
268.06 1682.46 -2775.03 687.31 0.0 27498.0 92.0 3068
268.1 1667.65 -2765.76 688.88 0.0 27728.0 97.0 3068
268.15 1647.91 -2754.42 689.59 0.0 28160.0 69.0 3068
268.19 1627.31 -2744.61 691.76 0.0 28727.0 55.0 3059
268.23 1614.3 -2738.7 692.37 0.0 28842.0 43.0 3059
268.28 1593.81 -2730.55 694.5 0.0 29019.0 37.0 3059
268.33 1573.07 -2722.44 696.13 0.0 29019.0 20.0 3059
268.38 1553.18 -2714.82 698.03 0.0 29057.0 0.0 3059
268.42 1534.15 -2707.66 700.02 0.0 29057.0 0.0 3059
268.47 1514.64 -2700.4 702.03 0.0 29172.0 0.0 2986
268.52 1495.0 -2693.52 704.04 0.0 29555.0 24.0 2986
268.55 1481.41 -2689.13 704.9 0.0 30053.0 33.0 2986
268.6 1459.44 -2683.04 710.36 0.0 30596.0 56.0 2986
268.64 1443.81 -2679.57 714.63 0.0 31017.0 46.0 2986
268.69 1420.55 -2675.53 718.55 0.0 31525.0 61.0 2986
268.73 1405.23 -2673.58 721.94 0.0 31792.0 43.0 2986
268.77 1389.83 -2671.94 724.43 0.0 31830.0 32.0 2986
268.81 1373.21 -2670.32 726.71 0.0 31830.0 21.0 2986
268.85 1350.68 -2668.18 729.15 0.0 31830.0 0.0 2984
268.9 1328.33 -2666.14 731.7 0.0 31754.0 0.0 2984
268.95 1307.52 -2664.13 735.57 0.0 31525.0 0.0 2984
269.0 1286.93 -2661.76 740.59 0.0 31338.0 65517.0 2984
269.04 1268.48 -2659.13 746.71 0.0 31300.0 65524.0 2984
269.09 1249.24 -2656.23 754.18 0.0 31186.0 0.0 2984
269.13 1228.7 -2653.42 757.64 0.0 31071.0 65522.0 2984
269.18 1207.96 -2650.04 760.9 0.0 30257.0 65505.0 2984
269.22 1189.17 -2645.98 763.81 0.0 29355.0 65486.0 2984
269.27 1169.97 -2640.21 766.54 0.0 28588.0 65468.0 2985
269.32 1149.92 -2632.6 769.18 0.0 27947.0 65463.0 2985
269.36 1131.99 -2624.4 771.37 0.0 27833.0 65477.0 2985
269.41 1114.55 -2615.06 773.56 0.0 27783.0 65503.0 2985
269.45 1096.81 -2606.16 773.34 0.0 27783.0 65515.0 2985
269.5 1079.99 -2597.59 773.12 0.0 27783.0 0.0 2985
269.54 1061.9 -2588.31 772.63 0.0 27936.0 0.0 2985
269.59 1044.92 -2580.07 772.14 0.0 28457.0 14.0 2985
269.63 1028.05 -2572.73 771.66 0.0 28991.0 30.0 2985
269.67 1010.45 -2565.86 771.18 0.0 29308.0 34.0 2985
269.71 991.76 -2559.15 770.55 0.0 29419.0 28.0 3114
269.76 971.63 -2552.18 769.81 0.0 29419.0 15.0 3114
269.81 954.21 -2546.29 769.08 0.0 29495.0 11.0 3114
269.85 935.83 -2540.22 766.76 0.0 29571.0 0.0 3114
269.89 917.39 -2534.3 762.81 0.0 29647.0 0.0 3114
269.94 898.91 -2528.52 758.04 0.0 29905.0 0.0 3114
269.98 880.32 -2523.11 753.09 0.0 30317.0 22.0 3114
270.02 862.29 -2518.39 748.13 0.0 30039.0 17.0 3114
270.07 844.15 -2513.59 743.16 0.0 30039.0 0.0 3114
270.11 825.27 -2508.57 738.13 0.0 30039.0 0.0 3109
270.15 807.18 -2503.74 733.12 0.0 30039.0 0.0 3109
270.2 789.01 -2498.88 728.82 0.0 30039.0 0.0 3109
270.24 771.52 -2494.2 725.81 0.0 30039.0 0.0 3109
270.28 753.89 -2489.48 723.43 0.0 30039.0 0.0 3109
270.32 736.89 -2484.92 721.39 0.0 30039.0 0.0 3109
270.36 718.96 -2480.12 717.62 0.0 30039.0 0.0 3105
270.4 702.13 -2475.6 715.91 0.0 30001.0 0.0 3105
270.45 682.95 -2470.51 713.88 0.0 30192.0 0.0 3105
270.49 666.51 -2466.4 711.91 0.0 30307.0 0.0 3105
270.53 648.16 -2461.98 709.45 0.0 30460.0 11.0 3105
270.57 633.07 -2458.5 708.61 0.0 30460.0 0.0 3105
270.61 615.61 -2454.51 708.4 0.0 30536.0 0.0 3105
270.65 599.55 -2450.94 707.82 0.0 30536.0 0.0 3105
270.68 583.0 -2447.3 707.53 0.0 30536.0 0.0 3105
270.72 565.51 -2443.46 707.03 0.0 30536.0 0.0 3105
270.76 548.49 -2439.74 706.63 0.0 30536.0 0.0 3105
270.8 529.57 -2435.62 706.2 0.0 30536.0 0.0 3105
270.85 510.66 -2431.5 705.49 0.0 30536.0 0.0 3105
270.89 492.21 -2427.49 704.74 0.0 30536.0 0.0 3105
270.93 473.77 -2423.48 704.0 0.0 30536.0 0.0 3107
270.98 454.38 -2419.26 703.23 0.0 30536.0 0.0 3107
271.02 436.4 -2415.36 702.48 0.0 30536.0 0.0 3107
271.06 417.01 -2411.14 701.66 0.0 30536.0 0.0 3107
271.11 399.05 -2407.21 701.46 0.0 30460.0 0.0 3107
271.15 380.63 -2403.07 701.19 0.0 30345.0 0.0 3107
271.2 360.38 -2398.25 700.19 0.0 30193.0 65522.0 3107
271.24 343.02 -2393.85 699.39 0.0 30002.0 65519.0 3107
271.28 322.93 -2388.4 698.56 0.0 29772.0 65515.0 3107
271.33 305.77 -2383.27 696.65 0.0 29466.0 65508.0 3107
271.37 286.9 -2377.09 693.64 0.0 29122.0 65504.0 3107
271.42 267.83 -2370.04 690.58 0.0 28547.0 65489.0 3107
271.46 249.59 -2362.17 687.56 0.0 27933.0 65480.0 3107
271.51 231.77 -2353.38 684.5 0.0 27474.0 65477.0 3107
271.55 212.06 -2354.14 682.76 0.0 27283.0 65423.0 3107
271.59 192.89 -2348.71 679.69 0.0 27283.0 65423.0 3107
271.64 174.92 -2342.12 676.33 0.0 27283.0 65453.0 3112
271.68 157.07 -2335.2 670.22 0.0 27283.0 65451.0 3112
271.73 140.0 -2328.35 664.58 0.0 27283.0 65462.0 3112
271.77 122.38 -2321.43 657.42 0.0 27283.0 65461.0 3112
271.81 104.14 -2316.11 661.29 0.0 27283.0 65429.0 3112
271.86 86.33 -2307.16 662.18 0.0 27283.0 65451.0 3112
271.9 70.12 -2298.41 661.03 0.0 27283.0 65491.0 3112
271.94 53.61 -2289.24 660.22 0.0 27283.0 65510.0 3112
271.99 36.33 -2279.46 659.58 0.0 27283.0 65521.0 3112
272.03 18.69 -2269.36 659.78 0.0 27283.0 0.0 3121
272.07 3.18 -2260.41 660.12 0.0 27283.0 0.0 3121
272.12 -14.0 -2250.48 660.12 0.0 27283.0 0.0 3121
272.16 -30.68 -2240.66 660.12 0.0 27016.0 65520.0 3121
272.21 -47.04 -2230.3 660.12 0.0 26441.0 65495.0 3121
272.25 -62.85 -2219.08 663.54 0.0 25713.0 65480.0 3121
272.29 -78.72 -2206.33 667.23 0.0 25023.0 65464.0 3121
272.34 -93.48 -2193.02 670.71 0.0 24563.0 65471.0 3121
272.38 -107.76 -2179.21 674.13 0.0 24449.0 65494.0 3121
272.43 -121.83 -2165.21 674.41 0.0 24449.0 65512.0 3121
272.47 -134.44 -2152.49 674.41 0.0 24449.0 65523.0 3121
272.52 -148.37 -2138.36 674.7 0.0 24449.0 0.0 3121
272.56 -161.26 -2125.23 676.63 0.0 24449.0 0.0 3121
272.6 -175.14 -2111.05 677.82 0.0 24449.0 0.0 3121
272.65 -188.0 -2097.9 677.82 0.0 24449.0 0.0 3121
272.69 -201.19 -2084.4 677.82 0.0 24449.0 0.0 3121
272.73 -214.37 -2070.89 677.82 0.0 24449.0 0.0 3121
272.78 -227.56 -2057.38 675.4 0.0 24449.0 0.0 3121
272.82 -240.88 -2043.01 673.07 0.0 23220.0 65500.0 3121
272.86 -253.63 -2027.3 669.53 0.0 22376.0 65480.0 3121
272.91 -264.64 -2011.4 666.04 0.0 21609.0 65468.0 2910
272.95 -273.91 -1994.3 667.95 0.0 20881.0 65467.0 2910
273.0 -282.55 -1977.77 670.53 0.0 20306.0 65470.0 2910
273.04 -290.41 -1959.9 674.19 0.0 20039.0 65478.0 2910
273.08 -297.45 -1940.59 677.85 0.0 20039.0 65500.0 2910
273.13 -304.51 -1922.04 678.15 0.0 20039.0 65516.0 2910
273.17 -311.46 -1903.45 678.45 0.0 20039.0 65523.0 2910
273.22 -318.42 -1884.86 678.76 0.0 20499.0 0.0 2910
273.26 -325.77 -1867.47 678.76 0.0 21420.0 32.0 2910
273.31 -335.22 -1849.43 679.02 0.0 22641.0 99.0 2910
273.35 -345.0 -1834.35 679.64 0.0 23523.0 77.0 2910
273.39 -355.3 -1820.82 680.26 0.0 24136.0 72.0 2910
273.43 -366.29 -1807.87 680.79 0.0 24557.0 54.0 2912
273.47 -379.45 -1793.63 681.13 0.0 25365.0 57.0 2912
273.51 -391.58 -1782.43 681.71 0.0 25864.0 76.0 2912
273.55 -405.13 -1771.41 682.0 0.0 26938.0 64.0 2912
273.59 -418.93 -1762.31 682.0 0.0 28313.0 75.0 2912
273.63 -433.99 -1754.36 682.26 0.0 28927.0 101.0 2912
273.67 -449.69 -1747.78 682.26 0.0 30368.0 112.0 2912
273.71 -471.43 -1740.8 682.26 0.0 30444.0 67.0 2912
273.76 -491.58 -1735.45 682.01 0.0 30444.0 43.0 2908
273.8 -510.41 -1736.74 681.53 0.0 30444.0 90.0 2908
273.85 -528.29 -1743.61 680.64 0.0 30253.0 90.0 2908
273.89 -545.65 -1751.56 679.69 0.0 29376.0 67.0 2908
273.93 -562.97 -1759.12 678.67 0.0 28417.0 12.0 2908
273.98 -582.45 -1766.46 678.46 0.0 27612.0 65519.0 2908
274.02 -603.54 -1764.08 678.74 0.0 27114.0 65434.0 2908
274.07 -622.8 -1756.72 679.23 0.0 26655.0 65434.0 2908
274.11 -640.8 -1746.79 679.79 0.0 25926.0 65445.0 2903
274.16 -657.56 -1735.14 680.71 0.0 25082.0 65434.0 2903
274.2 -669.09 -1725.24 681.95 0.0 24239.0 65452.0 2903
274.23 -679.23 -1713.53 684.73 0.0 23625.0 65445.0 2903
274.27 -690.2 -1701.15 686.19 0.0 21706.0 65439.0 2903
274.31 -700.4 -1685.66 687.62 0.0 19480.0 65434.0 2903
274.35 -707.1 -1669.29 688.89 0.0 18405.0 65434.0 2903
274.39 -711.58 -1650.18 690.0 0.0 16558.0 65423.0 2903
274.43 -713.06 -1630.63 690.86 0.0 15484.0 65423.0 2903
274.48 -712.5 -1612.57 691.49 0.0 14986.0 65423.0 2903
274.52 -710.63 -1591.28 691.74 0.0 14528.0 65454.0 2903
274.57 -707.87 -1572.55 692.06 0.0 13754.0 65469.0 2903
274.61 -703.85 -1554.55 692.36 0.0 12597.0 65452.0 2903
274.65 -697.96 -1536.52 693.07 0.0 12060.0 65434.0 2903
274.69 -690.88 -1519.98 693.59 0.0 11063.0 65428.0 2903
274.74 -682.34 -1503.61 693.59 0.0 10488.0 65445.0 2903
274.78 -667.4 -1491.87 693.4 0.0 10488.0 65434.0 2903
274.82 -649.24 -1483.62 692.66 0.0 10488.0 65434.0 2907
274.86 -630.49 -1477.67 691.43 0.0 10488.0 65442.0 2907
274.91 -610.83 -1474.06 689.27 0.0 10488.0 65479.0 2907
274.95 -592.53 -1469.34 691.26 0.0 10526.0 65506.0 2907
274.99 -575.17 -1464.9 693.17 0.0 10777.0 65528.0 2907
275.03 -556.46 -1459.95 695.14 0.0 10968.0 0.0 2907
275.08 -538.26 -1454.92 697.11 0.0 11120.0 0.0 2907
275.12 -522.87 -1443.04 699.13 0.0 11272.0 112.0 2907
275.16 -510.89 -1427.65 701.19 0.0 11348.0 112.0 2907
275.2 -500.49 -1411.61 703.19 0.0 11539.0 112.0 2907
275.25 -490.66 -1394.26 705.17 0.0 11845.0 91.0 2907
275.29 -481.97 -1376.9 707.08 0.0 12113.0 57.0 2907
275.34 -474.08 -1359.19 708.95 0.0 12611.0 60.0 2907
275.38 -467.13 -1341.08 710.77 0.0 13263.0 66.0 2907
275.42 -461.63 -1323.49 712.48 0.0 14242.0 88.0 2907
275.47 -456.86 -1303.18 714.19 0.0 14903.0 83.0 2907
275.51 -453.77 -1284.51 715.77 0.0 15170.0 60.0 2907
275.56 -451.13 -1265.31 717.28 0.0 15322.0 41.0 2907
275.6 -448.86 -1245.1 717.53 0.0 15552.0 34.0 2907
275.65 -447.23 -1225.31 717.53 0.0 15896.0 36.0 2907
275.69 -446.29 -1204.51 717.53 0.0 16356.0 46.0 2907
275.74 -446.14 -1186.1 717.26 0.0 16624.0 36.0 2907
275.78 -446.39 -1165.77 716.85 0.0 16738.0 28.0 2907
275.83 -446.84 -1146.89 716.43 0.0 16738.0 14.0 2907
275.87 -447.41 -1126.57 715.25 0.0 16738.0 0.0 2907
275.92 -447.98 -1106.74 712.93 0.0 16738.0 0.0 2907
275.96 -449.16 -1087.24 707.85 0.0 16738.0 112.0 2905
276.01 -451.71 -1066.68 703.02 0.0 16738.0 112.0 2905
276.05 -455.14 -1046.74 696.31 0.0 16738.0 123.0 2905
276.1 -452.41 -1026.9 690.07 0.0 16738.0 112.0 2905
276.14 -449.86 -1006.01 681.98 0.0 16738.0 65473.0 2905
276.19 -446.6 -984.63 671.85 0.0 16738.0 65412.0 2905
276.24 -443.99 -964.66 660.25 0.0 16607.0 87.0 2905
276.28 -441.69 -944.19 646.32 0.0 16531.0 77.0 2905
276.33 -438.26 -926.71 644.16 0.0 16531.0 65.0 2905
276.37 -437.99 -905.97 646.69 0.0 16531.0 56.0 2905
276.42 -438.12 -885.66 649.61 0.0 16531.0 28.0 2905
276.46 -438.4 -865.57 652.82 0.0 16531.0 15.0 2905
276.51 -438.72 -844.88 655.06 0.0 16531.0 0.0 2905
276.55 -439.38 -824.19 658.08 0.0 16990.0 13.0 2905
276.6 -440.4 -804.85 658.83 0.0 17930.0 38.0 2905
276.64 -442.77 -786.09 658.83 0.0 18667.0 63.0 2905
276.69 -446.51 -766.07 658.83 0.0 18743.0 51.0 2905
276.73 -450.57 -746.63 655.44 0.0 18743.0 32.0 2905
276.78 -454.72 -728.21 651.65 0.0 18934.0 25.0 2905
276.82 -459.98 -709.56 647.74 0.0 19955.0 67.0 3046
276.86 -466.19 -691.97 645.75 0.0 21260.0 98.0 3046
276.91 -473.76 -676.33 642.76 0.0 22718.0 101.0 3046
276.94 -482.48 -662.59 639.27 0.0 23715.0 90.0 3046
276.98 -492.11 -649.85 635.52 0.0 24290.0 84.0 3046
277.03 -505.94 -633.6 631.3 0.0 24443.0 55.0 3046
277.07 -520.43 -617.91 626.78 0.0 24443.0 35.0 3046
277.12 -533.87 -603.91 621.69 0.0 24443.0 17.0 3046
277.16 -547.87 -589.48 616.18 0.0 24443.0 11.0 3046
277.21 -561.32 -575.71 610.68 0.0 24443.0 0.0 3046
277.25 -574.81 -561.89 605.54 0.0 24443.0 0.0 3046
277.29 -588.32 -548.06 600.59 0.0 24443.0 0.0 3046
277.34 -601.4 -534.81 595.79 0.0 24711.0 10.0 3046
277.38 -615.56 -521.43 591.01 0.0 25665.0 44.0 3046
277.42 -629.44 -509.99 585.84 0.0 26470.0 55.0 3046
277.46 -644.1 -499.18 580.42 0.0 26623.0 38.0 3046
277.51 -660.31 -487.87 574.78 0.0 26623.0 24.0 3046
277.55 -676.55 -476.95 569.03 0.0 26852.0 25.0 3046
277.59 -691.78 -467.33 563.4 0.0 27729.0 31.0 3046
277.64 -707.81 -458.63 557.89 0.0 28852.0 52.0 3046
277.68 -724.05 -451.73 552.83 0.0 29994.0 62.0 3046
277.72 -740.97 -446.12 548.07 0.0 30377.0 54.0 3113
277.76 -757.58 -441.68 543.41 0.0 30606.0 43.0 3113
277.8 -776.04 -444.52 539.04 0.0 30606.0 90.0 3113
277.84 -792.15 -450.78 535.39 0.0 30606.0 78.0 3113
277.88 -808.87 -459.35 532.37 0.0 30606.0 87.0 3113
277.92 -823.51 -467.99 529.95 0.0 30606.0 44.0 3113
277.95 -837.32 -476.62 527.99 0.0 30606.0 26.0 3113
277.99 -854.62 -464.94 524.98 0.0 30606.0 70.0 3113
278.03 -870.73 -457.71 521.6 0.0 30491.0 43.0 3113
278.07 -886.34 -452.36 518.13 0.0 29878.0 8.0 3113
278.11 -903.36 -446.69 514.51 0.0 28813.0 65515.0 3113
278.15 -918.42 -440.55 510.88 0.0 27154.0 65484.0 3113
278.19 -934.28 -432.32 507.07 0.0 26214.0 65445.0 3113
278.22 -947.67 -423.06 503.22 0.0 24295.0 65457.0 3113
278.26 -959.91 -412.01 499.25 0.0 22667.0 65457.0 3113
278.3 -971.71 -398.35 491.88 0.0 21996.0 65445.0 3113
278.34 -981.54 -384.33 483.03 0.0 21554.0 65457.0 3113
278.38 -990.49 -369.77 475.93 0.0 21554.0 65486.0 3113
278.41 -998.83 -355.5 469.34 0.0 21554.0 0.0 3113
278.45 -1008.2 -340.06 464.03 0.0 21554.0 65509.0 3113
278.49 -1017.52 -324.83 458.61 0.0 21554.0 65511.0 3113
278.53 -1026.4 -310.49 451.27 0.0 21554.0 90.0 3113
278.57 -1037.04 -295.79 444.19 0.0 21554.0 78.0 3113
278.61 -1047.95 -281.9 435.75 0.0 21554.0 78.0 3113
278.65 -1059.98 -267.66 425.26 0.0 21554.0 90.0 3113
278.69 -1071.53 -254.96 414.05 0.0 21554.0 78.0 3113
278.73 -1083.81 -242.26 401.1 0.0 21554.0 78.0 3113
278.77 -1097.16 -229.26 385.85 0.0 21554.0 78.0 3126
278.81 -1109.1 -218.33 371.15 0.0 21554.0 78.0 3126
278.85 -1123.34 -207.04 353.3 0.0 21554.0 78.0 3126
278.89 -1137.61 -195.06 333.34 0.0 21554.0 0.0 3126
278.93 -1150.76 -184.03 313.4 0.0 21554.0 0.0 3126
278.97 -1155.08 -172.68 296.16 0.0 21554.0 0.0 3126
279.01 -1151.48 -161.06 281.61 0.0 21554.0 65457.0 3126
279.05 -1145.28 -148.71 266.11 0.0 21554.0 65445.0 3126
279.09 -1138.1 -135.81 249.12 0.0 21784.0 65457.0 3126
279.13 -1130.41 -123.07 231.66 0.0 22628.0 65457.0 3126
279.17 -1120.73 -107.71 210.13 0.0 23770.0 65445.0 3126
279.21 -1111.73 -93.9 190.39 0.0 24997.0 65457.0 3126
279.25 -1101.73 -78.62 166.9 0.0 26067.0 65533.0 3022
279.29 -1091.53 -63.12 141.15 0.0 26219.0 65534.0 3022
279.33 -1082.11 -48.86 115.87 0.0 26219.0 65534.0 3022
279.37 -1072.7 -34.01 88.45 0.0 26564.0 5.0 3022
279.4 -1064.77 -19.4 61.15 0.0 27130.0 4.0 3015
279.45 -1056.86 -2.04 28.32 0.0 27426.0 19.0 3015
279.48 -1051.22 13.1 -0.98 0.0 27832.0 26.0 3015
279.52 -1046.15 29.47 -33.33 0.0 28164.0 38.0 3015
279.56 -1041.64 48.02 -70.96 0.0 28414.0 60.0 3015
279.6 -1038.75 64.92 -106.33 0.0 28662.0 66.0 3015
279.64 -1036.61 84.39 -148.34 0.0 28805.0 78.0 3015
279.68 -1035.68 97.5 -154.82 0.0 28914.0 78.0 3015
279.73 -1042.93 116.75 -153.51 0.0 28985.0 90.0 3015
279.77 -1056.99 131.23 -151.94 0.0 29099.0 90.0 3149
279.81 -1073.68 141.83 -150.38 0.0 29390.0 90.0 3149
279.85 -1091.23 149.95 -148.96 0.0 29460.0 90.0 3149
279.89 -1109.15 155.29 -146.66 0.0 29607.0 59.0 3149
279.94 -1126.97 161.63 -145.81 0.0 29943.0 43.0 3149
279.98 -1144.6 166.97 -145.55 0.0 30246.0 43.0 3149
280.02 -1163.32 171.98 -146.28 0.0 30399.0 30.0 3149
280.06 -1180.73 176.23 -146.82 0.0 30590.0 25.0 3149
280.1 -1198.69 180.23 -147.27 0.0 30737.0 20.0 3149
280.15 -1215.76 183.72 -147.21 0.0 31031.0 18.0 3149
280.18 -1232.42 186.79 -146.82 0.0 31031.0 12.0 3149
280.23 -1250.53 190.02 -146.17 0.0 31031.0 0.0 3149
280.27 -1268.19 192.98 -146.17 0.0 31174.0 8.0 3149
280.31 -1285.89 195.73 -145.89 0.0 31477.0 13.0 3149
280.35 -1302.69 197.95 -146.48 0.0 31629.0 15.0 3149
280.39 -1320.95 200.14 -148.57 0.0 31740.0 13.0 3149
280.43 -1337.8 201.95 -150.63 0.0 31775.0 10.0 3149
280.47 -1355.13 203.73 -152.71 0.0 31775.0 0.0 3149
280.51 -1372.47 205.46 -154.81 0.0 31775.0 0.0 3149
280.55 -1390.77 207.26 -156.97 0.0 31775.0 0.0 3149
280.59 -1408.6 208.99 -159.14 0.0 31775.0 0.0 3149
280.63 -1427.38 210.81 -161.32 0.0 31775.0 0.0 3150
280.67 -1443.76 212.38 -161.82 0.0 31775.0 0.0 3150
280.71 -1461.11 214.05 -162.77 0.0 31775.0 0.0 3150
280.75 -1477.49 215.62 -163.39 0.0 31775.0 0.0 3150
280.79 -1495.32 217.33 -164.35 0.0 31775.0 0.0 3150
280.83 -1512.66 218.99 -165.0 0.0 31775.0 0.0 3148
280.86 -1529.04 220.56 -165.94 0.0 31775.0 0.0 3148
280.9 -1546.87 222.28 -166.54 0.0 31623.0 0.0 3148
280.94 -1563.23 224.06 -167.11 0.0 31553.0 0.0 3148
280.98 -1579.1 225.86 -167.6 0.0 31388.0 0.0 3148
281.02 -1601.19 228.6 -168.43 0.0 31388.0 0.0 3148
281.07 -1615.22 230.4 -169.22 0.0 31388.0 65531.0 3148
281.11 -1619.79 230.96 -169.35 0.0 31388.0 0.0 3148
281.16 -1620.67 231.07 -169.53 0.0 31388.0 0.0 3148
281.2 -1618.63 230.82 -169.92 0.0 31388.0 0.0 3148
281.24 -1618.82 230.84 -169.92 0.0 31924.0 0.0 3148
281.28 -1618.45 230.8 -171.92 0.0 35619.0 0.0 3148
281.33 -1615.46 231.9 -169.92 0.0 3645.0 0.0 3148
281.38 -1606.2 235.24 -169.17 0.0 3493.0 0.0 3148
281.42 -1593.2 239.58 -167.38 0.0 3024.0 65535.0 3148
281.47 -1576.43 244.71 -166.09 0.0 2564.0 65529.0 3148
281.52 -1554.45 250.62 -163.82 0.0 2143.0 65523.0 3148
281.57 -1532.18 255.47 -160.98 0.0 1502.0 65495.0 3148
281.61 -1510.36 258.77 -158.02 0.0 921.0 65467.0 3148
281.66 -1488.77 260.97 -155.18 0.0 542.0 65488.0 3150
281.7 -1473.81 261.9 -152.78 0.0 466.0 65494.0 3150
281.74 -1458.58 262.58 -150.7 0.0 160.0 65504.0 3150
281.78 -1442.34 262.46 -146.98 0.0 65171.0 65489.0 3150
281.82 -1425.39 262.22 -145.52 0.0 64980.0 65485.0 3150
281.85 -1409.42 261.51 -144.31 0.0 64604.0 65481.0 3149
281.89 -1391.07 260.18 -143.37 0.0 64375.0 65494.0 3149
281.93 -1373.71 258.53 -142.84 0.0 64239.0 65502.0 3149
281.97 -1357.36 256.66 -141.97 0.0 64086.0 65502.0 3149
282.01 -1340.55 254.54 -141.62 0.0 64010.0 65515.0 3149
282.05 -1322.8 252.11 -141.01 0.0 64010.0 65520.0 3149
282.09 -1307.47 249.94 -140.75 0.0 64010.0 0.0 3149
282.13 -1289.26 247.33 -139.61 0.0 64010.0 0.0 3149
282.16 -1272.02 244.83 -136.49 0.0 64010.0 0.0 3149
282.2 -1255.74 242.44 -135.79 0.0 64010.0 0.0 3149
282.24 -1241.33 231.83 -137.35 0.0 64010.0 65400.0 3149
282.28 -1228.74 221.35 -139.42 0.0 64010.0 65412.0 3149
282.32 -1217.42 209.27 -141.8 0.0 64010.0 65418.0 3149
282.36 -1205.88 195.42 -143.48 0.0 64010.0 65462.0 3149
282.39 -1196.57 182.16 -146.12 0.0 64010.0 65496.0 3149
282.43 -1185.24 167.67 -147.14 0.0 64010.0 65510.0 3149
282.47 -1175.27 154.57 -147.81 0.0 63934.0 65518.0 3149
282.51 -1165.81 141.7 -147.81 0.0 63743.0 65518.0 3149
282.55 -1155.57 127.59 -147.81 0.0 63896.0 0.0 3149
282.6 -1141.72 108.64 -148.31 0.0 63858.0 0.0 3149
282.64 -1127.97 89.62 -150.69 0.0 63858.0 0.0 3149
282.68 -1119.74 78.24 -151.5 0.0 63858.0 0.0 3149
282.73 -1103.44 60.99 -153.17 0.0 63858.0 135.0 3149
282.78 -1083.61 51.94 -153.47 0.0 63858.0 123.0 3149
282.83 -1062.43 46.36 -153.86 0.0 63820.0 123.0 3015
282.88 -1040.28 43.71 -154.76 0.0 63579.0 70.0 3015
282.91 -1026.59 40.59 -154.76 0.0 63426.0 32.0 3015
282.96 -1003.49 35.17 -154.78 0.0 62753.0 65518.0 3015
283.01 -983.06 29.14 -154.8 0.0 62044.0 65497.0 3015
283.05 -969.7 24.83 -154.81 0.0 61968.0 65502.0 3015
283.09 -948.22 17.29 -155.2 0.0 61968.0 65517.0 3015
283.14 -927.66 10.1 -155.77 0.0 62006.0 0.0 3015
283.19 -907.54 3.13 -156.53 0.0 62389.0 0.0 3015
283.24 -888.92 -2.24 -157.29 0.0 63273.0 31.0 3015
283.29 -867.02 -6.5 -158.32 0.0 64534.0 97.0 3015
283.33 -849.56 -7.97 -159.06 0.0 72.0 90.0 3015
283.37 -831.09 -8.06 -159.69 0.0 992.0 103.0 3015
283.42 -811.22 -6.43 -160.4 0.0 2028.0 96.0 3015
283.46 -792.09 -2.87 -159.61 0.0 3102.0 112.0 3015
283.5 -773.37 2.45 -158.52 0.0 3946.0 104.0 3015
283.55 -755.14 9.18 -157.57 0.0 4521.0 87.0 3015
283.59 -736.39 17.16 -156.56 0.0 4775.0 62.0 3015
283.64 -719.24 25.1 -155.57 0.0 4775.0 35.0 3015
283.68 -698.68 25.03 -155.21 0.0 4775.0 65423.0 3015
283.73 -679.93 21.33 -154.61 0.0 4775.0 65423.0 3015
283.77 -661.57 14.58 -153.26 0.0 5081.0 65474.0 3015
283.81 -644.21 10.09 -152.56 0.0 5626.0 65525.0 3015
283.85 -625.32 5.85 -152.23 0.0 6419.0 21.0 3015
283.9 -607.19 7.11 -152.23 0.0 7071.0 101.0 3015
283.93 -592.48 14.26 -152.23 0.0 7454.0 101.0 3015
283.97 -577.7 23.22 -151.96 0.0 7530.0 101.0 2899
284.01 -563.83 33.18 -151.64 0.0 7721.0 101.0 2899
284.05 -551.32 43.22 -151.33 0.0 7840.0 65.0 2899
284.09 -537.3 55.17 -150.79 0.0 7916.0 49.0 2899
284.13 -525.04 66.17 -150.5 0.0 7992.0 30.0 2899
284.17 -507.62 82.26 -149.91 0.0 8068.0 22.0 2899
284.21 -497.85 91.66 -149.6 0.0 8068.0 14.0 2899
284.25 -485.72 103.48 -149.27 0.0 8233.0 15.0 2899
284.29 -474.38 114.73 -148.63 0.0 8309.0 11.0 2899
284.32 -462.77 126.4 -148.31 0.0 8309.0 0.0 2899
284.36 -450.57 138.84 -147.0 0.0 8385.0 0.0 2899
284.4 -438.76 150.98 -145.67 0.0 8385.0 0.0 2899
284.44 -426.97 163.15 -144.34 0.0 8385.0 0.0 2899
284.48 -414.52 176.02 -142.96 0.0 8385.0 0.0 2899
284.52 -403.08 187.85 -141.41 0.0 8385.0 0.0 2899
284.56 -390.65 200.74 -139.79 0.0 8385.0 0.0 2899
284.6 -379.22 212.58 -138.23 0.0 8385.0 0.0 2899
284.64 -366.79 225.48 -136.61 0.0 8385.0 0.0 2900
284.67 -355.37 237.32 -135.04 0.0 8385.0 0.0 2900
284.71 -342.94 250.22 -133.43 0.0 8385.0 0.0 2900
284.75 -331.52 262.06 -131.86 0.0 8385.0 0.0 2900
284.79 -319.09 274.96 -130.26 0.0 8385.0 0.0 2900
284.83 -307.0 286.95 -125.45 0.0 8385.0 0.0 2900
284.87 -295.41 297.45 -119.26 0.0 8385.0 0.0 2900
284.91 -283.24 309.21 -112.28 0.0 8385.0 0.0 2900
284.95 -270.94 321.9 -106.04 0.0 8385.0 0.0 2900
284.99 -258.73 334.44 -99.53 0.0 8385.0 0.0 2900
285.03 -246.07 347.42 -92.78 0.0 8385.0 0.0 2900
285.07 -234.04 359.93 -86.31 0.0 8385.0 0.0 2900
285.11 -222.49 372.01 -80.04 0.0 8385.0 0.0 2900
285.14 -211.35 383.71 -73.98 0.0 8385.0 0.0 2900
285.18 -199.07 395.87 -66.77 0.0 8385.0 0.0 2900
285.22 -187.39 407.82 -59.8 0.0 8385.0 0.0 2900
285.26 -174.66 420.73 -52.22 0.0 8385.0 0.0 2900
285.3 -162.73 435.14 -48.12 0.0 8385.0 0.0 2900
285.34 -150.73 448.61 -44.81 0.0 8385.0 0.0 2900
285.38 -138.18 462.15 -41.85 0.0 8385.0 0.0 2900
285.42 -125.69 475.36 -39.07 0.0 8385.0 0.0 2900
285.46 -113.23 488.41 -36.37 0.0 8385.0 0.0 2972
285.51 -100.28 501.91 -33.69 0.0 8385.0 0.0 2972
285.55 -88.43 514.23 -31.08 0.0 8385.0 0.0 2972
285.59 -76.46 526.67 -28.51 0.0 8385.0 0.0 2972
285.63 -63.93 539.68 -25.92 0.0 8385.0 0.0 2972
285.67 -50.94 553.16 -23.29 0.0 8385.0 0.0 2972
285.71 -39.08 565.47 -20.7 0.0 8385.0 0.0 2972
285.75 -26.59 578.42 -18.11 0.0 8385.0 0.0 2972
285.79 -14.14 591.34 -15.51 0.0 8385.0 0.0 2972
285.83 -1.7 604.25 -12.91 0.0 8385.0 0.0 2972
285.87 9.73 616.11 -10.37 0.0 8385.0 0.0 2972
285.91 21.32 628.13 -7.88 0.0 8385.0 0.0 2972
285.95 33.5 640.77 -5.36 0.0 8385.0 0.0 2972
285.99 45.13 652.84 -2.82 0.0 8385.0 0.0 2972
286.02 57.33 665.49 -0.07 0.0 8385.0 0.0 2972
286.06 68.47 677.04 2.71 0.0 8385.0 0.0 2958
286.1 80.25 689.27 5.53 0.0 8385.0 0.0 2958
286.14 91.51 700.96 8.34 0.0 8385.0 0.0 2958
286.18 102.86 712.72 11.14 0.0 8385.0 0.0 2958
286.21 114.24 724.53 13.94 0.0 8385.0 0.0 2958
286.25 126.14 736.88 16.78 0.0 8385.0 0.0 2958
286.29 137.47 748.63 19.6 0.0 8385.0 0.0 2958
286.33 148.84 760.43 22.4 0.0 8385.0 0.0 2958
286.37 163.76 775.92 25.49 0.0 8155.0 0.0 2958
286.41 174.75 786.98 28.43 0.0 7887.0 65516.0 2898
286.45 186.92 798.5 31.29 0.0 7159.0 65509.0 2898
286.49 207.66 806.63 33.99 0.0 6373.0 65434.0 2898
286.53 224.33 807.77 35.72 0.0 5875.0 65423.0 2898
286.58 246.5 806.02 36.73 0.0 5875.0 65434.0 2898
286.62 266.52 807.1 37.5 0.0 5875.0 90.0 2898
286.67 284.2 819.47 38.71 0.0 6143.0 101.0 2898
286.71 295.53 836.59 40.22 0.0 7007.0 90.0 2898
286.76 301.54 855.82 42.98 0.0 7544.0 90.0 2898
286.79 303.85 871.41 46.26 0.0 7659.0 101.0 2898
286.84 306.05 892.37 51.76 0.0 7659.0 57.0 2898
286.88 307.02 908.04 55.12 0.0 7659.0 33.0 2898
286.91 307.93 923.95 59.25 0.0 7659.0 23.0 2898
286.96 309.16 945.65 64.87 0.0 7735.0 15.0 2971
287.01 310.13 965.98 70.04 0.0 7697.0 8.0 2971
287.05 311.12 986.06 75.15 0.0 7353.0 0.0 2971
287.09 312.19 1002.03 78.31 0.0 6721.0 65522.0 2971
287.13 313.91 1017.69 81.78 0.0 6453.0 65513.0 2971
287.17 316.63 1034.95 85.83 0.0 5878.0 65503.0 2971
287.21 320.03 1052.17 89.31 0.0 5589.0 65507.0 2971
287.25 323.99 1069.21 92.9 0.0 5283.0 65514.0 2971
287.29 328.43 1086.11 96.49 0.0 5207.0 65516.0 2971
287.32 333.23 1102.89 100.06 0.0 4939.0 65520.0 2971
287.36 338.18 1116.09 108.29 0.0 4787.0 65523.0 2971
287.4 343.61 1130.98 117.0 0.0 4787.0 65525.0 2971
287.44 349.01 1145.66 125.97 0.0 4635.0 65524.0 2971
287.48 357.33 1146.08 127.1 0.0 4482.0 101.0 2971
287.52 368.58 1122.92 125.09 0.0 4367.0 65434.0 2971
287.56 378.49 1119.53 123.22 0.0 3946.0 101.0 2971
287.6 387.83 1124.05 121.8 0.0 3678.0 101.0 2971
287.64 397.03 1133.04 122.15 0.0 3129.0 101.0 2971
287.68 406.49 1144.65 126.25 0.0 2669.0 112.0 2971
287.72 417.52 1158.92 135.95 0.0 2171.0 112.0 2971
287.76 431.71 1170.96 142.28 0.0 1500.0 65434.0 2971
287.8 450.96 1166.5 142.41 0.0 1232.0 90.0 2971
287.84 469.37 1164.44 142.55 0.0 1232.0 76.0 2971
287.88 486.3 1165.68 142.55 0.0 1232.0 41.0 2971
287.91 503.18 1167.21 144.7 0.0 1232.0 28.0 2971
287.95 520.02 1169.08 143.97 0.0 1576.0 29.0 2971
288.0 541.6 1172.08 143.04 0.0 1942.0 31.0 3100
288.04 560.51 1175.1 148.07 0.0 2158.0 26.0 3100
288.08 573.28 1178.82 155.6 0.0 2158.0 17.0 3100
288.13 563.8 1182.16 155.5 0.0 2158.0 101.0 3100
288.17 565.5 1185.49 156.33 0.0 2158.0 0.0 3100
288.22 570.12 1191.99 157.06 0.0 2158.0 0.0 3100
288.26 576.83 1202.22 158.06 0.0 2158.0 101.0 3100
288.3 585.79 1215.9 159.52 0.0 1902.0 101.0 3100
288.35 597.2 1232.78 161.53 0.0 1672.0 90.0 3100
288.39 609.42 1250.02 163.99 0.0 1404.0 65518.0 3100
288.44 621.53 1266.25 166.61 0.0 1174.0 65519.0 3100
288.48 634.25 1282.03 170.46 0.0 906.0 65519.0 3100
288.52 646.68 1296.88 171.06 0.0 498.0 65513.0 3100
288.57 659.5 1311.4 171.97 0.0 431.0 65520.0 3100
288.61 671.17 1324.34 172.25 0.0 393.0 65527.0 3100
288.65 682.94 1337.19 172.52 0.0 355.0 65530.0 3100
288.69 694.43 1349.64 173.05 0.0 355.0 0.0 3100
288.73 706.95 1363.11 174.08 0.0 203.0 0.0 3100
288.77 724.04 1368.69 174.08 0.0 65079.0 65457.0 3100
288.81 742.75 1371.49 174.34 0.0 64338.0 65457.0 3100
288.85 759.06 1371.21 174.34 0.0 63069.0 65457.0 3100
288.89 777.02 1368.65 174.07 0.0 61881.0 65445.0 3100
288.93 793.02 1364.1 174.07 0.0 61055.0 65468.0 3058
288.97 809.02 1358.23 174.07 0.0 60627.0 65470.0 3058
289.0 823.73 1351.88 174.34 0.0 60486.0 65479.0 3058
289.04 838.61 1344.79 174.6 0.0 60193.0 65499.0 3058
289.08 854.99 1336.39 174.6 0.0 60193.0 65508.0 3058
289.12 869.48 1328.58 174.88 0.0 60041.0 65513.0 3058
289.16 885.13 1319.85 174.88 0.0 60003.0 65522.0 3058
289.2 902.73 1309.69 174.88 0.0 59652.0 65518.0 3058
289.25 918.73 1299.65 174.68 0.0 58957.0 65504.0 3058
289.29 934.12 1288.69 175.59 0.0 58378.0 65493.0 3058
289.33 949.6 1276.22 176.39 0.0 57739.0 65490.0 3058
289.37 959.7 1267.15 178.44 0.0 57454.0 65505.0 3058
289.41 974.31 1253.4 183.95 0.0 57219.0 65509.0 3058
289.46 988.49 1239.49 189.62 0.0 57219.0 65518.0 3058
289.5 1001.84 1226.06 195.06 0.0 57219.0 65527.0 3058
289.54 1012.71 1213.6 203.9 0.0 57360.0 0.0 3054
289.58 1022.71 1203.13 211.74 0.0 57539.0 0.0 3054
289.62 1035.41 1190.13 222.27 0.0 57768.0 0.0 3054
289.67 1049.18 1177.01 233.55 0.0 58285.0 18.0 3054
289.71 1063.68 1164.52 245.07 0.0 59000.0 30.0 3054
289.75 1079.36 1152.96 255.54 0.0 59552.0 34.0 3054
289.8 1095.91 1142.19 266.32 0.0 60423.0 53.0 3054
289.84 1112.92 1132.56 277.06 0.0 60879.0 49.0 3054
289.89 1130.23 1123.69 287.77 0.0 60945.0 30.0 3054
289.93 1148.21 1115.09 297.65 0.0 60973.0 16.0 3101
289.97 1165.36 1107.03 307.37 0.0 60973.0 9.0 3101
290.01 1181.63 1099.44 316.13 0.0 61011.0 0.0 3101
290.06 1197.93 1091.95 324.89 0.0 61134.0 6.0 3101
290.1 1214.81 1084.27 333.96 0.0 61058.0 0.0 3101
290.14 1231.01 1076.78 342.65 0.0 60753.0 0.0 3101
290.18 1247.58 1068.54 351.7 0.0 60185.0 65517.0 3101
290.22 1263.43 1059.8 359.91 0.0 59748.0 65510.0 3101
290.26 1279.36 1050.14 368.54 0.0 59082.0 65505.0 3101
290.3 1294.73 1039.73 377.02 0.0 58443.0 65501.0 3098
290.34 1307.53 1030.16 384.16 0.0 57996.0 65494.0 3098
290.39 1323.57 1016.91 392.28 0.0 57463.0 65494.0 3098
290.43 1338.48 1003.25 399.67 0.0 57220.0 65501.0 3098
290.47 1352.68 989.39 406.83 0.0 57182.0 65511.0 3098
290.52 1366.49 975.46 413.86 0.0 57182.0 65523.0 3098
290.56 1380.12 961.51 420.84 0.0 57182.0 0.0 3098
290.61 1393.67 947.56 427.79 0.0 57182.0 0.0 3098
290.65 1407.42 933.88 434.76 0.0 58223.0 22.0 3098
290.69 1422.01 921.18 441.88 0.0 59541.0 51.0 3098
290.73 1435.06 911.88 447.87 0.0 60141.0 60.0 3098
290.77 1448.42 903.42 453.9 0.0 60141.0 39.0 3094
290.81 1462.26 895.12 460.08 0.0 60141.0 21.0 3094
290.84 1476.7 886.74 465.45 0.0 60141.0 15.0 3094
290.89 1493.92 876.76 472.2 0.0 60141.0 7.0 3094
290.92 1507.86 868.83 477.51 0.0 60141.0 0.0 3094
290.97 1524.87 859.1 484.17 0.0 60141.0 0.0 3094
291.01 1538.94 851.41 490.28 0.0 60141.0 0.0 3094
291.05 1555.73 842.15 499.05 0.0 60141.0 0.0 3094
291.09 1571.99 833.01 507.47 0.0 60059.0 0.0 3094
291.13 1585.47 825.19 514.42 0.0 59907.0 0.0 3094
291.17 1599.78 816.72 521.99 0.0 59755.0 65526.0 3094
291.21 1615.78 807.05 530.54 0.0 59679.0 0.0 3091
291.25 1630.97 797.56 538.67 0.0 59536.0 65526.0 3091
291.29 1648.69 786.03 542.55 0.0 59460.0 65526.0 3091
291.34 1665.24 775.08 547.55 0.0 59346.0 65526.0 3091
291.38 1681.29 764.25 552.43 0.0 59211.0 65525.0 3091
291.42 1696.46 753.79 557.06 0.0 59135.0 65528.0 3091
291.46 1711.05 743.54 561.11 0.0 59020.0 65527.0 3091
291.5 1726.05 732.47 565.13 0.0 58354.0 65504.0 3091
291.55 1741.54 719.94 569.43 0.0 57823.0 65492.0 3091
291.59 1756.84 706.25 573.05 0.0 57325.0 65491.0 3091
291.63 1767.6 695.63 576.62 0.0 56827.0 65491.0 3091
291.67 1779.34 682.97 578.72 0.0 56252.0 65480.0 3085
291.71 1791.27 667.85 581.33 0.0 55329.0 65451.0 3085
291.75 1802.42 651.96 581.33 0.0 54677.0 65469.0 3085
291.8 1812.95 635.1 584.0 0.0 54525.0 65483.0 3085
291.84 1823.84 616.78 586.95 0.0 54487.0 65501.0 3085
291.89 1833.02 600.84 588.29 0.0 54487.0 65518.0 3085
291.93 1843.1 583.18 588.56 0.0 54487.0 0.0 3085
291.98 1853.16 564.96 588.56 0.0 54188.0 65516.0 3093
292.02 1858.82 553.71 588.56 0.0 53607.0 65484.0 3093
292.07 1869.28 531.62 588.44 0.0 53224.0 65487.0 3093
292.11 1874.89 517.94 589.38 0.0 53148.0 65502.0 3093
292.14 1881.44 502.31 589.65 0.0 53148.0 65517.0 3093
292.18 1887.53 487.55 589.65 0.0 53110.0 0.0 3093
292.23 1896.5 465.59 589.87 0.0 53110.0 0.0 3093
292.28 1905.31 443.57 589.8 0.0 53110.0 0.0 3093
292.33 1913.58 422.9 588.8 0.0 53110.0 0.0 3093
292.38 1921.65 402.67 590.74 0.0 53110.0 0.0 3093
292.41 1926.77 389.86 591.56 0.0 53110.0 0.0 3093
292.45 1931.87 377.05 594.03 0.0 52995.0 0.0 3093
292.49 1938.12 360.78 594.43 0.0 52727.0 65512.0 3093
292.53 1943.79 344.81 593.88 0.0 52152.0 65509.0 3093
292.57 1948.91 327.64 593.31 0.0 51475.0 65476.0 3093
292.61 1953.39 309.78 590.08 0.0 51268.0 65485.0 3093
292.65 1957.37 292.31 586.91 0.0 51268.0 65502.0 3093
292.69 1960.67 276.68 583.94 0.0 50924.0 65506.0 3093
292.73 1963.75 259.03 580.93 0.0 50330.0 65489.0 3093
292.77 1966.21 239.81 577.82 0.0 50029.0 65478.0 3141
292.81 1967.96 222.46 574.86 0.0 49969.0 65496.0 3141
292.85 1969.74 202.69 571.79 0.0 49931.0 65511.0 3141
292.9 1971.36 182.91 568.67 0.0 49931.0 0.0 3141
292.94 1972.8 164.58 567.56 0.0 49931.0 0.0 3141
292.98 1973.87 150.58 567.56 0.0 49931.0 0.0 3141
293.03 1975.64 127.66 567.7 0.0 49931.0 0.0 3141
293.07 1977.35 104.73 568.45 0.0 49931.0 0.0 3141
293.12 1978.84 84.94 568.73 0.0 49931.0 0.0 3141
293.17 1980.42 63.71 569.03 0.0 49931.0 0.0 3141
293.21 1982.04 41.99 569.63 0.0 49931.0 0.0 3141
293.26 1983.63 20.75 569.93 0.0 49931.0 0.0 3141
293.31 1985.14 0.48 571.56 0.0 49931.0 0.0 3141
293.36 1986.76 -21.24 573.63 0.0 49931.0 0.0 3141
293.4 1988.2 -40.55 575.62 0.0 49931.0 0.0 3141
293.45 1989.78 -61.78 577.65 0.0 49931.0 0.0 3141
293.5 1991.26 -81.57 579.63 0.0 49931.0 0.0 2981
293.55 1992.84 -102.81 580.0 0.0 49931.0 0.0 2981
293.59 1994.32 -122.6 580.0 0.0 49931.0 0.0 2981
293.64 1995.98 -144.8 579.71 0.0 49931.0 0.0 2981
293.68 1997.02 -158.8 579.4 0.0 49931.0 0.0 2981
293.72 1998.64 -180.52 578.3 0.0 49931.0 0.0 2981
293.77 2000.08 -199.82 577.54 0.0 49931.0 0.0 2981
293.81 2001.56 -219.61 576.78 0.0 49931.0 0.0 2981
293.86 2003.03 -239.4 576.18 0.0 49931.0 0.0 2977
293.9 2004.51 -259.19 576.18 0.0 49931.0 0.0 2977
293.95 2005.91 -278.02 575.96 0.0 49931.0 0.0 2977
294.0 2007.64 -301.18 575.73 0.0 49931.0 0.0 2977
294.04 2008.79 -316.63 575.73 0.0 49931.0 0.0 2977
294.08 2010.37 -337.87 575.51 0.0 49931.0 0.0 2977
294.13 2011.77 -356.69 575.3 0.0 49931.0 0.0 2977
294.17 2013.21 -376.0 575.3 0.0 49816.0 0.0 2977
294.22 2006.85 -394.92 575.08 0.0 49740.0 65423.0 2977
294.26 1996.11 -411.78 575.08 0.0 49740.0 65423.0 2976
294.3 1984.41 -427.47 574.87 0.0 49740.0 65428.0 2976
294.34 1975.12 -438.73 574.65 0.0 49740.0 65467.0 2976
294.38 1963.66 -452.51 574.65 0.0 49740.0 65496.0 2976
294.42 1952.31 -465.75 573.76 0.0 49740.0 65512.0 2976
294.46 1941.84 -482.05 572.74 0.0 49740.0 135.0 2976
294.5 1939.19 -500.11 571.88 0.0 49854.0 135.0 2976
294.54 1938.33 -518.33 571.15 0.0 50173.0 135.0 2976
294.59 1938.67 -537.34 570.51 0.0 50211.0 133.0 2976
294.63 1939.63 -553.82 570.16 0.0 50211.0 82.0 2976
294.67 1940.89 -571.22 569.47 0.0 50211.0 41.0 2976
294.7 1942.35 -588.59 568.79 0.0 50211.0 27.0 2976
294.74 1943.93 -605.94 567.89 0.0 50211.0 17.0 2976
294.78 1945.4 -621.36 567.05 0.0 50211.0 0.0 2976
294.82 1947.17 -639.67 566.16 0.0 50173.0 0.0 2979
294.86 1948.84 -657.98 565.25 0.0 49976.0 0.0 2979
294.91 1950.24 -677.78 564.28 0.0 49560.0 65501.0 2979
294.94 1950.71 -691.81 562.97 0.0 48985.0 65499.0 2979
294.98 1950.78 -710.22 561.2 0.0 48294.0 65481.0 2979
295.03 1949.56 -733.44 559.12 0.0 47873.0 65488.0 2979
295.08 1947.26 -754.64 556.95 0.0 47515.0 65483.0 2979
295.12 1944.28 -775.26 554.76 0.0 47328.0 65493.0 2979
295.17 1940.98 -794.84 552.62 0.0 47176.0 65504.0 2979
295.22 1937.31 -814.84 550.46 0.0 47138.0 65516.0 2979
295.26 1933.36 -835.76 548.25 0.0 47138.0 0.0 2979
295.31 1929.61 -855.25 546.09 0.0 47138.0 0.0 2979
295.35 1925.93 -874.26 543.98 0.0 47138.0 0.0 2979
295.4 1922.14 -893.74 541.87 0.0 47138.0 0.0 2979
295.44 1918.34 -913.21 539.75 0.0 47138.0 0.0 2979
295.49 1914.9 -930.79 537.75 0.0 47138.0 0.0 2979
295.53 1911.1 -950.26 535.72 0.0 47138.0 0.0 2979
295.58 1906.64 -973.06 533.5 0.0 47138.0 0.0 2979
295.62 1903.94 -986.84 532.65 0.0 47138.0 0.0 3061
295.66 1900.9 -1002.52 529.98 0.0 47214.0 0.0 3061
295.69 1898.02 -1017.74 528.26 0.0 47252.0 0.0 3061
295.73 1895.02 -1033.92 526.55 0.0 47290.0 0.0 3061
295.77 1892.06 -1050.1 524.64 0.0 47366.0 0.0 3060
295.82 1887.77 -1074.17 523.16 0.0 47442.0 0.0 3060
295.87 1884.09 -1096.25 520.99 0.0 47629.0 16.0 3060
295.9 1881.91 -1110.67 518.79 0.0 48005.0 19.0 3060
295.94 1879.89 -1126.79 516.55 0.0 48363.0 33.0 3017
295.98 1878.26 -1143.31 514.13 0.0 48439.0 29.0 3017
296.02 1876.89 -1160.03 511.61 0.0 48439.0 21.0 3017
296.06 1875.64 -1176.84 509.07 0.0 48439.0 0.0 3017
296.1 1874.5 -1192.97 506.55 0.0 48439.0 0.0 3017
296.13 1873.36 -1209.25 504.07 0.0 48439.0 0.0 3017
296.17 1872.23 -1225.59 501.6 0.0 48592.0 0.0 3017
296.21 1871.42 -1242.0 499.16 0.0 49271.0 25.0 3017
296.26 1871.23 -1265.7 496.79 0.0 49846.0 42.0 3017
296.3 1872.4 -1288.19 494.55 0.0 50363.0 49.0 3017
296.35 1874.62 -1309.28 492.51 0.0 50739.0 52.0 3017
296.4 1887.18 -1328.06 491.2 0.0 51230.0 123.0 3017
296.45 1903.36 -1342.77 490.33 0.0 51306.0 123.0 3017
296.49 1920.83 -1355.5 489.6 0.0 51344.0 97.0 3017
296.54 1939.95 -1366.29 488.29 0.0 51344.0 49.0 3017
296.58 1948.74 -1377.74 487.79 0.0 51344.0 65412.0 3017
296.63 1957.68 -1398.23 486.74 0.0 51344.0 65412.0 3017
296.67 1963.7 -1419.2 484.78 0.0 51004.0 65413.0 3017
296.72 1968.38 -1441.61 481.97 0.0 50583.0 65446.0 3017
296.76 1970.28 -1455.92 479.12 0.0 50207.0 65457.0 3017
296.8 1972.08 -1472.02 476.15 0.0 50054.0 65470.0 3017
296.85 1974.15 -1495.79 472.63 0.0 49393.0 65478.0 3017
296.89 1974.72 -1511.37 469.26 0.0 49202.0 65477.0 3017
296.94 1974.91 -1534.91 465.44 0.0 48750.0 65485.0 3017
296.98 1974.49 -1550.32 461.84 0.0 48712.0 65501.0 3017
297.01 1973.92 -1565.77 458.39 0.0 48712.0 65515.0 3017
297.06 1972.98 -1588.97 454.51 0.0 48563.0 65515.0 3017
297.11 1971.7 -1611.19 450.4 0.0 48372.0 65515.0 3017
297.15 1970.62 -1625.68 446.67 0.0 48220.0 65519.0 3016
297.2 1968.72 -1648.35 442.61 0.0 48068.0 65520.0 3016
297.24 1966.55 -1670.27 438.39 0.0 47953.0 65517.0 3016
297.28 1964.91 -1684.58 434.58 0.0 47762.0 65519.0 3016
297.33 1962.02 -1707.08 430.47 0.0 47647.0 65517.0 3016
297.37 1959.88 -1721.67 426.7 0.0 47404.0 65510.0 3016
297.41 1956.11 -1743.48 422.47 0.0 46945.0 65498.0 3016
297.46 1951.86 -1763.79 418.0 0.0 46639.0 65499.0 3016
297.51 1947.37 -1783.1 413.33 0.0 46639.0 65517.0 3016
297.55 1942.7 -1802.38 406.41 0.0 46639.0 0.0 3016
297.6 1937.77 -1822.35 397.35 0.0 46601.0 0.0 3016
297.64 1932.94 -1841.9 388.06 0.0 46601.0 65531.0 3016
297.69 1927.96 -1862.21 380.37 0.0 46601.0 65532.0 3016
297.73 1921.98 -1881.38 372.73 0.0 46487.0 65423.0 3016
297.78 1914.42 -1901.66 363.46 0.0 46411.0 65412.0 3016
297.83 1905.42 -1921.4 351.01 0.0 46242.0 65412.0 3016
297.87 1899.22 -1934.56 342.94 0.0 46166.0 65412.0 3016
297.91 1889.88 -1955.63 327.92 0.0 46090.0 71.0 3016
297.96 1880.41 -1977.72 308.8 0.0 45855.0 65.0 3016
298.0 1874.97 -1990.68 296.92 0.0 45817.0 47.0 3016
298.05 1866.25 -2011.74 275.46 0.0 45668.0 42.0 3016
298.09 1861.02 -2024.65 259.97 0.0 45668.0 33.0 3016
298.14 1851.75 -2047.49 232.63 0.0 45668.0 33.0 3016
298.19 1843.3 -2068.54 204.84 0.0 45668.0 29.0 3016
298.23 1834.59 -2090.55 172.37 0.0 45477.0 18.0 3003
298.28 1827.15 -2109.34 142.84 0.0 45401.0 10.0 3003
298.32 1821.81 -2122.87 120.76 0.0 45363.0 7.0 3003
298.37 1813.35 -2144.31 83.55 0.0 45166.0 3.0 3003
298.42 1805.23 -2164.83 44.71 0.0 45014.0 65528.0 3003
298.46 1797.01 -2185.43 3.97 0.0 44888.0 65518.0 3003
298.5 1791.69 -2198.71 -23.26 0.0 44729.0 65515.0 3003
298.55 1783.09 -2219.97 -69.12 0.0 44729.0 65511.0 3003
298.59 1777.17 -2234.46 -102.07 0.0 44729.0 65510.0 3003
298.64 1768.39 -2255.85 -152.68 0.0 45122.0 65522.0 3003
298.67 1761.99 -2271.74 -179.7 0.0 45429.0 0.0 3003
298.72 1753.32 -2293.76 -177.19 0.0 45822.0 44.0 3003
298.76 1748.48 -2307.45 -178.48 0.0 45860.0 26.0 3003
298.81 1741.34 -2328.54 -180.75 0.0 45860.0 14.0 3005
298.85 1741.02 -2329.98 -188.91 62948.0 45860.0 16.0 3005
298.89 1739.46 -2334.99 -191.3 62948.0 45860.0 14.0 3005
298.92 1734.24 -2339.97 -194.1 62948.0 45860.0 65400.0 3005
298.96 1728.15 -2345.26 -195.19 63062.0 46089.0 65412.0 3005
299.0 1720.87 -2351.0 -195.38 63100.0 46242.0 65400.0 3005
299.04 1714.15 -2355.77 -195.94 63358.0 46715.0 65400.0 3005
299.08 1707.22 -2360.62 -196.38 63511.0 47021.0 65431.0 3005
299.12 1700.47 -2365.64 -195.67 63609.0 47356.0 135.0 3005
299.16 1693.26 -2371.0 -195.47 63707.0 47553.0 65514.0 3005
299.19 1687.14 -2375.72 -194.98 63745.0 47591.0 51.0 3005
299.23 1680.88 -2381.81 -194.89 63745.0 47591.0 135.0 3005
299.27 1677.16 -2389.16 -195.23 63745.0 47591.0 123.0 3005
299.31 1673.96 -2397.37 -195.85 63745.0 47591.0 135.0 3005
299.35 1671.53 -2405.52 -196.59 63745.0 47591.0 123.0 3005
299.38 1669.63 -2413.27 -197.37 63745.0 47591.0 123.0 3005
299.42 1667.71 -2422.22 -198.31 63745.0 47591.0 123.0 3005
299.47 1665.8 -2435.1 -197.22 63821.0 47667.0 65400.0 3005
299.51 1663.28 -2440.01 -195.33 63821.0 47743.0 65412.0 3005
299.55 1659.37 -2447.56 -193.11 63952.0 47874.0 65412.0 3005
299.59 1655.44 -2454.16 -190.84 64028.0 48065.0 65412.0 3005
299.63 1650.97 -2461.17 -188.22 64028.0 48065.0 65412.0 3005
299.66 1646.72 -2467.43 -185.7 64066.0 48180.0 65404.0 3005
299.7 1642.02 -2474.2 -182.91 64121.0 48367.0 65462.0 3005
299.75 1634.46 -2485.11 -175.88 0.0 48405.0 0.0 3005
299.79 1630.99 -2491.6 -175.18 0.0 48405.0 0.0 3005
299.84 1624.61 -2503.55 -172.57 0.0 48405.0 94.0 3005
299.88 1621.5 -2516.28 -170.25 0.0 48481.0 85.0 3005
299.92 1619.09 -2532.29 -168.4 0.0 48634.0 61.0 3005
299.95 1617.85 -2551.17 -165.92 0.0 49094.0 73.0 3005
299.99 1617.16 -2568.61 -165.57 0.0 49513.0 73.0 3005
300.03 1617.14 -2584.61 -164.37 0.0 49551.0 58.0 3005
300.07 1617.41 -2601.07 -163.79 0.0 49627.0 36.0 3005
300.11 1617.94 -2624.06 -163.57 0.0 49703.0 19.0 3005
300.16 1619.16 -2648.96 -163.56 0.0 49855.0 17.0 3071
300.21 1620.54 -2670.7 -164.05 0.0 50084.0 17.0 3071
300.26 1622.59 -2691.42 -165.3 0.0 50739.0 51.0 3071
300.31 1625.56 -2711.55 -166.73 0.0 50968.0 35.0 3071
300.36 1629.06 -2733.06 -168.5 0.0 50968.0 21.0 3071
300.41 1632.51 -2753.09 -170.41 0.0 51120.0 15.0 3071
300.45 1636.15 -2772.6 -172.4 0.0 51273.0 18.0 3071
300.5 1640.5 -2793.45 -174.61 0.0 51679.0 34.0 3071
300.54 1645.35 -2812.71 -177.02 0.0 52100.0 37.0 3071
300.59 1651.02 -2833.24 -179.78 0.0 52176.0 24.0 3071
300.64 1664.44 -2848.02 -193.88 0.0 52176.0 123.0 3071
300.68 1666.44 -2846.74 -194.37 64394.0 52176.0 123.0 3071
300.72 1673.64 -2850.24 -196.08 64394.0 52176.0 112.0 3071
300.77 1682.36 -2853.2 -196.45 64394.0 52176.0 123.0 3071
300.82 1691.05 -2858.36 -197.79 64394.0 52176.0 112.0 3071
300.87 1700.44 -2863.76 -199.04 64394.0 52100.0 68.0 3071
300.91 1708.83 -2868.51 -200.01 64394.0 52024.0 0.0 3071
300.96 1716.41 -2875.27 -201.14 64394.0 51986.0 65412.0 3071
301.01 1722.09 -2885.13 -202.53 64356.0 51875.0 65412.0 3071
301.05 1725.68 -2893.69 -203.65 64318.0 51799.0 65412.0 3071
301.1 1729.09 -2902.99 -204.87 64318.0 51647.0 65423.0 3071
301.15 1732.17 -2912.87 -206.16 64242.0 51421.0 65423.0 3071
301.19 1734.82 -2922.62 -207.45 64242.0 51421.0 65423.0 3071
301.24 1737.15 -2931.94 -208.68 64242.0 51345.0 65437.0 3071
301.28 1739.28 -2941.05 -209.9 64204.0 51269.0 0.0 3071
301.33 1741.57 -2951.36 -211.28 64204.0 51193.0 0.0 3071
301.37 1743.55 -2960.75 -212.54 64204.0 51117.0 0.0 3071
301.42 1745.6 -2970.86 -213.91 64204.0 51079.0 0.0 3071
301.46 1747.48 -2980.76 -215.24 64166.0 50968.0 0.0 3151
301.51 1749.27 -2990.68 -216.6 64166.0 50892.0 0.0 3151
301.56 1750.93 -3000.13 -217.9 64166.0 50892.0 0.0 3151
301.6 1752.68 -3010.29 -219.3 64166.0 50892.0 0.0 3151
301.65 1754.3 -3019.74 -220.61 64166.0 50892.0 0.0 3151
301.69 1755.87 -3028.96 -221.88 64166.0 50892.0 0.0 3151
301.74 1757.63 -3039.36 -223.32 64166.0 50892.0 0.0 3151
301.78 1759.23 -3048.82 -224.63 64166.0 50892.0 0.0 3151
301.83 1760.87 -3058.51 -225.97 64166.0 50892.0 0.0 3151
301.87 1762.59 -3068.68 -227.38 64166.0 50892.0 0.0 3151
301.92 1764.18 -3078.14 -228.69 64166.0 50892.0 0.0 3151
301.96 1765.89 -3088.3 -230.09 64166.0 50892.0 0.0 3151
302.01 1767.49 -3097.76 -231.4 64166.0 50892.0 0.0 3151
302.06 1769.2 -3107.93 -232.81 64166.0 50892.0 0.0 3151
302.1 1770.87 -3117.86 -234.18 64166.0 50892.0 0.0 3151
302.15 1772.31 -3126.37 -235.36 64166.0 50892.0 0.0 3151
302.19 1773.94 -3136.07 -236.7 64166.0 50892.0 0.0 3151
302.23 1775.61 -3146.0 -238.08 64166.0 50892.0 0.0 3151
302.28 1777.16 -3155.22 -239.35 64166.0 50892.0 0.0 3151
302.32 1778.76 -3164.68 -240.66 64166.0 50892.0 0.0 3151
302.37 1780.35 -3174.13 -241.97 64166.0 50892.0 0.0 3151
302.41 1781.86 -3183.12 -243.21 64166.0 50892.0 0.0 3151
302.45 1783.33 -3191.87 -244.42 64166.0 50892.0 0.0 3151
302.49 1784.85 -3200.85 -245.67 64166.0 50892.0 0.0 3007
302.54 1786.44 -3210.31 -246.98 64166.0 50892.0 0.0 3007
302.58 1787.99 -3219.53 -248.25 64166.0 50892.0 0.0 3007
302.62 1789.55 -3228.75 -249.53 64166.0 50892.0 0.0 3007
302.67 1791.26 -3238.99 -250.32 64166.0 50892.0 0.0 3007
302.71 1792.8 -3248.26 -251.21 64166.0 50892.0 0.0 3007
302.76 1794.47 -3258.24 -252.19 64166.0 50892.0 0.0 3007
302.8 1796.18 -3268.46 -253.2 64166.0 50892.0 0.0 3007
302.85 1797.77 -3277.96 -254.13 64166.0 50892.0 0.0 3007
302.89 1799.32 -3287.22 -255.04 64166.0 50892.0 0.0 3007
302.93 1800.9 -3296.73 -255.98 64166.0 50892.0 0.0 3007
302.98 1802.57 -3306.7 -256.96 64166.0 50892.0 0.0 3007
303.03 1804.2 -3316.45 -257.92 64166.0 50892.0 0.0 3007
303.07 1805.67 -3325.24 -258.79 64166.0 50892.0 0.0 3007
303.12 1807.53 -3336.4 -259.89 64166.0 50892.0 0.0 3007
303.16 1809.0 -3345.19 -260.75 64166.0 50892.0 0.0 3007
303.2 1810.65 -3355.17 -261.74 64242.0 50701.0 0.0 3007
303.25 1812.16 -3365.42 -262.76 64395.0 50433.0 0.0 3007
303.3 1813.46 -3375.45 -263.75 64547.0 50204.0 0.0 3007
303.34 1814.64 -3385.99 -264.77 64661.0 50052.0 0.0 3007
303.39 1815.66 -3396.3 -265.71 64699.0 49959.0 0.0 3007
303.44 1816.58 -3406.63 -266.62 64699.0 49959.0 0.0 3007
303.49 1817.4 -3416.48 -267.48 64699.0 49959.0 0.0 3007
303.53 1818.27 -3427.05 -268.39 64699.0 49959.0 0.0 3007
303.58 1819.09 -3437.39 -269.28 64737.0 49883.0 0.0 3007
303.63 1819.89 -3448.21 -270.18 64830.0 49696.0 0.0 3007
303.67 1825.12 -3456.92 -270.88 64830.0 49620.0 123.0 2996
303.72 1831.59 -3465.6 -271.56 64868.0 49544.0 123.0 2996
303.77 1838.07 -3473.19 -272.12 64906.0 48976.0 112.0 2996
303.81 1842.09 -3478.03 -272.44 64906.0 47603.0 0.0 2996
303.85 1849.29 -3487.74 -273.07 64906.0 46951.0 65478.0 2996
303.9 1850.97 -3498.81 -273.8 64906.0 46830.0 65423.0 2996
303.95 1850.89 -3509.95 -274.54 64906.0 46830.0 65412.0 2996
303.98 1850.02 -3515.81 -273.65 65037.0 46420.0 65400.0 2996
304.02 1848.86 -3523.91 -272.36 65151.0 45845.0 65412.0 2996
304.06 1847.14 -3531.96 -271.67 65348.0 44869.0 65400.0 2996
304.1 1844.29 -3541.19 -270.6 65463.0 44409.0 65389.0 2996
304.14 1841.12 -3549.04 -269.76 41.0 43527.0 65400.0 2996
304.18 1836.92 -3557.24 -268.99 139.0 42315.0 65389.0 2996
304.22 1831.22 -3566.0 -268.51 242.0 41092.0 65389.0 2996
304.27 1821.45 -3570.92 -268.0 569.0 39600.0 65389.0 2996
304.32 1809.68 -3573.04 -267.29 1101.0 37928.0 65378.0 2996
304.36 1800.59 -3572.25 -266.59 1428.0 36907.0 65389.0 2996
304.4 1791.41 -3570.34 -265.75 1569.0 36150.0 65389.0 2996
304.45 1783.28 -3567.7 -264.92 1645.0 35844.0 65389.0 2996
304.48 1775.41 -3564.56 -264.04 1781.0 35586.0 65400.0 2996
304.52 1767.51 -3560.92 -263.07 1879.0 35350.0 65400.0 2996
304.56 1760.66 -3557.39 -262.17 1917.0 35235.0 65412.0 2996
304.6 1753.51 -3553.42 -261.16 2104.0 34953.0 65412.0 2996
304.65 1741.99 -3546.5 -259.39 2180.0 34723.0 65402.0 2996
304.69 1736.51 -3545.27 -258.33 2377.0 34404.0 123.0 2996
304.73 1723.63 -3543.78 -255.69 2529.0 34136.0 123.0 2996
304.77 1717.43 -3543.94 -254.2 2811.0 33534.0 135.0 2996
304.81 1709.67 -3543.88 -252.27 3047.0 32757.0 135.0 2996
304.85 1701.26 -3543.66 -250.0 3283.0 31964.0 6.0 2996
304.89 1693.78 -3543.08 -243.94 3321.0 31696.0 65481.0 2996
304.93 1686.61 -3542.33 -239.58 3512.0 31121.0 65389.0 2996
304.97 1678.28 -3541.03 -234.75 3703.0 30367.0 65389.0 3065
305.01 1670.24 -3539.24 -229.66 3806.0 29847.0 65389.0 3065
305.06 1662.0 -3536.98 -224.59 3806.0 29469.0 65389.0 3065
305.1 1654.43 -3534.59 -219.94 3844.0 29328.0 65389.0 3065
305.14 1646.35 -3531.72 -214.97 3882.0 29093.0 65389.0 3065
305.19 1638.6 -3528.49 -210.2 4051.0 28847.0 65389.0 3065
305.23 1631.0 -3524.81 -205.52 4154.0 28706.0 65389.0 3065
305.28 1623.2 -3520.52 -200.73 4154.0 28668.0 65389.0 3065
305.32 1616.17 -3516.07 -196.4 4192.0 28630.0 65389.0 3065
305.37 1608.82 -3510.9 -191.88 4192.0 28630.0 65378.0 3065
305.41 1601.26 -3506.32 -187.25 4192.0 28630.0 157.0 3065
305.46 1594.56 -3501.54 -183.13 4192.0 28630.0 65389.0 3065
305.5 1591.84 -3499.86 -162.53 4192.0 28630.0 157.0 3065
305.55 1587.61 -3497.21 -144.23 0.0 28630.0 0.0 3065
305.59 1581.74 -3493.92 -128.66 0.0 28630.0 65535.0 3065
305.64 1574.13 -3489.84 -113.76 0.0 28630.0 0.0 3065
305.68 1565.73 -3485.49 -101.82 0.0 28630.0 0.0 3065
305.72 1555.89 -3480.52 -91.35 0.0 28744.0 65531.0 3065
305.77 1544.76 -3475.04 -82.72 0.0 29083.0 65517.0 3065
305.81 1532.93 -3469.42 -76.27 0.0 29499.0 65525.0 3065
305.85 1518.88 -3462.98 -71.07 0.0 29864.0 65526.0 3065
305.9 1504.53 -3456.68 -68.07 0.0 30137.0 65529.0 3155
305.94 1488.57 -3449.92 -66.67 0.0 30619.0 65514.0 3155
305.98 1472.2 -3443.28 -67.0 0.0 30695.0 0.0 3155
306.02 1454.21 -3436.25 -68.93 0.0 30931.0 0.0 3155
306.06 1437.61 -3430.02 -72.34 0.0 30931.0 120.0 3155
306.1 1422.35 -3424.44 -76.81 0.0 30183.0 70.0 3155
306.14 1405.24 -3418.19 -83.18 0.0 28801.0 25.0 3155
306.18 1387.98 -3410.97 -91.36 0.0 26818.0 65400.0 3155
306.22 1373.44 -3403.65 -99.93 0.0 25292.0 65400.0 3155
306.26 1360.09 -3395.05 -97.89 0.0 24832.0 65400.0 3155
306.3 1351.34 -3379.58 -95.07 0.0 23978.0 65400.0 3155
306.34 1347.43 -3362.74 -93.47 0.0 23755.0 65400.0 3155
306.37 1342.99 -3346.14 -91.5 0.0 23717.0 123.0 3155
306.41 1333.59 -3332.48 -91.15 0.0 23679.0 123.0 3155
306.45 1323.17 -3318.45 -90.18 0.0 23679.0 85.0 3155
306.49 1313.31 -3305.87 -89.34 0.0 23679.0 47.0 3155
306.52 1302.39 -3292.28 -88.41 0.0 23679.0 29.0 3155
306.56 1291.04 -3278.42 -86.88 0.0 23679.0 19.0 3062
306.6 1281.16 -3266.49 -84.42 0.0 23679.0 0.0 3062
306.64 1270.02 -3253.1 -81.88 0.0 23679.0 0.0 3062
306.68 1258.53 -3239.36 -79.25 0.0 23679.0 0.0 3062
306.72 1248.58 -3227.49 -76.76 0.0 23679.0 0.0 3062
306.76 1244.59 -3209.6 -74.84 0.0 23679.0 65412.0 3062
306.79 1243.14 -3192.33 -73.7 0.0 23679.0 65412.0 3062
306.83 1242.93 -3176.21 -73.26 0.0 23679.0 65410.0 3062
306.88 1243.04 -3152.46 -73.12 0.0 23794.0 65479.0 3062
306.92 1244.12 -3137.43 -72.71 0.0 24129.0 65511.0 3062
306.96 1244.64 -3121.47 -72.71 0.0 24244.0 0.0 3062
307.0 1244.89 -3097.75 -72.71 0.0 25115.0 16.0 3147
307.05 1243.82 -3074.05 -72.44 0.0 25882.0 27.0 3147
307.09 1238.27 -3060.79 -72.05 0.0 26794.0 123.0 3147
307.14 1221.9 -3043.82 -70.66 0.0 29290.0 123.0 3157
307.19 1202.27 -3032.83 -69.97 0.0 30403.0 112.0 3157
307.23 1180.72 -3028.05 -69.62 0.0 31571.0 112.0 3157
307.28 1159.08 -3034.34 -69.45 0.0 32982.0 123.0 3157
307.33 1140.53 -3047.27 -69.36 0.0 34317.0 123.0 3157
307.37 1125.54 -3063.63 -69.44 0.0 35391.0 123.0 3157
307.42 1113.06 -3082.24 -69.67 0.0 36848.0 123.0 3062
307.47 1103.0 -3102.53 -70.02 0.0 37788.0 123.0 3062
307.51 1097.23 -3124.04 -70.37 0.0 38555.0 103.0 3062
307.56 1092.08 -3144.37 -70.81 0.0 39286.0 95.0 3062
307.61 1088.21 -3164.9 -70.81 0.0 39592.0 62.0 3062
307.65 1085.78 -3178.98 -70.81 0.0 39668.0 44.0 3062
307.69 1082.84 -3201.83 -70.81 0.0 39782.0 25.0 3062
307.74 1080.44 -3221.53 -71.25 0.0 39858.0 16.0 3062
307.79 1075.55 -3242.27 -71.25 0.0 39858.0 65423.0 3062
307.83 1063.26 -3259.65 -71.25 0.0 39858.0 65423.0 3062
307.88 1048.09 -3274.74 -71.47 0.0 39896.0 65412.0 3062
307.93 1030.55 -3287.72 -72.16 0.0 39896.0 65455.0 3087
307.98 1015.46 -3300.65 -72.58 0.0 39896.0 65491.0 3087
308.02 999.86 -3313.7 -72.58 0.0 39858.0 65511.0 3087
308.07 983.39 -3327.21 -73.06 0.0 39820.0 65521.0 3087
308.11 967.91 -3339.63 -73.56 0.0 39706.0 65522.0 3087
308.16 951.16 -3352.78 -71.16 0.0 39592.0 65522.0 3087
308.21 934.59 -3365.38 -71.16 0.0 39351.0 65520.0 3153
308.26 917.83 -3377.73 -71.66 0.0 39160.0 65520.0 3153
308.31 899.27 -3390.88 -72.9 0.0 38969.0 65515.0 3153
308.35 882.73 -3401.86 -75.55 0.0 38614.0 65504.0 3153
308.4 866.36 -3412.92 -70.07 0.0 38231.0 65497.0 3153
308.45 849.01 -3423.71 -62.71 0.0 37852.0 65501.0 3153
308.5 831.34 -3433.6 -55.28 0.0 37776.0 65511.0 3153
308.54 813.12 -3443.24 -47.64 0.0 37700.0 65519.0 3153
308.59 794.63 -3452.68 -39.9 0.0 37586.0 65519.0 3079
308.63 781.26 -3459.07 -34.48 0.0 37548.0 0.0 3079
308.67 762.57 -3468.41 -26.52 0.0 37396.0 0.0 3079
308.72 743.36 -3477.58 -18.48 0.0 37076.0 65519.0 3079
308.77 724.65 -3485.63 -10.71 0.0 36474.0 65489.0 3079
308.82 705.49 -3492.98 -2.1 0.0 35668.0 65466.0 3079
308.86 687.19 -3498.87 8.03 0.0 34490.0 65456.0 3083
308.91 669.22 -3502.89 18.69 0.0 34185.0 65475.0 3083
308.96 647.42 -3506.42 30.26 0.0 33994.0 65489.0 3083
309.0 627.31 -3509.05 40.3 0.0 33918.0 65505.0 3083
309.05 606.46 -3511.4 50.79 0.0 33688.0 65510.0 3083
309.1 586.74 -3513.13 60.64 0.0 33267.0 65509.0 3075
309.14 565.3 -3514.21 70.81 0.0 32769.0 65497.0 3075
309.19 544.72 -3514.25 80.08 0.0 32274.0 65492.0 3075
309.23 524.0 -3513.42 89.42 0.0 31975.0 65489.0 3075
309.28 503.95 -3512.08 100.16 0.0 31899.0 65508.0 3066
309.33 483.98 -3510.48 110.23 0.0 31823.0 65516.0 3066
309.38 461.39 -3508.59 118.26 0.0 31580.0 65510.0 3066
309.42 440.33 -3506.31 125.71 0.0 31242.0 65502.0 3066
309.47 420.42 -3503.52 132.76 0.0 30974.0 65506.0 3066
309.51 399.04 -3499.98 137.52 0.0 30745.0 65506.0 3066
309.56 378.18 -3496.09 141.21 0.0 30592.0 65514.0 3074
309.6 358.54 -3492.09 144.84 0.0 30554.0 65522.0 3074
309.65 338.31 -3487.81 148.45 0.0 30554.0 0.0 3074
309.7 319.07 -3483.56 152.07 0.0 30554.0 0.0 3074
309.74 298.72 -3479.21 151.87 0.0 30554.0 0.0 3074
309.79 279.79 -3475.14 148.96 0.0 30554.0 0.0 3074
309.83 258.96 -3470.71 146.01 0.0 30985.0 0.0 3074
309.88 238.96 -3467.04 142.87 0.0 31368.0 23.0 3074
309.93 218.79 -3464.41 139.72 0.0 32020.0 36.0 3074
309.97 198.5 -3462.76 139.72 0.0 32473.0 54.0 3074
310.02 179.15 -3461.84 139.72 0.0 32511.0 32.0 3074
310.06 160.28 -3461.14 139.72 0.0 32549.0 20.0 3074
310.1 141.89 -3460.6 139.72 0.0 32549.0 11.0 3074
310.15 123.02 -3460.11 139.72 0.0 32549.0 0.0 3074
310.19 106.08 -3459.7 139.72 0.0 32549.0 0.0 3074
310.23 86.24 -3459.28 139.72 0.0 32702.0 0.0 3028
310.27 70.27 -3459.17 139.72 0.0 32908.0 0.0 3028
310.31 52.85 -3459.31 139.72 0.0 33023.0 14.0 3028
310.35 36.39 -3459.62 139.72 0.0 33144.0 11.0 3028
310.39 18.49 -3460.13 139.72 0.0 33220.0 12.0 3028
310.43 2.04 -3460.73 139.72 0.0 33220.0 0.0 3028
310.47 -14.88 -3461.38 139.72 0.0 33220.0 0.0 3028
310.5 -31.81 -3462.07 139.72 0.0 33220.0 0.0 3028
310.54 -48.73 -3462.77 139.72 0.0 33220.0 0.0 3028
310.58 -65.66 -3463.49 139.72 0.0 33220.0 0.0 3028
310.62 -83.55 -3464.25 139.72 0.0 33220.0 0.0 3028
310.66 -99.99 -3464.96 139.72 0.0 33220.0 0.0 3028
310.7 -117.88 -3465.73 139.72 0.0 33220.0 0.0 3028
310.74 -135.29 -3466.49 139.72 0.0 33220.0 0.0 3028
310.78 -151.73 -3467.2 139.72 0.0 33220.0 0.0 3028
310.82 -169.62 -3467.97 139.72 0.0 33220.0 0.0 2915
310.86 -186.06 -3468.68 139.72 0.0 33220.0 0.0 2915
310.89 -202.98 -3469.49 139.72 0.0 33372.0 0.0 2915
310.93 -219.89 -3470.54 139.72 0.0 33601.0 13.0 2915
310.97 -237.75 -3471.86 139.72 0.0 33753.0 13.0 2915
311.02 -259.94 -3473.75 139.72 0.0 33753.0 0.0 2915
311.05 -272.95 -3474.94 139.72 0.0 33753.0 0.0 2915
311.1 -295.13 -3476.96 139.72 0.0 33753.0 0.0 2915
311.14 -314.4 -3478.76 139.72 0.0 33753.0 0.0 2915
311.18 -332.71 -3480.47 139.72 0.0 33753.0 0.0 2915
311.23 -351.51 -3482.24 139.72 0.0 33753.0 0.0 2915
311.27 -370.3 -3484.01 139.72 0.0 33753.0 0.0 2915
311.31 -388.13 -3485.7 139.72 0.0 33753.0 0.0 2915
311.36 -407.4 -3487.52 139.72 0.0 33753.0 0.0 2915
311.4 -426.19 -3489.3 139.72 0.0 33753.0 0.0 2894
311.44 -444.02 -3490.99 139.72 0.0 33753.0 0.0 2894
311.48 -462.33 -3492.72 139.72 0.0 33906.0 0.0 2894
311.52 -479.63 -3494.82 139.72 0.0 34343.0 17.0 2894
311.56 -497.37 -3497.3 139.72 0.0 34573.0 15.0 2894
311.61 -516.01 -3500.3 139.72 0.0 34611.0 14.0 2894
311.65 -535.1 -3503.54 139.72 0.0 34649.0 10.0 2894
311.69 -551.78 -3506.48 139.72 0.0 34649.0 0.0 2894
311.73 -569.41 -3509.63 139.72 0.0 34649.0 0.0 2894
311.77 -587.04 -3512.8 139.72 0.0 34649.0 0.0 2894
311.81 -603.71 -3515.81 139.72 0.0 34649.0 0.0 2894
311.85 -621.8 -3519.09 139.97 0.0 34649.0 0.0 2894
311.89 -637.52 -3521.95 139.97 0.0 34649.0 0.0 2894
311.93 -655.14 -3525.16 139.97 0.0 34649.0 0.0 2894
311.97 -672.28 -3528.28 139.97 0.0 34649.0 0.0 2894
312.01 -689.42 -3531.4 139.97 0.0 34649.0 0.0 2894
312.05 -708.47 -3534.86 139.97 0.0 34649.0 0.0 2894
312.09 -724.66 -3537.81 139.97 0.0 34649.0 0.0 2894
312.13 -741.8 -3540.93 139.97 0.0 34611.0 0.0 2894
312.17 -759.91 -3544.15 139.97 0.0 34502.0 0.0 2896
312.21 -775.66 -3546.79 139.97 0.0 34435.0 0.0 2893
312.25 -794.3 -3549.77 139.97 0.0 34224.0 65524.0 2893
312.29 -808.53 -3551.84 139.97 0.0 33941.0 65514.0 2893
312.33 -813.76 -3552.65 140.1 0.0 33941.0 0.0 2893
312.37 -815.2 -3552.87 140.16 0.0 33941.0 0.0 2893
312.41 -813.53 -3552.61 140.23 0.0 33941.0 0.0 2893
312.45 -813.83 -3552.66 140.23 0.0 33941.0 0.0 2893
312.49 -814.03 -3552.69 140.23 0.0 33941.0 0.0 2893
312.61 -813.61 -3552.63 138.23 0.0 33941.0 0.0 2893
312.65 -813.61 -3552.63 138.18 0.0 33941.0 0.0 2893
312.7 -813.61 -3552.63 138.23 0.0 33941.0 0.0 2893
