619.44 1129.53 1132.79 309.9 0.0 14513.0 0.0 0.0 0.0 0.0 0.0 0.0 0.0 1274
619.47 1129.53 1132.6 309.9 0.0 34445.0 0.0 0.0 -7.93 0.0 -5922.71 -959.96 0.0 1274
619.49 1129.53 1132.2 309.9 0.0 34445.0 0.0 0.0 -15.17 0.0 -5922.71 -959.96 0.0 1274
619.51 1129.53 1131.67 309.9 0.0 34445.0 0.0 0.0 -20.88 0.0 -5922.71 -959.96 0.0 1274
619.54 1129.53 1131.09 309.9 0.0 34445.0 0.0 0.0 -25.21 0.0 -5922.71 -959.96 0.0 1274
619.56 1129.53 1130.42 309.9 0.0 34445.0 0.0 0.0 -28.87 0.0 -5922.71 -959.96 0.0 1274
619.58 1129.53 1129.72 309.9 0.0 34445.0 0.0 0.0 -31.81 0.0 -5922.71 -959.96 0.0 1274
619.6 1129.53 1129.13 309.9 0.0 34445.0 0.0 0.0 -33.81 0.0 -5922.71 -959.96 0.0 1274
619.63 1129.53 1128.29 309.9 0.0 34445.0 0.0 0.0 -36.13 0.0 -5922.71 -959.96 0.0 1274
619.65 1129.53 1127.24 309.9 0.0 34445.0 0.0 0.0 -38.47 0.0 -5922.71 -959.96 0.0 1274
619.68 1129.53 1126.17 309.9 0.0 34445.0 0.0 0.0 -40.29 0.0 -5922.71 -959.96 0.0 1274
619.71 1129.53 1125.02 309.9 0.0 34445.0 0.0 0.0 -41.86 0.0 -5922.71 -959.96 0.0 1274
619.73 1129.53 1123.88 309.9 0.0 34445.0 0.0 0.0 -43.09 0.0 -5922.71 -959.96 0.0 1274
619.75 1129.53 1122.82 309.9 0.0 34445.0 0.0 0.0 -44.01 0.0 -5922.71 -959.96 0.0 1274
619.77 1129.53 1122.13 309.9 0.0 34445.0 0.0 0.0 -44.5 0.0 -5922.71 -959.96 0.0 1274
619.8 1129.53 1121.19 309.9 0.0 34445.0 0.0 0.0 -45.1 0.0 0.0 0.0 0.0 1274
619.82 1129.53 1120.47 309.9 0.0 34445.0 0.0 0.0 -23.44 0.0 0.0 0.0 0.0 1274
619.85 1129.53 1120.13 309.9 0.0 34445.0 0.0 0.0 -14.78 0.0 0.0 0.0 0.0 1274
619.86 1129.58 1119.98 309.9 0.0 52284.0 0.0 5.4 -17.2 0.0 1794.48 -5725.37 0.0 1274
619.88 1129.76 1119.41 309.9 0.0 52226.0 0.0 13.48 -42.99 0.0 1774.71 -5731.53 0.0 1274
619.89 1130.08 1118.39 309.9 0.0 52163.0 0.0 22.13 -70.97 0.0 1741.71 -5741.64 0.0 1274
619.91 1130.56 1116.83 309.9 0.0 52105.0 0.0 31.22 -101.18 0.0 1706.45 -5752.22 0.0 1274
619.91 1131.12 1114.99 309.9 0.0 52090.0 0.0 39.42 -129.29 0.0 1675.54 -5761.3 0.0 1274
619.93 1131.46 1113.87 309.9 0.0 52032.0 0.0 43.72 -144.47 0.0 1666.7 -5763.86 0.0 1274
619.94 1132.2 1111.4 309.9 0.0 52032.0 0.0 51.65 -172.67 0.0 1635.73 -5772.73 0.0 1274
619.95 1133.05 1108.53 309.9 0.0 52032.0 0.0 59.35 -200.93 0.0 1635.73 -5772.73 0.0 1274
619.97 1133.85 1105.82 309.82 0.0 52032.0 0.0 61.93 -210.02 -12.54 1635.73 -5772.73 0.0 1274
619.98 1134.82 1102.5 309.51 0.0 51994.0 0.0 64.93 -220.65 -27.17 1635.73 -5772.73 0.0 1274
620.0 1135.62 1099.78 309.11 0.0 51994.0 0.0 67.31 -229.0 -38.66 1613.58 -5778.96 0.0 1274
620.01 1136.53 1096.7 308.52 0.0 51994.0 0.0 69.86 -238.11 -51.2 1613.58 -5778.96 0.0 1274
620.02 1137.55 1093.22 307.69 0.0 51994.0 0.0 72.62 -247.97 -64.79 1613.58 -5778.96 0.0 1274
620.04 1138.52 1089.89 306.75 0.0 51918.0 0.0 75.16 -257.08 -77.33 1613.58 -5778.96 0.0 1274
620.05 1139.62 1086.14 305.55 0.0 51878.0 0.0 77.91 -266.96 -90.91 1571.43 -5790.56 0.0 1274
620.06 1140.4 1083.47 304.6 0.0 51842.0 0.0 79.77 -273.82 -100.31 1549.21 -5796.55 0.0 1274
620.07 1141.11 1081.03 303.68 0.0 51784.0 0.0 81.39 -279.91 -108.68 1529.19 -5801.86 0.0 1274
620.08 1142.29 1076.96 302.03 0.0 51730.0 0.0 84.01 -289.83 -122.26 1498.02 -5809.99 0.0 1276
620.1 1143.41 1073.07 300.34 0.0 51643.0 0.0 86.37 -299.0 -134.8 1466.81 -5817.94 0.0 1276
620.11 1144.67 1068.72 298.31 0.0 51585.0 0.0 88.88 -308.93 -148.38 1417.67 -5830.11 0.0 1276
620.12 1145.95 1064.23 296.09 0.0 51554.0 0.0 91.31 -318.89 -161.97 1386.35 -5837.64 0.0 1276
620.13 1146.66 1061.76 294.82 0.0 51554.0 0.0 92.59 -324.25 -169.29 1368.43 -5841.87 0.0 1276
620.15 1147.9 1057.42 292.5 0.0 51554.0 0.0 94.75 -333.47 -181.83 1368.43 -5841.87 0.0 1276
620.16 1149.27 1052.58 289.8 0.0 51554.0 0.0 97.08 -343.45 -195.41 1368.43 -5841.87 0.0 1276
620.18 1150.57 1047.98 287.14 0.0 51554.0 0.0 99.23 -352.66 -207.95 1368.43 -5841.87 0.0 1276
620.18 1152.11 1042.47 283.82 0.0 51554.0 0.0 101.74 -363.41 -222.58 1368.43 -5841.87 0.0 1276
620.2 1153.02 1039.24 281.83 0.0 51554.0 0.0 103.17 -369.56 -230.94 1368.43 -5841.87 0.0 1276
620.21 1154.28 1034.72 278.97 0.0 51516.0 0.0 105.16 -378.01 -242.44 1368.43 -5841.87 0.0 1276
620.22 1155.68 1029.67 275.68 0.0 51516.0 0.0 107.32 -387.22 -254.98 1348.26 -5846.55 0.0 1276
620.24 1157.23 1024.06 271.94 0.0 51516.0 0.0 109.62 -397.2 -268.57 1348.26 -5846.55 0.0 1276
620.25 1158.69 1018.76 268.31 0.0 51516.0 0.0 111.75 -406.43 -281.11 1348.26 -5846.55 0.0 1276
620.26 1159.68 1015.16 265.8 0.0 51478.0 0.0 113.17 -412.57 -289.47 1348.26 -5846.55 0.0 1276
620.27 1161.19 1009.65 261.9 0.0 51478.0 0.0 115.29 -421.79 -302.01 1325.83 -5851.68 0.0 1276
620.28 1162.47 1004.97 258.52 0.0 51478.0 0.0 117.04 -429.48 -312.46 1325.83 -5851.68 0.0 1276
620.3 1164.01 999.3 254.31 0.0 51478.0 0.0 116.65 -429.59 -325.0 1325.83 -5851.68 0.0 1276
620.31 1165.67 993.15 249.57 0.0 51440.0 0.0 116.24 -429.7 -338.59 1325.83 -5851.68 0.0 1276
620.32 1166.95 988.43 245.78 0.0 51440.0 0.0 115.94 -429.78 -349.03 1305.63 -5856.22 0.0 1276
620.34 1168.35 983.22 241.49 0.0 51364.0 0.0 115.57 -429.88 -360.53 1305.63 -5856.22 0.0 1276
620.35 1170.0 977.08 236.24 0.0 51364.0 0.0 115.15 -429.99 -374.12 1262.92 -5865.58 0.0 1276
620.36 1171.14 972.82 232.49 0.0 51364.0 0.0 114.81 -430.08 -383.52 1262.92 -5865.58 0.0 1276
620.37 1172.65 967.14 227.34 0.0 51326.0 0.0 114.36 -430.2 -396.06 1262.92 -5865.58 0.0 1276
620.38 1174.16 961.46 222.03 0.0 51326.0 0.0 113.93 -430.31 -408.6 1240.42 -5870.38 0.0 1276
620.4 1175.66 955.78 216.56 0.0 51288.0 0.0 113.48 -430.44 -421.14 1240.42 -5870.38 0.0 1276
620.41 1177.15 950.1 210.91 0.0 51288.0 0.0 113.04 -430.56 -433.68 1220.15 -5874.63 0.0 1276
620.42 1178.64 944.41 205.11 0.0 51288.0 0.0 112.57 -430.68 -446.22 1220.15 -5874.63 0.0 1276
620.44 1180.13 938.73 199.13 0.0 51288.0 0.0 112.11 -430.8 -458.76 1220.15 -5874.63 0.0 1276
620.45 1181.36 933.99 194.03 0.0 51288.0 0.0 111.74 -430.9 -469.21 1220.15 -5874.63 0.0 1276
620.46 1183.07 927.35 186.69 0.0 51288.0 0.0 111.22 -431.03 -483.84 1220.15 -5874.63 0.0 1232
620.47 1184.05 923.56 182.4 0.0 51288.0 0.0 110.92 -431.11 -492.2 1220.15 -5874.63 0.0 1232
620.49 1185.51 917.87 175.82 0.0 51288.0 0.0 110.49 -431.22 -504.74 1220.15 -5874.63 0.0 1232
620.5 1186.97 912.17 169.07 0.0 51288.0 0.0 110.07 -431.33 -517.28 1220.15 -5874.63 0.0 1232
620.51 1188.42 906.48 162.16 0.0 51288.0 0.0 109.66 -431.43 -529.82 1220.15 -5874.63 0.0 1232
620.53 1189.74 901.26 155.68 0.0 51288.0 0.0 109.28 -431.53 -541.32 1220.15 -5874.63 0.0 1232
620.53 1191.43 894.61 147.23 0.0 51288.0 0.0 109.29 -431.54 -555.95 1220.15 -5874.63 0.0 1232
620.55 1192.15 891.77 143.54 0.0 51288.0 0.0 109.29 -431.55 -562.22 1220.15 -5874.63 0.0 1232
620.56 1193.59 890.68 136.04 0.0 51288.0 0.0 109.3 -81.91 -574.76 1220.15 -5874.63 0.0 1232
620.57 1194.91 889.69 129.01 0.0 51288.0 0.0 109.3 -81.91 -586.26 0.0 0.0 0.0 1232
620.58 1196.35 889.2 121.19 0.0 51288.0 0.0 109.3 -37.04 -598.8 0.0 0.0 0.0 1232
620.6 1197.8 888.98 113.2 0.0 51288.0 0.0 109.3 -16.91 -611.34 0.0 0.0 0.0 1232
620.61 1199.24 888.88 105.05 0.0 51288.0 0.0 109.3 -7.55 -623.87 0.0 0.0 0.0 1232
620.62 1200.08 888.83 100.22 0.0 51288.0 0.0 109.29 -6.46 -631.19 0.0 0.0 0.0 1232
620.63 1201.4 888.83 92.51 0.0 51212.0 0.0 109.29 -0.17 -642.68 0.0 0.0 0.0 1232
620.64 1202.61 888.83 85.39 0.0 51122.0 0.0 109.28 -0.17 -653.13 0.0 0.0 0.0 1232
620.65 1203.81 888.83 78.14 0.0 50947.0 0.0 109.29 -0.17 -663.58 0.0 0.0 0.0 1232
620.66 1205.37 888.82 68.56 0.0 50839.0 0.0 109.29 -0.17 -677.17 0.0 0.0 0.0 1232
620.67 1206.33 888.82 62.56 0.0 50704.0 0.0 109.29 -0.18 -685.53 0.0 0.0 0.0 1232
620.69 1207.54 888.82 54.96 0.0 50531.0 0.0 109.3 -0.18 -695.98 0.0 0.0 0.0 1232
620.7 1208.86 888.82 46.47 0.0 50383.0 0.0 109.3 -0.17 -707.47 0.0 0.0 0.0 1232
620.71 1210.18 888.82 37.84 0.0 50226.0 0.0 109.3 -0.18 -718.97 0.0 0.0 0.0 1232
620.72 1211.86 888.81 26.66 0.0 50163.0 0.0 109.3 -0.18 -733.6 0.0 0.0 0.0 1232
620.73 1212.71 888.81 20.98 0.0 49961.0 0.0 109.32 -0.19 -740.91 0.0 0.0 0.0 1232
620.74 1213.79 888.81 13.6 0.0 49691.0 0.0 109.33 -0.18 -750.32 0.0 0.0 0.0 1232
620.76 1215.23 888.81 3.61 0.0 49502.0 0.0 109.33 -0.19 -762.86 0.0 0.0 0.0 1232
620.77 1216.67 888.8 -6.54 0.0 49385.0 0.0 109.33 -0.18 -775.4 0.0 0.0 0.0 1232
620.78 1218.24 888.8 -17.73 0.0 49318.0 0.0 109.33 -0.18 -788.98 0.0 0.0 0.0 1232
620.8 1219.44 888.8 -26.46 0.0 49264.0 0.0 109.33 -0.14 -799.43 0.0 0.0 0.0 1232
620.81 1220.88 888.8 -37.1 0.0 49215.0 0.0 109.33 -0.01 -811.97 0.0 0.0 0.0 1232
620.82 1222.21 888.8 -46.99 0.0 49157.0 0.0 109.33 -0.01 -823.47 0.0 0.0 0.0 1232
620.83 1223.77 888.8 -58.86 0.0 49126.0 0.0 109.34 -0.01 -837.05 0.0 0.0 0.0 1232
620.84 1224.61 888.8 -65.34 0.0 49126.0 0.0 109.34 -0.02 -844.37 0.0 0.0 0.0 1232
620.85 1225.93 888.8 -75.62 0.0 49088.0 0.0 109.34 -0.01 -855.86 0.0 0.0 0.0 1232
620.87 1226.62 888.8 -81.06 0.0 49088.0 0.0 109.34 -0.01 -861.61 0.0 0.0 0.0 1232
620.87 1227.83 888.8 -44.06 0.0 49088.0 0.0 84.32 -0.01 0.0 0.0 0.0 0.0 1232
620.89 1228.29 888.8 -44.07 0.0 49050.0 0.0 84.32 0.0 -5.23 0.0 0.0 0.0 1232
620.9 1229.41 888.8 -44.23 0.0 49050.0 0.0 84.32 0.0 -17.77 0.0 0.0 0.0 1232
620.91 1230.52 888.8 -44.54 0.0 49050.0 0.0 84.32 0.0 -30.31 0.0 0.0 0.0 1232
620.92 1231.63 888.8 -45.03 0.0 49050.0 0.0 84.32 0.0 -42.85 0.0 0.0 0.0 1232
620.93 1232.1 888.8 -45.28 0.0 49050.0 0.0 84.31 0.0 -48.07 0.0 0.0 0.0 1232
620.95 1233.21 888.8 -45.99 0.0 49050.0 0.0 84.31 0.0 -60.61 0.0 0.0 0.0 1232
620.96 1234.32 888.8 -46.88 0.0 49050.0 0.0 84.31 0.0 -73.15 0.0 0.0 0.0 1232
620.96 1235.16 888.8 -47.65 0.0 49050.0 0.0 84.32 0.0 -82.56 0.0 0.0 0.0 1232
620.97 1235.71 888.8 -48.21 0.0 49050.0 0.0 84.32 0.0 -88.83 0.0 0.0 0.0 1232
620.99 1236.73 888.8 -49.36 0.0 49050.0 0.0 84.32 0.0 -100.32 0.0 0.0 0.0 1232
621.0 1237.75 888.8 -50.64 0.0 49050.0 0.0 84.32 0.0 -111.82 0.0 0.0 0.0 1232
621.01 1238.96 888.8 -52.34 0.0 49050.0 0.0 84.32 0.0 -125.4 0.0 0.0 0.0 1232
621.02 1239.42 888.8 -53.04 0.0 49050.0 0.0 84.31 0.0 -130.63 0.0 0.0 0.0 1232
621.03 1240.44 888.8 -54.69 0.0 49050.0 0.0 84.31 0.0 -142.12 0.0 0.0 0.0 1232
621.05 1241.56 888.8 -56.65 0.0 48974.0 0.0 84.3 0.0 -154.66 0.0 0.0 0.0 1232
621.05 1242.76 888.8 -58.96 0.0 48947.0 0.0 84.3 0.0 -168.25 0.0 0.0 0.0 1232
621.06 1243.32 888.8 -60.09 0.0 48866.0 0.0 84.31 0.0 -174.52 0.0 0.0 0.0 1232
621.08 1244.15 888.8 -61.86 0.0 48758.0 0.0 84.32 0.0 -183.92 0.0 0.0 0.0 1232
621.09 1245.27 888.8 -64.37 0.0 48650.0 0.0 84.32 0.0 -196.46 0.0 0.0 0.0 1232
621.1 1246.38 888.8 -67.05 0.0 48556.0 0.0 84.32 0.0 -209.0 0.0 0.0 0.0 1232
621.11 1247.03 888.8 -68.69 0.0 48333.0 0.0 84.33 0.0 -216.32 0.0 0.0 0.0 1232
621.12 1248.05 888.8 -71.37 0.0 48063.0 0.0 84.33 0.0 -227.81 0.0 0.0 0.0 1232
621.13 1249.16 888.8 -74.46 0.0 47739.0 0.0 84.33 0.0 -240.35 0.0 0.0 0.0 1232
621.14 1250.28 888.8 -77.72 0.0 47523.0 0.0 84.33 0.0 -252.89 0.0 0.0 0.0 1232
621.15 1251.02 888.8 -79.98 0.0 47253.0 0.0 84.32 0.0 -261.25 0.0 0.0 0.0 1232
621.17 1251.91 888.8 -79.46 0.0 46875.0 0.0 77.72 0.0 0.0 0.0 0.0 0.0 1232
621.18 1252.72 888.8 -78.15 0.0 46465.0 0.0 61.3 0.0 0.0 0.0 0.0 0.0 1232
621.19 1253.43 888.8 -78.15 0.0 46303.0 0.0 46.2 0.0 0.0 0.0 0.0 0.0 1232
621.2 1253.71 888.8 -78.15 0.0 45956.0 0.0 41.32 0.0 0.0 0.0 0.0 0.0 1232
621.21 1254.11 888.8 -78.15 0.0 45609.0 0.0 33.32 0.0 0.0 0.0 0.0 0.0 1232
621.23 1254.43 888.8 -78.15 0.0 45231.0 0.0 26.88 0.0 0.0 0.0 0.0 0.0 1232
621.24 1254.71 888.8 -78.15 0.0 45010.0 0.0 21.2 0.0 0.0 0.0 0.0 0.0 1232
621.25 1254.86 888.8 -78.15 0.0 44713.0 0.0 18.58 0.0 0.0 0.0 0.0 0.0 1232
621.26 1255.04 888.8 -78.15 0.0 44391.0 0.0 14.98 0.0 0.0 0.0 0.0 0.0 1232
621.27 1255.18 888.8 -78.15 0.0 44076.0 0.0 12.09 0.0 0.0 0.0 0.0 0.0 1232
621.29 1255.0 888.57 -78.15 0.0 42123.0 0.0 -15.47 -19.36 0.0 -3745.56 -4687.3 0.0 1232
621.3 1254.26 887.64 -78.15 0.0 42123.0 0.0 -39.38 -49.28 0.0 -3745.56 -4687.3 0.0 1232
621.32 1253.44 886.61 -78.15 0.0 42161.0 0.0 -57.65 -72.16 0.0 -3745.56 -4687.3 0.0 1232
621.34 1252.03 884.85 -78.15 0.0 42161.0 0.0 -80.16 -100.32 0.0 -3727.56 -4701.63 0.0 1232
621.35 1250.08 882.41 -78.15 0.0 42237.0 0.0 -103.89 -130.37 0.0 -3727.56 -4701.63 0.0 1232
621.36 1248.49 880.41 -78.15 0.0 42290.0 0.0 -120.66 -151.58 0.0 -3693.2 -4728.66 0.0 1232
621.38 1246.68 878.12 -78.15 0.0 42409.0 0.0 -137.14 -173.0 0.0 -3669.58 -4747.02 0.0 1232
621.4 1243.48 874.06 -78.15 0.0 42524.0 0.0 -161.61 -205.35 0.0 -3614.73 -4788.92 0.0 1232
621.42 1240.92 870.78 -78.15 0.0 42900.0 0.0 -178.77 -229.09 0.0 -3561.25 -4828.82 0.0 1232
621.43 1237.17 865.91 -78.15 0.0 43245.0 0.0 -200.56 -260.63 0.0 -3384.9 -4954.04 0.0 1232
621.44 1234.09 861.82 -78.15 0.0 43586.0 0.0 -215.36 -286.05 0.0 -3219.7 -5062.96 0.0 1232
621.45 1233.84 858.39 -78.15 0.0 43852.0 0.0 -20.64 -282.96 0.0 -3052.98 -5165.2 0.0 1232
621.47 1233.37 855.11 -78.15 0.0 44144.0 0.0 -42.99 -298.94 0.0 -2919.27 -5241.93 0.0 1232
621.48 1232.81 851.87 -78.15 0.0 44237.0 0.0 -42.49 -244.79 0.0 -2771.4 -5321.59 0.0 1232
621.49 1232.76 850.09 -78.15 0.0 44334.0 0.0 -5.99 -231.96 0.0 -2724.35 -5345.83 0.0 1232
621.5 1232.56 847.68 -78.37 0.0 44378.0 0.0 -16.69 -199.39 0.0 -2675.04 -5370.68 0.0 1232
621.51 1233.03 845.28 -78.37 0.0 44378.0 0.0 42.86 -217.77 0.0 -2652.36 -5381.91 0.0 1232
621.52 1233.26 842.68 -78.37 0.0 44378.0 0.0 20.5 -236.33 0.0 -2652.36 -5381.91 0.0 1232
621.53 1233.23 839.58 -78.37 0.0 44340.0 0.0 -2.59 -256.28 0.0 -2652.36 -5381.91 0.0 1232
621.54 1233.07 837.2 -78.37 0.0 44301.0 0.0 -18.35 -270.59 0.0 -2670.92 -5372.73 0.0 1232
621.55 1232.72 834.36 -78.37 0.0 44180.0 0.0 -35.49 -286.54 0.0 -2691.5 -5362.45 0.0 1232
621.57 1232.72 830.66 -78.37 0.0 43968.0 0.0 0.0 -305.93 0.0 -2753.02 -5331.13 0.0 1232
621.58 1232.52 827.42 -78.37 0.0 43822.0 0.0 -15.15 -245.8 0.0 -2860.8 -5274.07 0.0 1232
621.58 1233.03 824.21 -78.37 0.0 43716.0 0.0 42.87 -264.75 0.0 -2935.34 -5232.95 0.0 1232
621.6 1233.21 822.4 -78.37 0.0 43539.0 0.0 27.06 -274.91 0.0 -2987.37 -5203.42 0.0 1232
621.61 1233.23 819.19 -78.37 0.0 43247.0 0.0 1.35 -291.33 0.0 -3076.72 -5151.1 0.0 1232
621.62 1232.85 815.1 -78.37 0.0 42955.0 0.0 -28.43 -310.19 0.0 -3219.7 -5062.96 0.0 1232
621.63 1232.73 811.74 -78.37 0.0 42623.0 0.0 -10.13 -277.56 0.0 -3360.16 -4970.85 0.0 1232
621.64 1232.6 809.24 -78.37 0.0 42507.0 0.0 -11.66 -227.65 0.0 -3516.65 -4861.39 0.0 1232
621.65 1232.38 807.41 -78.37 0.0 42166.0 0.0 -28.42 -237.78 0.0 -3570.5 -4821.99 0.0 1232
621.66 1231.73 804.34 -78.1 0.0 41971.0 0.0 -54.22 -253.31 0.0 -3725.76 -4703.06 0.0 1232
621.68 1230.76 801.1 -78.1 0.0 41874.0 0.0 -79.93 -267.87 0.0 -3813.47 -4632.22 0.0 1232
621.69 1229.49 797.69 -78.1 0.0 41874.0 0.0 -105.14 -281.96 0.0 -3855.94 -4596.92 0.0 1232
621.7 1227.75 793.76 -78.1 0.0 41874.0 0.0 -131.84 -297.25 0.0 -3855.94 -4596.92 0.0 1232
621.71 1226.44 791.06 -78.1 0.0 41874.0 0.0 -148.84 -307.67 0.0 -3855.94 -4596.92 0.0 1232
621.72 1224.57 787.53 -78.1 0.0 41874.0 0.0 -169.56 -320.9 0.0 -3855.94 -4596.92 0.0 1232
621.73 1222.49 783.85 -78.1 0.0 41874.0 0.0 -189.64 -334.38 0.0 -3855.94 -4596.92 0.0 1232
621.75 1219.41 778.81 -78.1 0.0 41874.0 0.0 -215.03 -352.26 0.0 -3855.94 -4596.92 0.0 1232
621.75 1216.56 774.36 -78.1 0.0 41874.0 0.0 -235.82 -367.76 0.0 -3855.94 -4596.92 0.0 1232
621.77 1214.42 771.13 -78.1 0.0 41836.0 0.0 -242.55 -367.11 0.0 -3855.94 -4596.92 0.0 1232
621.78 1211.69 767.13 -78.1 0.0 41836.0 0.0 -248.06 -363.41 0.0 -3871.79 -4583.59 0.0 1232
621.79 1208.63 762.78 -78.1 0.0 41836.0 0.0 -253.42 -359.69 0.0 -3871.79 -4583.59 0.0 1232
621.8 1205.79 758.86 -78.1 0.0 41874.0 0.0 -257.58 -356.73 0.0 -3871.79 -4583.59 0.0 1232
621.81 1202.92 754.96 -78.1 0.0 41897.0 0.0 -261.15 -354.11 0.0 -3855.94 -4596.92 0.0 1232
621.82 1201.19 752.63 -78.1 0.0 41897.0 0.0 -262.95 -352.79 0.0 -3845.35 -4605.78 0.0 1232
621.83 1198.27 748.77 -78.1 0.0 42204.0 0.0 -265.51 -350.86 0.0 -3845.35 -4605.78 0.0 1232
621.84 1195.02 744.55 -78.1 0.0 42807.0 0.0 -267.94 -349.01 0.0 -3707.69 -4717.31 0.0 1232
621.85 1192.37 741.1 -78.1 0.0 43566.0 0.0 -268.42 -348.65 0.0 -3430.35 -4922.67 0.0 1232
621.86 1189.44 737.25 -78.1 0.0 44012.0 0.0 -266.22 -350.33 0.0 -3062.88 -5159.34 0.0 1232
621.87 1187.99 735.31 -78.1 0.0 44905.0 0.0 -263.52 -352.37 0.0 -2838.52 -5286.09 0.0 1232
621.88 1185.17 731.37 -78.1 0.0 45865.0 0.0 -256.51 -357.49 0.0 -2376.64 -5509.23 0.0 1232
621.89 1182.46 727.36 -78.1 0.0 46847.0 0.0 -246.28 -364.62 0.0 -1860.23 -5704.34 0.0 1232
621.9 1179.66 722.84 -78.1 0.0 47128.0 0.0 -231.47 -374.2 0.0 -1316.85 -5853.71 0.0 1232
621.91 1177.96 719.9 -78.1 0.0 48133.0 0.0 -219.81 -381.16 0.0 -1157.0 -5887.39 0.0 1224
621.92 1175.94 716.05 -78.1 0.0 49160.0 0.0 -204.81 -389.43 0.0 -585.81 -5971.33 0.0 1224
621.93 1173.9 711.65 -78.1 0.0 50151.0 0.0 -184.95 -399.24 0.0 4.6 -6000.0 0.0 1224
621.94 1171.82 706.23 -78.1 0.0 50440.0 0.0 -157.75 -410.75 0.0 572.07 -5972.67 0.0 1224
621.95 1170.74 703.02 -78.1 0.0 50976.0 0.0 -140.22 -417.06 0.0 739.03 -5954.31 0.0 1224
621.96 1169.47 698.35 -78.1 0.0 51333.0 0.0 -115.8 -424.49 0.0 1043.9 -5908.49 0.0 1224
621.98 1168.46 693.62 -78.1 0.0 51467.0 0.0 -91.34 -430.41 0.0 1244.92 -5869.43 0.0 1224
621.98 1167.63 687.87 -78.1 0.0 51511.0 0.0 -63.33 -435.42 0.0 1319.1 -5853.2 0.0 1224
621.99 1167.22 684.02 -78.1 0.0 51431.0 0.0 -46.5 -437.54 0.0 1343.78 -5847.59 0.0 1224
622.01 1166.93 679.67 -78.1 0.0 51333.0 0.0 -29.3 -439.02 0.0 1298.89 -5857.72 0.0 1224
622.02 1166.79 674.35 -78.1 0.0 51137.0 0.0 -11.3 -439.86 0.0 1244.92 -5869.43 0.0 1224
622.03 1166.83 669.03 -78.1 0.0 50896.0 0.0 3.58 -439.99 0.0 1134.41 -5891.78 0.0 1224
622.04 1167.05 663.22 -78.1 0.0 50740.0 0.0 16.15 -439.7 0.0 998.56 -5916.32 0.0 1224
622.05 1167.21 659.84 -78.1 0.0 50517.0 0.0 21.53 -439.47 0.0 909.96 -5930.6 0.0 1224
622.06 1167.52 655.01 -78.1 0.0 50223.0 0.0 27.53 -439.14 0.0 782.4 -5948.77 0.0 1224
622.08 1167.9 649.7 -78.1 0.0 49982.0 0.0 31.87 -438.84 0.0 613.29 -5968.57 0.0 1224
622.08 1168.35 643.91 -78.1 0.0 49857.0 0.0 33.93 -438.69 0.0 475.8 -5981.1 0.0 1224
622.09 1168.61 640.53 -78.1 0.0 49786.0 0.0 34.02 -438.68 0.0 404.66 -5986.34 0.0 1224
622.1 1168.91 636.67 -78.1 0.0 49688.0 0.0 33.56 -438.72 0.0 363.33 -5988.99 0.0 1224
622.12 1169.3 631.36 -78.1 0.0 49639.0 0.0 32.56 -438.79 0.0 308.19 -5992.08 0.0 1224
622.13 1169.68 626.05 -78.1 0.0 49737.0 0.0 31.11 -438.9 0.0 278.32 -5993.54 0.0 1224
622.14 1170.03 620.74 -78.1 0.0 49871.0 0.0 29.56 -439.0 0.0 335.77 -5990.6 0.0 1224
622.15 1170.35 615.91 -78.1 0.0 50049.0 0.0 28.91 -439.05 0.0 411.55 -5985.87 0.0 1224
622.16 1170.67 611.08 -78.1 0.0 50393.0 0.0 29.07 -439.04 0.0 514.78 -5977.88 0.0 1224
622.17 1171.04 605.77 -78.1 0.0 50643.0 0.0 30.34 -438.95 0.0 711.62 -5957.65 0.0 1224
622.18 1171.29 602.39 -78.1 0.0 51045.0 0.0 32.39 -438.8 0.0 853.06 -5939.05 0.0 1224
622.19 1171.69 597.56 -78.1 0.0 51536.0 0.0 36.39 -438.49 0.0 1082.4 -5901.56 0.0 1224
622.2 1172.2 592.27 -78.1 0.0 52052.0 0.0 42.64 -437.93 0.0 1359.47 -5843.96 0.0 1231
622.21 1172.82 586.98 -78.1 0.0 52333.0 0.0 50.97 -437.04 0.0 1646.79 -5769.58 0.0 1231
622.22 1173.26 583.62 -78.1 0.0 52775.0 0.0 57.59 -436.21 0.0 1801.06 -5723.3 0.0 1231
622.24 1174.09 578.36 -78.1 0.0 53175.0 0.0 68.52 -434.63 0.0 2040.83 -5642.25 0.0 1231
622.25 1174.97 573.6 -78.1 0.0 53495.0 0.0 79.43 -432.77 0.0 2255.65 -5559.86 0.0 1231
622.26 1176.2 567.92 -78.1 0.0 53588.0 0.0 93.22 -430.01 0.0 2425.14 -5488.05 0.0 1231
622.27 1176.98 564.63 -78.1 0.0 53685.0 0.0 101.35 -428.17 0.0 2475.54 -5465.5 0.0 1231
622.28 1178.35 559.48 -78.1 0.0 53685.0 0.0 113.23 -425.18 0.0 2525.74 -5442.48 0.0 1231
622.29 1179.85 554.37 -78.1 0.0 53225.0 0.0 123.9 -422.2 0.0 2525.74 -5442.48 0.0 1231
622.3 1181.61 548.84 -78.1 0.0 53101.0 0.0 133.74 -419.18 0.0 2283.34 -5548.55 0.0 1231
622.31 1182.67 545.62 -78.1 0.0 53101.0 0.0 136.96 -418.15 0.0 2217.22 -5575.3 0.0 1231
622.33 1184.53 540.12 -78.1 0.0 53101.0 0.0 141.03 -416.79 0.0 2217.22 -5575.3 0.0 1231
622.34 1186.11 535.54 -78.1 0.0 53101.0 0.0 143.91 -415.8 0.0 2217.22 -5575.3 0.0 1231
622.35 1187.89 530.52 -78.1 0.0 53101.0 0.0 146.64 -414.85 0.0 2217.22 -5575.3 0.0 1231
622.36 1189.19 526.88 -78.1 0.0 53101.0 0.0 148.36 -414.23 0.0 2217.22 -5575.3 0.0 1231
622.37 1190.68 522.78 -78.1 0.0 53101.0 0.0 150.07 -413.61 0.0 2217.22 -5575.3 0.0 1231
622.38 1192.52 517.79 -78.1 0.0 53101.0 0.0 151.9 -412.95 0.0 2217.22 -5575.3 0.0 1231
622.39 1194.37 512.8 -78.1 0.0 53101.0 0.0 153.46 -412.37 0.0 2217.22 -5575.3 0.0 1231
622.4 1195.73 509.17 -78.1 0.0 53101.0 0.0 154.43 -412.0 0.0 2217.22 -5575.3 0.0 1231
622.41 1197.61 504.19 -78.1 0.0 53101.0 0.0 155.62 -411.56 0.0 2217.22 -5575.3 0.0 1231
622.43 1199.51 499.22 -78.1 0.0 53101.0 0.0 156.63 -411.18 0.0 2217.22 -5575.3 0.0 1231
622.43 1201.59 493.79 -78.1 0.0 53101.0 0.0 157.57 -410.82 0.0 2217.22 -5575.3 0.0 1231
622.45 1202.81 490.63 -78.1 0.0 53101.0 0.0 158.04 -410.64 0.0 2217.22 -5575.3 0.0 1231
622.46 1204.73 485.67 -78.1 0.0 53101.0 0.0 158.7 -410.38 0.0 2217.22 -5575.3 0.0 1231
622.47 1206.48 481.16 -78.1 0.0 53101.0 0.0 159.22 -410.18 0.0 2217.22 -5575.3 0.0 1231
622.48 1208.59 475.74 -78.1 0.0 53101.0 0.0 159.75 -409.97 0.0 2217.22 -5575.3 0.0 1231
622.49 1210.0 472.14 -78.1 0.0 53101.0 0.0 160.06 -409.85 0.0 2217.22 -5575.3 0.0 1231
622.5 1211.58 468.08 -78.1 0.0 53101.0 0.0 160.37 -409.73 0.0 2217.22 -5575.3 0.0 1231
622.51 1213.35 463.57 -78.1 0.0 53101.0 0.0 160.67 -409.62 0.0 2217.22 -5575.3 0.0 1231
622.52 1215.3 458.62 -78.1 0.0 53101.0 0.0 160.95 -409.51 0.0 2217.22 -5575.3 0.0 1231
622.53 1216.72 455.02 -78.1 0.0 53101.0 0.0 161.13 -409.43 0.0 2217.22 -5575.3 0.0 1231
622.54 1218.67 450.06 -78.1 0.0 53101.0 0.0 161.34 -409.35 0.0 2217.22 -5575.3 0.0 1231
622.56 1220.45 445.56 -78.1 0.0 53101.0 0.0 161.51 -409.29 0.0 2217.22 -5575.3 0.0 1231
622.56 1222.4 440.61 -77.13 0.0 53101.0 0.0 161.67 -409.22 0.0 2217.22 -5575.3 0.0 1231
622.58 1223.65 437.46 -77.13 0.0 53101.0 0.0 161.75 -409.19 0.0 2217.22 -5575.3 0.0 1231
622.59 1225.61 432.51 -77.13 0.0 53063.0 0.0 161.87 -409.14 0.0 2217.22 -5575.3 0.0 1231
622.61 1228.1 426.21 -77.13 0.0 53063.0 0.0 162.0 -409.09 0.0 2195.82 -5583.76 0.0 1231
622.61 1230.41 420.36 -77.13 0.0 53063.0 0.0 161.84 -409.16 0.0 2195.82 -5583.76 0.0 1231
622.63 1231.66 417.21 -77.13 0.0 53063.0 0.0 161.77 -409.19 0.0 2195.82 -5583.76 0.0 1231
622.64 1233.44 412.71 -77.13 0.0 53063.0 0.0 161.67 -409.22 0.0 2195.82 -5583.76 0.0 1231
622.65 1235.22 408.2 -77.13 0.0 52948.0 0.0 161.58 -409.26 0.0 2195.82 -5583.76 0.0 1231
622.66 1237.17 403.25 -77.13 0.0 52824.0 0.0 161.5 -409.29 0.0 2135.74 -5607.02 0.0 1231
622.67 1238.41 400.1 -77.13 0.0 52601.0 0.0 161.04 -409.47 0.0 2068.93 -5632.01 0.0 1231
622.68 1240.17 395.59 -74.98 0.0 52405.0 0.0 159.81 -409.95 0.0 1947.51 -5675.14 0.0 1231
622.69 1242.07 390.62 -74.15 0.0 52272.0 0.0 157.36 -410.9 0.0 1840.53 -5710.73 0.0 1231
622.7 1243.1 387.9 -74.15 0.0 51898.0 0.0 155.57 -411.58 0.0 1768.11 -5733.57 0.0 1231
622.71 1245.1 382.45 -74.15 0.0 51675.0 0.0 151.52 -413.09 0.0 1560.32 -5793.56 0.0 1231
622.72 1246.71 377.88 -74.15 0.0 51381.0 0.0 146.67 -414.83 0.0 1435.55 -5825.74 0.0 1231
622.73 1248.42 372.84 -74.15 0.0 51274.0 0.0 140.75 -416.88 340.0 1271.92 -5863.64 0.0 1231
622.74 1249.35 370.07 -71.93 0.0 51051.0 0.0 141.75 -421.5 333.73 1211.14 -5876.49 0.0 1231
622.75 1250.9 365.44 -68.31 0.0 50904.0 0.0 140.86 -421.81 323.28 1084.66 -5901.14 0.0 1231
622.76 1252.6 360.33 -64.47 0.0 50851.0 0.0 139.72 -422.19 311.79 1003.09 -5915.56 0.0 1231
622.77 1253.52 357.54 -62.43 0.0 50718.0 0.0 139.04 -422.41 305.51 971.32 -5920.86 0.0 1231
622.78 1255.04 352.89 -59.13 0.0 50718.0 0.0 137.9 -422.78 295.06 896.31 -5932.67 0.0 1231
622.79 1256.55 348.24 -55.94 0.0 50718.0 0.0 136.69 -423.18 284.61 896.31 -5932.67 0.0 1231
622.8 1257.45 345.45 -54.08 0.0 50718.0 0.0 135.97 -423.41 278.34 896.31 -5932.67 0.0 1231
622.81 1258.94 340.79 -51.08 0.0 50718.0 0.0 134.78 -423.8 267.89 896.31 -5932.67 0.0 1231
622.82 1260.42 336.12 -48.19 0.0 50718.0 0.0 133.62 -424.17 257.44 896.31 -5932.67 0.0 1231
622.83 1261.44 332.86 -46.24 0.0 50718.0 0.0 132.81 -424.43 250.13 896.31 -5932.67 0.0 1231
622.84 1262.9 328.19 -43.54 0.0 50718.0 0.0 131.68 -424.78 239.68 896.31 -5932.67 0.0 1231
622.85 1264.34 323.51 -40.96 0.0 50718.0 0.0 130.57 -425.12 229.23 896.31 -5932.67 0.0 1231
622.86 1265.34 320.24 -39.23 0.0 50718.0 0.0 129.8 -425.36 221.92 896.31 -5932.67 0.0 1231
622.87 1266.77 315.56 -36.84 0.0 50718.0 0.0 128.72 -425.7 211.47 896.31 -5932.67 0.0 1231
622.87 1268.03 311.34 -34.8 0.0 50718.0 0.0 127.75 -425.99 202.06 896.31 -5932.67 0.0 1231
622.88 1268.88 308.53 -33.48 0.0 50718.0 0.0 127.12 -426.18 195.79 896.31 -5932.67 0.0 1231
622.9 1270.27 303.84 -31.39 0.0 50718.0 0.0 126.08 -426.5 185.34 896.31 -5932.67 0.0 1231
622.9 1271.79 298.68 -29.21 0.0 50718.0 0.0 124.96 -426.83 173.84 896.31 -5932.67 0.0 1231
622.91 1272.61 295.86 -28.09 0.0 50718.0 0.0 124.36 -427.01 167.57 896.31 -5932.67 0.0 1231
622.93 1273.84 291.63 -26.48 0.0 50718.0 0.0 123.46 -427.27 158.17 896.31 -5932.67 0.0 1231
622.93 1275.46 285.99 -24.47 0.0 50718.0 0.0 122.28 -427.61 145.63 896.31 -5932.67 0.0 1231
622.94 1276.26 283.16 -23.53 0.0 50718.0 0.0 121.68 -427.77 139.36 896.31 -5932.67 0.0 1231
622.95 1277.46 278.93 -22.2 0.0 50718.0 0.0 120.83 -428.02 129.95 896.31 -5932.67 0.0 1231
622.96 1278.79 274.22 -20.82 0.0 50718.0 0.0 119.89 -428.28 119.5 896.31 -5932.67 0.0 1231
622.97 1279.58 271.39 -20.06 0.0 50718.0 0.0 119.33 -428.43 113.23 896.31 -5932.67 0.0 1231
622.98 1281.02 266.21 -18.76 0.0 50718.0 0.0 118.33 -428.71 101.74 896.31 -5932.67 0.0 1231
622.99 1282.44 261.02 -17.59 0.0 50718.0 0.0 117.35 -428.98 90.24 896.31 -5932.67 0.0 1231
623.0 1283.21 258.18 -17.02 0.0 50718.0 0.0 116.84 -429.13 83.97 896.31 -5932.67 0.0 1231
623.01 1284.49 253.46 -16.15 0.0 50718.0 0.0 115.96 -429.36 73.52 896.31 -5932.67 0.0 1231
623.02 1285.77 248.74 -15.4 0.0 50718.0 0.0 115.11 -429.6 63.07 896.31 -5932.67 0.0 1231
623.03 1286.52 245.9 -15.01 0.0 50718.0 0.0 114.61 -429.73 56.8 896.31 -5932.67 0.0 1231
623.04 1287.78 241.17 -14.44 0.0 50718.0 0.0 113.77 -429.96 46.35 896.31 -5932.67 0.0 1231
623.05 1289.03 236.44 -13.99 0.0 50718.0 0.0 112.94 -430.17 35.9 896.31 -5932.67 0.0 1231
623.06 1289.77 233.6 -13.77 0.0 50756.0 0.0 112.44 -430.3 29.63 896.31 -5932.67 0.0 1231
623.07 1291.0 228.87 -13.5 0.0 50953.0 0.0 111.63 -430.51 19.18 919.06 -5929.19 0.0 1231
623.08 1292.35 223.66 -13.34 0.0 51033.0 0.0 110.8 -430.72 7.69 1030.31 -5910.88 0.0 1231
623.09 1293.08 220.82 -13.31 0.0 51082.0 0.0 110.45 -430.81 1.42 1075.61 -5902.8 0.0 1231
623.1 1294.41 215.6 -13.36 0.0 51155.0 0.0 109.86 -430.96 -10.08 1102.76 -5897.79 0.0 1231
623.11 1295.74 210.39 -13.55 0.0 51175.0 0.0 109.32 -431.1 -21.57 1143.45 -5890.04 0.0 1231
623.12 1296.46 207.54 -13.72 0.0 51309.0 0.0 109.08 -431.16 -27.84 1154.74 -5887.83 0.0 1231
623.13 1297.66 202.8 -14.08 0.0 51456.0 0.0 108.67 -431.27 -38.29 1231.41 -5872.28 0.0 1231
623.14 1298.97 197.58 -14.61 0.0 51563.0 0.0 108.35 -431.35 -49.79 1314.61 -5854.21 0.0 1231
623.15 1299.68 194.73 -14.96 0.0 51684.0 0.0 108.23 -431.38 -56.06 1372.91 -5840.81 0.0 1231
623.16 1300.75 190.46 -15.56 0.0 51881.0 0.0 108.14 -431.41 -65.46 1442.25 -5824.08 0.0 1231
623.17 1302.06 185.24 -16.43 0.0 52006.0 0.0 108.12 -431.41 -76.96 1551.43 -5795.95 0.0 1231
623.18 1302.9 181.92 -17.05 0.0 52185.0 0.0 108.22 -431.39 -84.27 1620.23 -5777.1 0.0 1231
623.19 1304.09 177.18 -18.03 0.0 52386.0 0.0 108.42 -431.34 -94.72 1719.68 -5748.28 0.0 1231
623.2 1305.28 172.43 -19.13 0.0 52446.0 0.0 108.77 -431.26 -105.17 1829.58 -5714.25 0.0 1231
623.21 1306.0 169.58 -19.84 0.0 52714.0 0.0 109.07 -431.18 -111.44 1862.42 -5703.63 0.0 1231
623.22 1307.2 164.84 -21.13 0.0 53009.0 0.0 109.57 -431.05 -121.89 2008.33 -5653.9 0.0 1231
623.23 1308.53 159.63 -22.67 0.0 53197.0 0.0 110.34 -430.86 -133.39 2167.95 -5594.64 0.0 1231
623.24 1309.26 156.78 -23.57 0.0 53560.0 0.0 110.87 -430.72 -139.66 2268.44 -5554.66 0.0 1231
623.25 1310.37 152.52 -25.0 0.0 54053.0 0.0 111.79 -430.48 -149.06 2460.86 -5472.13 0.0 1231
623.26 1311.73 147.32 -26.88 0.0 54375.0 0.0 113.18 -430.12 -160.56 2716.15 -5350.0 0.0 1231
623.27 1312.48 144.48 -27.96 0.0 55155.0 0.0 114.13 -429.87 -166.83 2878.98 -5264.17 0.0 1231
623.28 1314.0 138.81 -30.24 0.0 55917.0 0.0 116.29 -429.29 -179.37 3264.23 -5034.36 0.0 1231
623.29 1315.29 134.09 -32.27 0.0 56428.0 0.0 118.6 -428.66 -189.82 3623.9 -4781.98 0.0 1231
623.3 1316.08 131.26 -33.54 0.0 57190.0 0.0 120.29 -428.2 -196.09 3854.18 -4598.4 0.0 1231
623.31 1317.42 126.55 -35.76 0.0 58086.0 0.0 123.38 -427.32 -206.54 4178.71 -4305.62 0.0 1231
623.32 1318.79 121.86 -38.09 0.0 58482.0 0.0 126.93 -426.29 -216.99 4532.72 -3931.22 0.0 1231
623.33 1319.93 118.11 -40.03 0.0 58928.0 0.0 130.14 -425.33 -225.35 4678.67 -3756.34 0.0 1231
623.35 1321.53 112.98 -42.83 0.0 60813.0 0.0 134.76 -423.9 -236.84 4835.64 -3551.98 0.0 1231
623.37 1324.43 104.14 -47.99 0.0 62499.0 0.0 143.03 -421.22 -256.7 5395.07 -2625.49 0.0 1263
623.39 1327.19 96.3 -52.95 0.0 63784.0 0.0 151.94 -418.14 -274.46 5746.96 -1724.08 0.0 1263
623.4 1329.77 89.42 -57.61 0.0 64825.0 0.0 160.78 -414.88 -290.14 5915.56 -1003.09 0.0 1263
623.41 1331.76 84.42 -61.19 0.0 472.0 0.0 167.68 -412.17 -301.63 5986.03 -409.25 0.0 1263
623.43 1334.6 77.65 -66.3 0.0 1322.0 0.0 177.44 -408.13 -317.31 5993.86 271.42 0.0 1263
623.44 1337.2 71.84 -70.93 0.0 2066.0 0.0 186.17 -404.29 -330.89 5952.02 757.3 0.0 1263
623.45 1339.5 66.97 -75.01 0.0 2593.0 0.0 193.66 -400.8 -342.39 5882.91 1179.57 0.0 1263
623.47 1341.45 63.02 -78.44 0.0 3256.0 0.0 199.83 -397.79 -351.79 5815.69 1475.73 0.0 1263
623.48 1344.6 56.93 -83.97 0.0 3797.0 0.0 209.41 -392.91 -366.42 5710.03 1842.72 0.0 1263
623.49 1348.38 50.07 -90.57 0.0 4081.0 0.0 220.29 -387.01 -383.14 5607.02 2135.74 0.0 1263
623.51 1350.59 46.25 -94.41 0.0 4315.0 0.0 226.36 -383.52 -392.55 5546.79 2287.59 0.0 1263
623.52 1353.89 40.81 -100.12 0.0 4531.0 0.0 235.06 -378.32 -406.13 5494.54 2410.39 0.0 1263
623.54 1358.12 34.21 -107.41 0.0 4580.0 0.0 245.6 -371.67 -422.85 5443.45 2523.65 0.0 1263
623.55 1361.14 29.74 -112.6 0.0 4490.0 0.0 252.73 -366.91 -434.34 5430.8 2550.76 0.0 1263
623.56 1363.95 25.73 -117.44 0.0 4333.0 0.0 259.1 -362.48 -444.79 5453.09 2502.76 0.0 1263
623.57 1368.01 20.19 -124.4 0.0 4333.0 0.0 267.86 -356.14 -459.43 5489.91 2420.93 0.0 1263
623.59 1370.99 16.3 -129.51 0.0 4333.0 0.0 273.98 -351.51 -469.87 5489.91 2420.93 0.0 1262
623.6 1375.58 10.56 -137.39 0.0 4333.0 0.0 282.95 -344.42 -485.55 5489.91 2420.93 0.0 1262
623.61 1378.73 6.8 -142.79 0.0 4333.0 0.0 288.79 -339.59 -496.0 5489.91 2420.93 0.0 1262
623.63 1381.61 3.46 -147.75 0.0 4333.0 0.0 293.94 -335.17 -505.4 5489.91 2420.93 0.0 1262
623.64 1386.53 -2.01 -156.22 0.0 4333.0 0.0 302.35 -327.71 -521.08 5489.91 2420.93 0.0 1262
623.65 1391.59 -7.36 -164.94 0.0 4333.0 0.0 310.49 -320.1 -536.75 5489.91 2420.93 0.0 1262
623.67 1394.69 -10.5 -170.3 0.0 4333.0 0.0 315.23 -315.47 -546.16 5489.91 2420.93 0.0 1262
623.69 1399.6 -15.3 -178.83 0.0 4333.0 0.0 322.44 -308.18 -560.79 5489.91 2420.93 0.0 1262
623.7 1404.98 -20.32 -188.21 0.0 4333.0 0.0 329.91 -300.28 -576.46 5489.91 2420.93 0.0 1262
623.72 1410.11 -24.89 -197.2 0.0 4333.0 0.0 336.61 -292.81 -591.09 5489.91 2420.93 0.0 1262
623.73 1414.59 -28.71 -205.08 0.0 4333.0 0.0 342.17 -286.36 -603.63 5489.91 2420.93 0.0 1262
623.74 1418.0 -31.52 -211.11 0.0 4333.0 0.0 346.23 -281.48 -613.04 5489.91 2420.93 0.0 1262
623.75 1422.99 -35.5 -219.97 0.0 4333.0 0.0 351.92 -274.41 -626.62 5489.91 2420.93 0.0 1262
623.77 1428.45 -39.67 -229.73 0.0 4333.0 0.0 357.83 -266.75 -641.25 5489.91 2420.93 0.0 1262
623.78 1432.41 -42.57 -236.84 0.0 4333.0 0.0 361.9 -261.26 -651.7 5489.91 2420.93 0.0 1262
623.79 1437.62 -46.25 -246.26 0.0 4333.0 0.0 367.01 -254.1 -665.29 5489.91 2420.93 0.0 1262
623.8 1441.68 -49.02 -253.64 0.0 4333.0 0.0 370.79 -248.59 -675.74 5489.91 2420.93 0.0 1262
623.81 1445.37 -51.46 -260.37 0.0 4333.0 0.0 374.09 -243.62 -685.14 5489.91 2420.93 0.0 1262
623.82 1449.09 -53.84 -267.2 0.0 4333.0 0.0 377.3 -238.65 -694.54 5489.91 2420.93 0.0 1262
623.83 1452.0 -55.67 -272.58 0.0 4333.0 0.0 379.73 -234.79 -701.86 5489.91 2420.93 0.0 1262
623.84 1455.78 -57.97 -279.57 0.0 4333.0 0.0 382.78 -229.82 -711.27 5489.91 2420.93 0.0 1262
623.85 1460.01 -60.46 -287.45 0.0 4333.0 0.0 386.06 -224.32 -721.72 5489.91 2420.93 0.0 1262
623.86 1464.27 -62.9 -295.45 0.0 4333.0 0.0 389.24 -218.82 -732.17 5489.91 2420.93 0.0 1262
623.87 1466.85 -64.33 -300.3 0.0 4333.0 0.0 391.09 -215.53 -738.44 5489.91 2420.93 0.0 1262
623.87 1470.73 -66.44 -307.66 0.0 4333.0 0.0 393.79 -210.6 -747.85 5489.91 2420.93 0.0 1262
623.88 1473.77 -68.05 -313.45 0.0 4333.0 0.0 395.83 -206.78 -755.16 5489.91 2420.93 0.0 1262
623.89 1476.83 -69.63 -319.29 0.0 4333.0 0.0 397.82 -202.97 -762.47 5489.91 2420.93 0.0 1262
623.9 1480.78 -71.61 -326.89 0.0 4333.0 0.0 400.28 -198.08 -771.88 5489.91 2420.93 0.0 1262
623.91 1485.19 -73.76 -335.43 0.0 4333.0 0.0 402.92 -192.68 -782.33 5489.91 2420.93 0.0 1260
623.92 1488.3 -75.23 -341.49 0.0 4333.0 0.0 404.71 -188.92 -789.64 5489.91 2420.93 0.0 1260
623.93 1491.87 -76.87 -348.47 0.0 4333.0 0.0 406.7 -184.63 -798.01 5489.91 2420.93 0.0 1260
623.94 1496.36 -78.88 -357.31 0.0 4333.0 0.0 409.11 -179.3 -808.46 5489.91 2420.93 0.0 1260
623.95 1499.07 -80.05 -362.66 0.0 4333.0 0.0 410.5 -176.12 -814.73 5489.91 2420.93 0.0 1260
623.96 1503.14 -81.77 -370.78 0.0 4371.0 0.0 412.52 -171.37 -824.13 5489.91 2420.93 0.0 1260
623.96 1507.69 -83.63 -379.9 0.0 4505.0 0.0 414.69 -166.12 -834.58 5481.52 2439.86 0.0 1260
623.97 1510.43 -84.71 -385.43 0.0 4827.0 0.0 415.94 -162.98 -840.86 5449.24 2511.12 0.0 1260
623.99 1514.56 -86.3 -393.8 0.0 5319.0 0.0 417.79 -158.24 -850.27 5369.65 2677.1 0.0 1261
623.99 1519.16 -88.01 -403.21 0.0 5757.0 0.0 419.82 -152.85 -860.72 5237.45 2927.31 0.0 1261
624.0 1522.4 -89.17 -409.87 0.0 6428.0 0.0 421.23 -148.94 -868.03 5109.34 3145.58 0.0 1261
624.01 1527.05 -90.78 -419.47 0.0 6857.0 0.0 423.25 -143.18 -878.48 4896.22 3468.01 0.0 1261
624.02 1529.84 -91.71 -425.29 0.0 7501.0 0.0 424.47 -139.56 -884.75 4749.83 3665.94 0.0 1261
624.03 1534.06 -93.07 -434.1 0.0 8002.0 0.0 426.27 -134.0 -894.16 4514.58 3952.04 0.0 1261
624.04 1537.34 -94.08 -441.01 0.0 8790.0 0.0 427.68 -129.51 -901.47 4320.02 4163.83 0.0 1261
624.05 1542.53 -95.61 -451.99 0.0 9484.0 0.0 429.84 -122.29 -912.97 3993.42 4478.01 0.0 1261
624.06 1547.27 -96.91 -462.09 0.0 10245.0 0.0 431.74 -115.49 -923.42 3685.95 4734.32 0.0 1261
624.07 1547.76 -96.47 -464.85 0.0 10885.0 0.0 431.74 -115.48 -928.64 3331.51 4990.1 0.0 1261
624.09 1550.06 -94.17 -462.1 0.0 11550.0 0.0 190.01 190.01 0.0 3019.24 5185.0 0.0 1261
624.1 1552.45 -91.56 -462.1 0.0 12248.0 0.0 197.17 215.51 0.0 2683.27 5366.57 0.0 1261
624.11 1555.12 -88.33 -462.1 0.0 12371.0 0.0 202.23 244.52 0.0 2317.34 5534.43 0.0 1261
624.13 1557.59 -85.04 -462.1 0.0 12447.0 0.0 204.09 272.04 0.0 2253.52 5560.73 0.0 1261
624.14 1561.46 -79.17 -462.1 0.0 12447.0 0.0 207.05 313.99 0.0 2212.94 5577.0 0.0 1260
624.16 1564.23 -74.64 -462.1 0.0 12447.0 0.0 209.8 342.87 0.0 2212.94 5577.0 0.0 1260
624.17 1566.57 -70.61 -462.1 0.0 12523.0 0.0 212.69 366.52 0.0 2212.94 5577.0 0.0 1260
624.18 1569.59 -65.09 -462.1 0.0 12621.0 0.0 211.12 386.04 0.0 2172.25 5592.97 0.0 1260
624.19 1572.05 -60.37 -462.1 0.0 12621.0 0.0 203.83 389.94 0.0 2118.52 5613.54 0.0 1260
624.21 1574.65 -55.18 -462.1 0.0 12659.0 0.0 196.39 393.74 0.0 2118.52 5613.54 0.0 1260
624.22 1577.15 -49.94 -462.1 0.0 12659.0 0.0 190.06 396.83 0.0 2099.14 5620.82 0.0 1260
624.23 1579.59 -44.66 -462.1 0.0 12659.0 0.0 184.47 399.46 0.0 2099.14 5620.82 0.0 1260
624.25 1581.77 -39.81 -462.1 0.0 12659.0 0.0 180.11 401.45 0.0 2099.14 5620.82 0.0 1260
624.26 1584.09 -34.48 -462.1 0.0 12659.0 0.0 176.04 403.25 0.0 2099.14 5620.82 0.0 1260
624.27 1586.37 -29.14 -462.1 0.0 12621.0 0.0 172.59 404.74 0.0 2099.14 5620.82 0.0 1260
624.29 1588.61 -23.78 -462.1 0.0 12621.0 0.0 169.68 405.97 0.0 2118.52 5613.54 0.0 1260
624.3 1590.64 -18.86 -462.1 0.0 12621.0 0.0 167.62 406.82 0.0 2118.52 5613.54 0.0 1260
624.31 1592.83 -13.48 -462.1 0.0 12621.0 0.0 165.7 407.61 0.0 2118.52 5613.54 0.0 1260
624.33 1594.81 -8.54 -462.1 0.0 12621.0 0.0 164.21 408.21 0.0 2118.52 5613.54 0.0 1260
624.34 1597.32 -2.24 -462.1 0.0 12621.0 0.0 162.61 408.85 0.0 2118.52 5613.54 0.0 1260
624.35 1599.1 2.26 -462.1 0.0 12621.0 0.0 161.65 409.23 0.0 2118.52 5613.54 0.0 1260
624.36 1601.04 7.21 -462.1 0.0 12621.0 0.0 160.74 409.59 0.0 2118.52 5613.54 0.0 1260
624.38 1603.33 13.08 -462.1 0.0 12621.0 0.0 159.83 409.94 0.0 2118.52 5613.54 0.0 1260
624.39 1605.6 18.94 -462.1 0.0 12583.0 0.0 159.07 410.24 0.0 2118.52 5613.54 0.0 1260
624.4 1607.69 24.36 -462.1 0.0 12530.0 0.0 158.49 410.47 0.0 2140.04 5605.38 0.0 1260
624.42 1609.78 29.78 -462.1 0.0 12477.0 0.0 158.25 410.56 0.0 2167.95 5594.64 0.0 1260
624.43 1611.87 35.2 -462.1 0.0 12379.0 0.0 158.36 410.51 0.0 2195.82 5583.76 0.0 1260
624.44 1613.79 40.16 -462.1 0.0 12255.0 0.0 158.74 410.37 0.0 2249.25 5562.45 0.0 1260
624.46 1616.25 46.48 -462.1 0.0 12255.0 0.0 159.87 409.93 0.0 2315.22 5535.32 0.0 1260
624.47 1618.39 51.88 -462.1 0.0 12179.0 0.0 161.44 409.31 0.0 2315.22 5535.32 0.0 1260
624.48 1620.17 56.38 -462.1 0.0 12005.0 0.0 162.54 408.87 0.0 2355.49 5518.3 0.0 1260
624.5 1622.52 62.21 -462.1 0.0 11773.0 0.0 164.28 408.18 0.0 2446.16 5478.71 0.0 1260
624.51 1624.91 68.04 -462.1 0.0 11338.0 0.0 166.86 407.13 0.0 2567.41 5422.95 0.0 1260
624.52 1627.73 74.73 -462.1 0.0 11071.0 0.0 171.05 405.39 0.0 2791.79 5310.93 0.0 1260
624.54 1629.66 79.16 -462.1 0.0 10955.0 0.0 175.58 403.45 340.0 2927.31 5237.45 0.0 1260
624.55 1632.21 85.0 -457.34 0.0 11008.0 0.0 180.59 412.39 326.41 2985.38 5204.57 0.0 1260
624.57 1634.6 90.44 -453.11 0.0 11124.0 0.0 181.51 411.99 313.87 2957.39 5220.52 0.0 1260
624.58 1637.2 96.33 -448.72 0.0 11257.0 0.0 182.44 411.58 300.29 2899.15 5253.09 0.0 1260
624.6 1640.22 103.11 -443.89 0.0 11381.0 0.0 183.37 411.17 284.61 2832.44 5289.36 0.0 1264
624.61 1643.05 109.44 -439.62 0.0 11488.0 0.0 184.08 410.85 269.98 2769.36 5322.65 0.0 1264
624.62 1645.48 114.86 -436.14 0.0 11595.0 0.0 184.57 410.62 257.44 2714.1 5351.04 0.0 1264
624.64 1647.92 120.28 -432.83 0.0 11702.0 0.0 184.97 410.44 244.9 2660.61 5377.84 0.0 1264
624.65 1650.36 125.7 -429.68 0.0 11809.0 0.0 185.28 410.3 232.36 2604.78 5405.1 0.0 1264
624.66 1652.81 131.12 -426.69 0.0 11916.0 0.0 185.48 410.21 219.82 2548.68 5431.78 0.0 1264
624.68 1655.26 136.53 -423.87 0.0 11996.0 0.0 185.61 410.15 207.28 2492.3 5457.88 0.0 1264
624.69 1657.71 141.94 -421.22 0.0 12049.0 0.0 185.63 410.14 194.74 2450.37 5476.83 0.0 1264
624.7 1660.16 147.36 -418.73 0.0 12146.0 0.0 185.59 410.16 182.2 2423.03 5488.98 0.0 1264
624.72 1662.41 152.32 -416.6 0.0 12203.0 0.0 185.52 410.19 170.7 2372.41 5511.05 0.0 1264
624.73 1665.06 158.19 -414.25 0.0 12318.0 0.0 185.35 410.27 157.12 2342.79 5523.71 0.0 1264
624.74 1667.71 164.06 -412.1 0.0 12415.0 0.0 185.13 410.36 143.53 2281.21 5549.42 0.0 1264
624.76 1669.95 169.02 -410.44 0.0 12588.0 0.0 184.87 410.48 132.04 2230.04 5570.18 0.0 1264
624.77 1672.59 174.89 -408.65 0.0 12832.0 0.0 184.48 410.66 118.45 2135.74 5607.02 0.0 1264
624.78 1674.82 179.86 -407.28 0.0 13150.0 0.0 184.03 410.86 106.96 2004.0 5655.44 0.0 1264
624.8 1677.44 185.74 -405.85 0.0 13443.0 0.0 183.29 411.2 93.37 1831.77 5713.55 0.0 1264
624.81 1679.65 190.72 -404.79 0.0 13736.0 0.0 182.44 411.58 81.87 1671.12 5762.58 0.0 1264
624.82 1682.06 196.15 -403.79 0.0 13949.0 0.0 181.29 412.09 69.34 1506.93 5807.68 0.0 1264
624.84 1684.44 201.6 -402.96 0.0 14162.0 0.0 179.92 412.69 56.8 1388.59 5837.11 0.0 1264
624.85 1686.8 207.05 -402.29 0.0 14268.0 0.0 178.41 413.35 44.26 1269.67 5864.12 0.0 1264
624.86 1689.15 212.51 -401.79 0.0 14365.0 0.0 176.74 414.06 31.72 1208.88 5876.96 0.0 1264
624.88 1691.28 217.52 -401.48 0.0 14422.0 0.0 175.16 414.73 20.22 1154.74 5887.83 0.0 1264
624.89 1693.77 223.46 -401.28 0.0 14544.0 0.0 173.26 415.54 6.64 1123.11 5893.95 0.0 1264
624.9 1695.85 228.49 -401.27 0.0 14690.0 0.0 171.63 416.21 -4.86 1052.97 5906.88 0.0 1264
624.91 1697.92 233.53 -401.4 0.0 14957.0 0.0 169.93 416.91 -16.36 971.32 5920.86 0.0 1264
624.93 1700.15 239.04 -401.7 0.0 15197.0 0.0 168.0 417.7 -28.9 818.88 5943.86 0.0 1264
624.94 1702.36 244.56 -402.16 0.0 15441.0 0.0 165.9 418.54 -41.44 681.91 5961.12 0.0 1264
624.95 1704.35 249.63 -402.74 0.0 15654.0 0.0 163.81 419.36 -52.93 542.29 5975.44 0.0 1264
624.96 1706.5 255.17 -403.52 0.0 15800.0 0.0 161.39 420.31 -65.47 420.73 5985.23 0.0 1264
624.98 1708.44 260.26 -404.38 0.0 16049.0 0.0 159.04 421.21 -76.97 335.77 5990.6 0.0 1264
624.99 1711.2 267.69 -405.88 0.0 16102.0 0.0 155.54 422.52 -93.69 193.25 5996.89 0.0 1264
625.01 1713.24 273.27 -407.2 0.0 16102.0 0.0 152.78 423.54 -106.23 163.35 5997.78 0.0 1264
625.02 1715.07 278.4 -408.55 0.0 16102.0 0.0 150.24 424.44 -117.72 163.35 5997.78 0.0 1264
625.03 1716.87 283.54 -410.05 0.0 16102.0 0.0 147.75 425.33 -129.21 163.35 5997.78 0.0 1264
625.04 1718.65 288.7 -411.68 0.0 16102.0 0.0 145.3 426.18 -140.71 163.35 5997.78 0.0 1264
625.06 1720.39 293.86 -413.45 0.0 16102.0 0.0 142.89 427.0 -152.2 163.35 5997.78 0.0 1264
625.07 1722.11 299.03 -415.36 0.0 16102.0 0.0 140.51 427.79 -163.69 163.35 5997.78 0.0 1264
625.08 1723.64 303.74 -417.22 0.0 16102.0 0.0 138.38 428.48 -174.15 163.35 5997.78 0.0 1264
625.09 1725.3 308.93 -419.4 0.0 16102.0 0.0 136.08 429.23 -185.64 163.35 5997.78 0.0 1264
625.1 1727.08 314.6 -421.93 0.0 16102.0 0.0 133.62 430.01 -198.18 163.35 5997.78 0.0 1264
625.11 1728.68 319.81 -424.4 0.0 16102.0 0.0 131.41 430.69 -209.68 163.35 5997.78 0.0 1264
625.13 1730.12 324.55 -426.76 0.0 16102.0 0.0 129.43 431.3 -220.13 163.35 5997.78 0.0 1264
625.14 1731.95 330.72 -430.01 0.0 16102.0 0.0 126.89 432.06 -233.72 163.35 5997.78 0.0 1264
625.15 1733.47 335.95 -432.91 0.0 16102.0 0.0 124.78 432.67 -245.21 163.35 5997.78 0.0 1264
625.16 1734.97 341.19 -435.94 0.0 16102.0 0.0 122.71 433.27 -256.71 163.35 5997.78 0.0 1264
625.18 1736.31 345.96 -438.82 0.0 16102.0 0.0 120.85 433.79 -267.16 163.35 5997.78 0.0 1264
625.19 1737.89 351.69 -442.43 0.0 16102.0 0.0 118.66 434.4 -279.7 163.35 5997.78 0.0 1264
625.2 1739.31 356.95 -445.89 0.0 16102.0 0.0 116.7 434.93 -291.19 163.35 5997.78 0.0 1264
625.21 1740.72 362.21 -449.48 0.0 16102.0 0.0 114.77 435.45 -302.69 163.35 5997.78 0.0 1264
625.23 1741.84 366.53 -452.52 0.0 16102.0 0.0 113.22 435.86 -312.09 163.35 5997.78 0.0 1264
625.24 1743.45 372.76 -457.08 0.0 16102.0 0.0 111.02 436.43 -325.68 163.35 5997.78 0.0 1264
625.25 1744.9 378.53 -461.47 0.0 16102.0 0.0 109.02 436.94 -338.22 163.35 5997.78 0.0 1264
625.26 1746.09 383.34 -465.24 0.0 16102.0 0.0 107.4 437.34 -348.67 163.35 5997.78 0.0 1264
625.27 1747.19 388.08 -464.1 0.0 16102.0 0.0 98.27 428.89 0.0 163.35 5997.78 0.0 1264
625.28 1748.31 393.78 -462.15 0.0 16102.0 0.0 84.9 431.73 0.0 163.35 5997.78 0.0 1264
625.3 1749.14 398.55 -462.15 0.0 16102.0 0.0 75.37 433.5 0.0 163.35 5997.78 0.0 1264
625.31 1749.88 403.33 -462.15 0.0 16102.0 0.0 67.06 434.86 0.0 163.35 5997.78 0.0 1264
625.32 1750.6 408.61 -462.15 0.0 16102.0 0.0 59.14 436.01 0.0 163.35 5997.78 0.0 1264
625.34 1751.28 414.37 -462.15 0.0 16102.0 0.0 51.76 436.94 0.0 163.35 5997.78 0.0 1264
625.35 1751.97 421.11 -462.15 0.0 16102.0 0.0 44.56 437.74 0.0 163.35 5997.78 0.0 1264
625.36 1752.41 425.93 -462.15 0.0 16102.0 0.0 40.25 438.15 0.0 163.35 5997.78 0.0 1264
625.38 1752.88 431.72 -462.15 0.0 16102.0 0.0 35.81 438.54 0.0 163.35 5997.78 0.0 1264
625.39 1753.37 438.48 -462.15 0.0 16102.0 0.0 31.48 438.87 0.0 163.35 5997.78 0.0 1264
625.4 1753.68 443.31 -462.15 0.0 16102.0 0.0 28.91 439.05 0.0 163.35 5997.78 0.0 1264
625.41 1754.01 448.62 -462.15 0.0 16102.0 0.0 26.45 439.2 0.0 163.35 5997.78 0.0 1264
625.42 1754.3 453.94 -462.15 0.0 16102.0 0.0 24.35 439.32 0.0 163.35 5997.78 0.0 1264
625.44 1754.57 459.26 -462.15 0.0 16102.0 0.0 22.56 439.42 0.0 163.35 5997.78 0.0 1264
625.45 1754.85 465.06 -462.15 0.0 16102.0 0.0 20.89 439.5 0.0 163.35 5997.78 0.0 1264
625.47 1755.13 471.35 -462.15 0.0 16102.0 0.0 19.38 439.57 0.0 163.35 5997.78 0.0 1264
625.48 1755.38 477.63 -462.15 0.0 16140.0 0.0 18.12 439.63 0.0 163.35 5997.78 0.0 1264
625.5 1755.65 484.4 -462.15 0.0 16140.0 0.0 17.0 439.67 0.0 140.35 5998.36 0.0 1264
625.51 1755.89 491.17 -462.15 0.0 16140.0 0.0 15.78 439.72 0.0 140.35 5998.36 0.0 1264
625.52 1756.1 497.46 -462.15 0.0 16140.0 0.0 14.85 439.75 0.0 140.35 5998.36 0.0 1264
625.54 1756.29 503.27 -462.15 0.0 16140.0 0.0 14.14 439.77 0.0 140.35 5998.36 0.0 1264
625.55 1756.47 509.07 -462.15 0.0 16140.0 0.0 13.54 439.79 0.0 140.35 5998.36 0.0 1264
625.56 1756.64 514.88 -462.15 0.0 16140.0 0.0 13.03 439.81 0.0 140.35 5998.36 0.0 1264
625.58 1756.81 520.68 -462.15 0.0 16102.0 0.0 12.6 439.82 0.0 140.35 5998.36 0.0 1264
625.59 1756.97 526.49 -462.15 0.0 16102.0 0.0 12.23 439.83 0.0 163.35 5997.78 0.0 1264
625.6 1757.11 531.81 -462.15 0.0 16064.0 0.0 12.2 439.83 0.0 163.35 5997.78 0.0 1288
625.61 1757.26 537.13 -462.15 0.0 16016.0 0.0 12.17 439.83 0.0 184.05 5997.18 0.0 1288
625.62 1757.41 542.46 -462.15 0.0 16016.0 0.0 12.36 439.83 0.0 211.65 5996.27 0.0 1288
625.64 1757.55 547.29 -462.15 0.0 15978.0 0.0 12.77 439.81 0.0 211.65 5996.27 0.0 1288
625.65 1757.71 552.62 -462.15 0.0 15978.0 0.0 13.18 439.8 0.0 234.64 5995.41 0.0 1288
625.66 1757.88 557.94 -462.15 0.0 15978.0 0.0 13.76 439.79 0.0 234.64 5995.41 0.0 1288
625.68 1758.05 563.26 -462.15 0.0 15940.0 0.0 14.27 439.77 0.0 234.64 5995.41 0.0 1288
625.69 1758.31 571.0 -462.15 0.0 15892.0 0.0 14.87 439.75 0.0 255.33 5994.56 0.0 1288
625.7 1758.5 576.32 -462.15 0.0 15844.0 0.0 15.43 439.73 0.0 282.91 5993.33 0.0 1288
625.72 1758.69 581.64 -462.15 0.0 15791.0 0.0 16.19 439.7 0.0 310.49 5991.96 0.0 1288
625.73 1758.92 587.44 -462.15 0.0 15743.0 0.0 17.23 439.66 0.0 342.66 5990.21 0.0 1288
625.74 1759.14 592.76 -462.15 0.0 15690.0 0.0 18.37 439.61 0.0 370.22 5988.57 0.0 1288
625.75 1759.41 598.56 -462.15 0.0 15637.0 0.0 19.75 439.55 0.0 400.07 5986.65 0.0 1288
625.77 1759.69 604.36 -462.15 0.0 15580.0 0.0 21.26 439.49 0.0 429.91 5984.58 0.0 1288
625.78 1760.01 610.65 -462.15 0.0 15527.0 0.0 23.01 439.4 0.0 462.04 5982.18 0.0 1288
625.79 1760.34 616.45 -462.15 0.0 15479.0 0.0 24.72 439.31 0.0 494.15 5979.62 0.0 1168
625.81 1760.66 621.76 -462.15 0.0 15479.0 0.0 26.39 439.21 0.0 521.66 5977.28 0.0 1168
625.82 1761.03 627.56 -462.15 0.0 15479.0 0.0 28.26 439.09 0.0 521.66 5977.28 0.0 1168
625.83 1761.43 633.35 -462.15 0.0 15479.0 0.0 29.83 438.99 0.0 521.66 5977.28 0.0 1168
625.85 1761.91 640.11 -462.15 0.0 15479.0 0.0 31.37 438.88 0.0 521.66 5977.28 0.0 1168
625.86 1762.27 644.94 -462.15 0.0 15479.0 0.0 32.28 438.82 0.0 521.66 5977.28 0.0 1168
625.87 1762.67 650.25 -462.15 0.0 15479.0 0.0 33.15 438.75 0.0 521.66 5977.28 0.0 1168
625.88 1763.11 656.04 -462.15 0.0 15479.0 0.0 33.96 438.69 0.0 521.66 5977.28 0.0 1168
625.9 1763.53 661.34 -462.15 0.0 15479.0 0.0 34.58 438.64 0.0 521.66 5977.28 0.0 1168
625.91 1763.96 666.65 -462.15 0.0 15479.0 0.0 35.12 438.6 0.0 521.66 5977.28 0.0 1168
625.92 1764.39 671.96 -462.15 0.0 15479.0 0.0 35.57 438.56 0.0 521.66 5977.28 0.0 1168
625.93 1764.82 677.26 -462.15 0.0 15479.0 0.0 35.97 438.53 0.0 521.66 5977.28 0.0 1168
625.94 1765.3 683.05 -462.15 0.0 15479.0 0.0 36.33 438.5 0.0 521.66 5977.28 0.0 1168
625.96 1765.67 687.39 -462.15 0.0 15479.0 0.0 36.56 438.48 0.0 521.66 5977.28 0.0 1168
625.97 1766.15 693.18 -462.15 0.0 15479.0 0.0 36.82 438.45 0.0 521.66 5977.28 0.0 1168
625.98 1766.6 698.49 -462.15 0.0 15479.0 0.0 37.03 438.44 0.0 521.66 5977.28 0.0 1168
625.99 1767.05 703.79 -462.15 0.0 15479.0 0.0 37.22 438.42 0.0 521.66 5977.28 0.0 1168
626.0 1767.5 709.1 -462.15 0.0 15479.0 0.0 37.37 438.41 0.0 521.66 5977.28 0.0 1168
626.02 1767.96 714.4 -462.15 0.0 15479.0 0.0 37.5 438.4 0.0 521.66 5977.28 0.0 1168
626.03 1768.45 720.19 -462.15 0.0 15479.0 0.0 37.62 438.39 0.0 521.66 5977.28 0.0 1168
626.04 1768.87 725.01 -462.15 0.0 15441.0 0.0 37.71 438.38 0.0 521.66 5977.28 0.0 1168
626.05 1769.32 730.31 -462.15 0.0 15441.0 0.0 37.79 438.37 0.0 542.29 5975.44 0.0 1168
626.07 1769.78 735.62 -462.15 0.0 15441.0 0.0 38.07 438.35 0.0 542.29 5975.44 0.0 1168
626.08 1770.29 741.4 -462.15 0.0 15441.0 0.0 38.34 438.32 0.0 542.29 5975.44 0.0 1168
626.09 1770.71 746.23 -462.15 0.0 15441.0 0.0 38.53 438.31 0.0 542.29 5975.44 0.0 1168
626.1 1771.18 751.53 -462.15 0.0 15441.0 0.0 38.71 438.29 0.0 542.29 5975.44 0.0 1168
626.11 1771.7 757.31 -462.15 0.0 15441.0 0.0 38.88 438.28 0.0 542.29 5975.44 0.0 1168
626.13 1772.17 762.62 -462.15 0.0 15441.0 0.0 39.0 438.27 0.0 542.29 5975.44 0.0 1168
626.14 1772.64 767.92 -462.15 0.0 15403.0 0.0 39.11 438.26 0.0 542.29 5975.44 0.0 1168
626.15 1773.12 773.22 -462.15 0.0 15403.0 0.0 39.2 438.25 0.0 565.2 5973.32 0.0 1168
626.16 1773.59 778.53 -462.15 0.0 15365.0 0.0 39.53 438.22 0.0 565.2 5973.32 0.0 1168
626.18 1774.12 784.31 -462.15 0.0 15365.0 0.0 39.83 438.2 0.0 585.81 5971.33 0.0 1168
626.19 1774.74 791.06 -462.15 0.0 15365.0 0.0 40.4 438.14 0.0 585.81 5971.33 0.0 1168
626.2 1775.24 796.36 -462.15 0.0 15365.0 0.0 40.78 438.11 0.0 585.81 5971.33 0.0 1168
626.22 1775.78 802.14 -462.15 0.0 15365.0 0.0 41.12 438.08 0.0 585.81 5971.33 0.0 1168
626.23 1776.23 806.96 -462.15 0.0 15327.0 0.0 41.37 438.05 0.0 585.81 5971.33 0.0 1168
626.24 1776.78 812.74 -462.15 0.0 15327.0 0.0 41.62 438.03 0.0 608.71 5969.04 0.0 1168
626.25 1777.29 818.04 -462.15 0.0 15289.0 0.0 42.06 437.99 0.0 608.71 5969.04 0.0 1168
626.27 1777.85 823.82 -462.15 0.0 15192.0 0.0 42.47 437.95 0.0 629.31 5966.91 0.0 1168
626.28 1778.37 829.12 -462.15 0.0 15192.0 0.0 43.0 437.89 0.0 684.2 5960.86 0.0 1168
626.29 1778.91 834.42 -462.15 0.0 15154.0 0.0 44.04 437.79 0.0 684.2 5960.86 0.0 1168
626.3 1779.45 839.71 -462.15 0.0 15154.0 0.0 44.92 437.7 0.0 707.05 5958.19 0.0 1168
626.32 1780.0 845.01 -462.15 0.0 15116.0 0.0 45.93 437.6 0.0 707.05 5958.19 0.0 1168
626.33 1780.62 850.78 -462.15 0.0 15116.0 0.0 46.87 437.5 0.0 727.61 5955.72 0.0 1168
626.34 1781.2 856.08 -462.15 0.0 15078.0 0.0 47.81 437.4 0.0 727.61 5955.72 0.0 1168
626.35 1781.84 861.85 -462.15 0.0 15078.0 0.0 48.68 437.3 0.0 750.45 5952.88 0.0 1168
626.37 1782.44 867.14 -462.15 0.0 15040.0 0.0 49.6 437.19 0.0 750.45 5952.88 0.0 1168
626.38 1783.05 872.43 -462.15 0.0 15040.0 0.0 50.39 437.1 0.0 770.99 5950.26 0.0 1168
626.39 1783.73 878.2 -462.15 0.0 15040.0 0.0 51.36 436.99 0.0 770.99 5950.26 0.0 1168
626.4 1784.36 883.48 -462.15 0.0 15040.0 0.0 52.12 436.9 0.0 770.99 5950.26 0.0 1168
626.41 1784.94 888.29 -462.15 0.0 15040.0 0.0 52.7 436.83 0.0 770.99 5950.26 0.0 1168
626.43 1785.59 893.57 -462.15 0.0 15040.0 0.0 53.26 436.76 0.0 770.99 5950.26 0.0 1168
626.44 1786.3 899.34 -462.15 0.0 15040.0 0.0 53.78 436.7 0.0 770.99 5950.26 0.0 1168
626.45 1786.95 904.62 -462.15 0.0 15040.0 0.0 54.18 436.65 0.0 770.99 5950.26 0.0 1168
626.46 1787.55 909.42 -462.15 0.0 15040.0 0.0 54.49 436.61 0.0 770.99 5950.26 0.0 1168
626.48 1788.28 915.19 -462.15 0.0 15040.0 0.0 54.81 436.57 0.0 770.99 5950.26 0.0 1168
626.49 1788.94 920.47 -462.15 0.0 15040.0 0.0 55.06 436.54 0.0 770.99 5950.26 0.0 1168
626.5 1789.61 925.75 -462.15 0.0 15040.0 0.0 55.27 436.51 0.0 770.99 5950.26 0.0 1168
626.51 1790.28 931.03 -462.15 0.0 15040.0 0.0 55.46 436.49 0.0 770.99 5950.26 0.0 1168
626.52 1791.08 937.27 -462.15 0.0 15040.0 0.0 55.64 436.47 0.0 770.99 5950.26 0.0 1168
626.54 1791.69 942.07 -462.15 0.0 15040.0 0.0 55.76 436.45 0.0 770.99 5950.26 0.0 1168
626.55 1792.37 947.35 -462.15 0.0 15040.0 0.0 55.88 436.44 0.0 770.99 5950.26 0.0 1168
626.56 1793.04 952.64 -462.15 0.0 15040.0 0.0 55.97 436.43 0.0 770.99 5950.26 0.0 1168
626.58 1793.72 957.92 -462.15 0.0 15040.0 0.0 56.05 436.42 0.0 770.99 5950.26 0.0 1168
626.59 1794.65 965.12 -462.15 0.0 15040.0 0.0 56.14 436.4 0.0 770.99 5950.26 0.0 1168
626.6 1795.2 969.44 -462.15 0.0 15040.0 0.0 56.19 436.4 0.0 770.99 5950.26 0.0 1168
626.61 1795.95 975.2 -462.15 0.0 15040.0 0.0 56.24 436.39 0.0 770.99 5950.26 0.0 1168
626.62 1796.69 980.96 -462.15 0.0 15040.0 0.0 56.29 436.38 0.0 770.99 5950.26 0.0 1168
626.64 1797.31 985.76 -462.15 0.0 15040.0 0.0 56.32 436.38 0.0 770.99 5950.26 0.0 1168
626.65 1798.05 991.52 -462.15 0.0 15040.0 0.0 56.36 436.38 0.0 770.99 5950.26 0.0 1168
626.66 1798.8 997.28 -462.15 0.0 15040.0 0.0 56.38 436.37 0.0 770.99 5950.26 0.0 1168
626.67 1799.48 1002.56 -462.15 0.0 15040.0 0.0 56.4 436.37 0.0 770.99 5950.26 0.0 1168
626.69 1800.04 1006.88 -462.15 0.0 15040.0 0.0 56.42 436.37 0.0 770.99 5950.26 0.0 1168
626.7 1800.72 1012.16 -462.15 0.0 15040.0 0.0 56.44 436.37 0.0 770.99 5950.26 0.0 1168
626.71 1801.47 1017.92 -462.15 0.0 15040.0 0.0 56.46 436.36 0.0 770.99 5950.26 0.0 1168
626.72 1802.15 1023.2 -462.15 0.0 15040.0 0.0 56.47 436.36 0.0 770.99 5950.26 0.0 1168
626.73 1802.83 1028.48 -462.15 0.0 15040.0 0.0 56.48 436.36 0.0 770.99 5950.26 0.0 1168
626.75 1803.52 1033.76 -462.15 0.0 15040.0 0.0 56.49 436.36 0.0 770.99 5950.26 0.0 1168
626.76 1804.2 1039.04 -462.15 0.0 15040.0 0.0 56.5 436.36 0.0 770.99 5950.26 0.0 1170
626.77 1804.95 1044.8 -462.15 0.0 15040.0 0.0 56.5 436.36 0.0 770.99 5950.26 0.0 1170
626.78 1805.57 1049.6 -462.15 0.0 15040.0 0.0 56.51 436.36 0.0 770.99 5950.26 0.0 1170
626.8 1806.25 1054.88 -462.15 0.0 15040.0 0.0 56.52 436.36 0.0 770.99 5950.26 0.0 1170
626.81 1806.94 1060.16 -462.15 0.0 15040.0 0.0 56.52 436.36 0.0 770.99 5950.26 0.0 1170
626.82 1807.56 1064.96 -462.15 0.0 15040.0 0.0 56.52 436.36 0.0 770.99 5950.26 0.0 1170
626.83 1808.24 1070.24 -462.15 0.0 15040.0 0.0 56.53 436.36 0.0 770.99 5950.26 0.0 1170
626.84 1808.99 1076.0 -462.15 0.0 15040.0 0.0 56.53 436.36 0.0 770.99 5950.26 0.0 1170
626.85 1809.73 1081.76 -462.15 0.0 15040.0 0.0 56.53 436.36 0.0 770.99 5950.26 0.0 1170
626.87 1810.29 1086.08 -462.15 0.0 15040.0 0.0 56.53 436.36 0.0 770.99 5950.26 0.0 1170
626.88 1811.04 1091.84 -462.15 0.0 15040.0 0.0 56.53 436.36 0.0 770.99 5950.26 0.0 1170
626.89 1811.79 1097.6 -462.15 0.0 15040.0 0.0 56.53 436.36 0.0 770.99 5950.26 0.0 1170
626.91 1812.53 1103.36 -462.15 0.0 15040.0 0.0 56.53 436.36 0.0 770.99 5950.26 0.0 1170
626.92 1813.22 1108.64 -462.15 0.0 15040.0 0.0 56.54 436.36 0.0 770.99 5950.26 0.0 1170
626.93 1813.84 1113.44 -462.15 0.0 15040.0 0.0 56.54 436.36 0.0 770.99 5950.26 0.0 1170
626.94 1814.52 1118.72 -462.15 0.0 15078.0 0.0 56.54 436.36 0.0 770.99 5950.26 0.0 1170
626.95 1815.21 1124.0 -462.15 0.0 15126.0 0.0 56.54 436.36 0.0 750.45 5952.88 0.0 1170
626.97 1815.89 1129.28 -462.15 0.0 15174.0 0.0 56.31 436.38 0.0 723.04 5956.27 0.0 1170
626.98 1816.56 1134.56 -462.15 0.0 15222.0 0.0 55.84 436.45 0.0 695.63 5959.54 0.0 1170
626.99 1817.23 1139.84 -462.15 0.0 15294.0 0.0 55.14 436.53 0.0 668.19 5962.68 0.0 1170
627.0 1817.89 1145.12 -462.15 0.0 15346.0 0.0 54.26 436.64 0.0 627.02 5967.15 0.0 1170
627.02 1818.59 1150.89 -462.15 0.0 15451.0 0.0 52.95 436.8 0.0 597.26 5970.2 0.0 1170
627.03 1819.27 1156.66 -462.15 0.0 15499.0 0.0 51.51 436.97 0.0 537.7 5975.86 0.0 1170
627.04 1819.87 1161.95 -462.15 0.0 15642.0 0.0 49.77 437.17 0.0 510.2 5978.27 0.0 1170
627.05 1820.55 1168.2 -462.15 0.0 15730.0 0.0 47.68 437.41 0.0 427.62 5984.74 0.0 1170
627.06 1821.05 1173.02 -462.15 0.0 15818.0 0.0 45.52 437.64 0.0 377.11 5988.14 0.0 1170
627.08 1821.53 1177.83 -462.15 0.0 15915.0 0.0 43.16 437.88 0.0 326.58 5991.11 0.0 1170
627.09 1822.01 1183.13 -462.15 0.0 16014.0 0.0 40.37 438.14 0.0 271.42 5993.86 0.0 1170
627.1 1822.39 1187.47 -462.15 0.0 16111.0 0.0 37.93 438.37 0.0 213.94 5996.18 0.0 1170
627.11 1822.81 1192.78 -462.15 0.0 16155.0 0.0 34.71 438.63 0.0 158.75 5997.9 0.0 1170
627.12 1823.16 1197.61 -462.15 0.0 16252.0 0.0 31.66 438.85 0.0 133.45 5998.52 0.0 1170
627.13 1823.5 1202.92 -462.15 0.0 16311.0 0.0 28.49 439.08 0.0 75.93 5999.52 0.0 1170
627.14 1823.76 1207.27 -462.15 0.0 16359.0 0.0 25.75 439.24 0.0 43.72 5999.84 0.0 1170
627.15 1824.03 1212.59 -462.15 0.0 16447.0 0.0 22.49 439.42 0.0 16.11 5999.98 0.0 1170
627.17 1824.25 1217.42 -462.15 0.0 16544.0 0.0 19.66 439.56 0.0 -34.51 5999.9 0.0 1170
627.18 1824.45 1222.74 -462.15 0.0 16623.0 0.0 16.45 439.7 0.0 -92.04 5999.29 0.0 1170
627.19 1824.58 1227.1 -462.15 0.0 16711.0 0.0 13.67 439.79 0.0 -135.75 5998.46 0.0 1170
627.2 1824.7 1231.93 -462.15 0.0 16905.0 0.0 10.54 439.87 0.0 -186.35 5997.11 0.0 1170
627.21 1824.78 1237.26 -462.15 0.0 17037.0 0.0 7.03 439.95 0.0 -299.0 5992.55 0.0 1170
627.22 1824.81 1243.07 -462.15 0.0 17107.0 0.0 2.48 439.99 0.0 -374.81 5988.28 0.0 1170
627.23 1824.81 1246.94 -462.15 0.0 17195.0 0.0 -0.72 439.99 0.0 -413.85 5985.71 0.0 1170
627.24 1824.76 1251.78 -462.15 0.0 17327.0 0.0 -4.65 439.97 0.0 -464.33 5982.01 0.0 1170
627.25 1824.66 1256.62 -462.15 0.0 17459.0 0.0 -8.54 439.92 0.0 -540.0 5975.65 0.0 1170
627.26 1824.52 1261.45 -462.15 0.0 17617.0 0.0 -12.66 439.82 0.0 -615.58 5968.34 0.0 1170
627.28 1824.36 1265.81 -462.15 0.0 17705.0 0.0 -16.56 439.69 0.0 -707.05 5958.19 0.0 1170
627.29 1824.13 1270.64 -462.15 0.0 17837.0 0.0 -21.24 439.49 0.0 -757.3 5952.02 0.0 1170
627.3 1823.84 1275.47 -462.15 0.0 17934.0 0.0 -25.79 439.24 0.0 -832.56 5941.96 0.0 1167
627.31 1823.47 1280.78 -462.15 0.0 17978.0 0.0 -30.91 438.91 0.0 -887.21 5934.04 0.0 1167
627.32 1823.08 1285.61 -462.15 0.0 18022.0 0.0 -35.44 438.57 0.0 -912.23 5930.25 0.0 1167
627.33 1822.64 1290.43 -462.15 0.0 18022.0 0.0 -39.62 438.21 0.0 -937.24 5926.35 0.0 1167
627.35 1822.11 1295.73 -462.15 0.0 18022.0 0.0 -43.85 437.81 0.0 -937.24 5926.35 0.0 1167
627.36 1821.31 1302.94 -462.15 0.0 18022.0 0.0 -48.69 437.3 0.0 -937.24 5926.35 0.0 1167
627.38 1820.62 1308.71 -462.15 0.0 18060.0 0.0 -51.85 436.94 0.0 -937.24 5926.35 0.0 1167
627.4 1819.52 1317.35 -462.15 0.0 18117.0 0.0 -55.73 436.46 0.0 -959.96 5922.71 0.0 1167
627.41 1818.69 1323.59 -462.15 0.0 18205.0 0.0 -58.23 436.13 0.0 -991.75 5917.47 0.0 1167
627.42 1818.03 1328.38 -462.15 0.0 18253.0 0.0 -60.15 435.87 0.0 -1041.64 5908.89 0.0 1167
627.43 1817.27 1333.65 -462.15 0.0 18326.0 0.0 -62.51 435.54 0.0 -1068.82 5904.03 0.0 1167
627.44 1816.49 1338.92 -462.15 0.0 18405.0 0.0 -64.82 435.2 0.0 -1109.55 5896.52 0.0 1167
627.45 1815.82 1343.22 -462.15 0.0 18493.0 0.0 -66.81 434.9 0.0 -1154.74 5887.83 0.0 1167
627.46 1815.06 1348.0 -462.15 0.0 18612.0 0.0 -69.18 434.53 0.0 -1204.37 5877.88 0.0 1167
627.48 1814.36 1352.3 -462.15 0.0 18784.0 0.0 -71.48 434.15 0.0 -1271.92 5863.64 0.0 1167
627.49 1813.28 1358.5 -462.15 0.0 18943.0 0.0 -75.19 433.53 0.0 -1368.43 5841.87 0.0 1167
627.5 1812.51 1362.79 -462.15 0.0 19164.0 0.0 -78.21 432.99 0.0 -1455.65 5820.75 0.0 1167
627.51 1811.6 1367.54 -462.15 0.0 19334.0 0.0 -82.01 432.28 0.0 -1580.31 5788.15 0.0 1167
627.52 1810.55 1372.76 -462.15 0.0 19493.0 0.0 -86.95 431.32 0.0 -1673.33 5761.94 0.0 1167
627.54 1809.33 1378.44 -462.15 0.0 19541.0 0.0 -92.63 430.14 0.0 -1761.51 5735.6 0.0 1167
627.55 1808.14 1383.63 -462.15 0.0 19589.0 0.0 -97.97 428.95 0.0 -1787.89 5727.43 0.0 1167
627.56 1806.9 1388.81 -462.15 0.0 19589.0 0.0 -102.81 427.82 0.0 -1814.23 5719.14 0.0 1167
627.57 1805.72 1393.5 -462.15 0.0 19589.0 0.0 -106.84 426.84 0.0 -1814.23 5719.14 0.0 1167
627.58 1804.39 1398.65 -462.15 0.0 19627.0 0.0 -110.67 425.85 0.0 -1814.23 5719.14 0.0 1167
627.59 1803.01 1403.8 -462.15 0.0 19671.0 0.0 -113.93 425.0 0.0 -1833.96 5712.85 0.0 1167
627.61 1801.72 1408.46 -462.15 0.0 19804.0 0.0 -116.67 424.25 0.0 -1858.04 5705.06 0.0 1167
627.62 1800.14 1414.05 -462.15 0.0 19950.0 0.0 -119.77 423.39 0.0 -1932.27 5680.35 0.0 1167
627.63 1798.65 1419.16 -462.15 0.0 20096.0 0.0 -122.97 422.46 0.0 -2010.5 5653.13 0.0 1167
627.64 1797.12 1424.26 -462.15 0.0 20229.0 0.0 -126.54 421.41 0.0 -2090.51 5624.03 0.0 1167
627.66 1795.4 1429.81 -462.15 0.0 20229.0 0.0 -130.79 420.12 0.0 -2161.52 5597.13 0.0 1167
627.67 1793.61 1435.34 -462.15 0.0 20305.0 0.0 -135.19 418.72 0.0 -2161.52 5597.13 0.0 1167
627.68 1791.62 1441.31 -462.15 0.0 20305.0 0.0 -139.18 417.4 0.0 -2202.24 5581.23 0.0 1167
627.69 1790.22 1445.43 -462.15 0.0 20305.0 0.0 -141.87 416.49 0.0 -2202.24 5581.23 0.0 1167
627.71 1788.47 1450.46 -462.15 0.0 20305.0 0.0 -144.74 415.51 0.0 -2202.24 5581.23 0.0 1167
627.72 1786.69 1455.47 -462.15 0.0 20305.0 0.0 -147.18 414.66 0.0 -2202.24 5581.23 0.0 1167
627.73 1784.71 1460.94 -462.15 0.0 20305.0 0.0 -149.44 413.85 0.0 -2202.24 5581.23 0.0 1167
627.75 1782.88 1465.94 -462.15 0.0 20305.0 0.0 -151.2 413.2 0.0 -2202.24 5581.23 0.0 1167
627.76 1780.53 1472.29 -462.15 0.0 20305.0 0.0 -153.08 412.51 0.0 -2202.24 5581.23 0.0 1167
627.77 1778.49 1477.73 -462.15 0.0 20305.0 0.0 -154.41 412.02 0.0 -2202.24 5581.23 0.0 1167
627.79 1776.44 1483.16 -462.15 0.0 20305.0 0.0 -155.53 411.6 0.0 -2202.24 5581.23 0.0 1167
627.82 1773.68 1490.4 -462.15 0.0 20305.0 0.0 -156.76 411.13 0.0 -2202.24 5581.23 0.0 1167
627.83 1769.5 1501.24 -462.15 0.0 20305.0 0.0 -158.17 410.59 0.0 -2202.24 5581.23 0.0 1167
627.85 1767.06 1507.56 -462.15 0.0 20305.0 0.0 -158.78 410.35 0.0 -2202.24 5581.23 0.0 1167
627.87 1764.08 1515.22 -462.15 0.0 20305.0 0.0 -159.37 410.12 0.0 -2202.24 5581.23 0.0 1167
627.88 1761.79 1521.09 -462.15 0.0 20305.0 0.0 -159.73 409.99 0.0 -2202.24 5581.23 0.0 1167
627.9 1759.15 1527.85 -462.15 0.0 20305.0 0.0 -160.07 409.85 0.0 -2202.24 5581.23 0.0 1167
627.91 1757.03 1533.26 -462.15 0.0 20305.0 0.0 -160.3 409.76 0.0 -2202.24 5581.23 0.0 1167
627.92 1754.56 1539.57 -462.15 0.0 20305.0 0.0 -160.52 409.67 0.0 -2202.24 5581.23 0.0 1167
627.94 1752.26 1545.42 -462.15 0.0 20305.0 0.0 -160.69 409.61 0.0 -2202.24 5581.23 0.0 1167
627.95 1749.43 1552.63 -462.15 0.0 20305.0 0.0 -160.86 409.55 0.0 -2202.24 5581.23 0.0 1167
627.97 1747.49 1557.59 -462.15 0.0 20305.0 0.0 -160.95 409.51 0.0 -2202.24 5581.23 0.0 1167
627.99 1744.65 1564.79 -462.15 0.0 20305.0 0.0 -161.06 409.46 0.0 -2202.24 5581.23 0.0 1167
628.0 1742.35 1570.65 -462.15 0.0 20305.0 0.0 -161.13 409.43 0.0 -2202.24 5581.23 0.0 1246
628.01 1739.86 1576.95 -462.15 0.0 20305.0 0.0 -161.2 409.41 0.0 -2202.24 5581.23 0.0 1246
628.03 1737.91 1581.91 -462.15 0.0 20305.0 0.0 -161.24 409.39 0.0 -2202.24 5581.23 0.0 1246
628.04 1735.96 1586.86 -462.15 0.0 20305.0 0.0 -161.28 409.38 0.0 -2202.24 5581.23 0.0 1246
628.05 1734.01 1591.81 -462.15 0.0 20305.0 0.0 -161.31 409.36 0.0 -2202.24 5581.23 0.0 1246
628.06 1732.23 1596.32 -462.15 0.0 20305.0 0.0 -161.34 409.36 0.0 -2202.24 5581.23 0.0 1246
628.07 1730.28 1601.27 -462.15 0.0 20305.0 0.0 -161.36 409.34 0.0 -2202.24 5581.23 0.0 1246
628.09 1728.51 1605.77 -462.15 0.0 20343.0 0.0 -161.39 409.34 0.0 -2202.24 5581.23 0.0 1246
628.1 1726.38 1611.18 -462.15 0.0 20387.0 0.0 -161.4 409.32 0.0 -2221.49 5573.6 0.0 1246
628.11 1724.6 1615.68 -462.15 0.0 20531.0 0.0 -161.6 409.25 0.0 -2244.98 5564.18 0.0 1246
628.12 1722.28 1621.53 -462.15 0.0 20690.0 0.0 -162.11 409.05 0.0 -2321.59 5532.65 0.0 1246
628.14 1720.12 1626.92 -462.15 0.0 20823.0 0.0 -163.4 408.54 0.0 -2406.18 5496.39 0.0 1246
628.15 1717.94 1632.3 -462.15 0.0 20929.0 0.0 -165.46 407.71 0.0 -2475.54 5465.5 0.0 1246
628.17 1715.72 1637.67 -462.15 0.0 20991.0 0.0 -168.0 406.66 0.0 -2532.0 5439.57 0.0 1246
628.19 1713.08 1643.91 -462.15 0.0 21161.0 0.0 -171.25 405.31 0.0 -2563.25 5424.92 0.0 1246
628.21 1708.63 1654.11 -462.15 0.0 21409.0 0.0 -176.07 403.24 0.0 -2652.36 5381.91 0.0 1246
628.22 1705.87 1660.3 -462.15 0.0 21728.0 0.0 -179.45 401.75 0.0 -2779.56 5317.34 0.0 1246
628.23 1703.45 1665.58 -462.15 0.0 22045.0 0.0 -183.34 399.98 0.0 -2941.36 5229.57 0.0 1246
628.25 1701.17 1670.39 -462.15 0.0 22541.0 0.0 -188.11 397.77 0.0 -3098.42 5138.07 0.0 1246
628.26 1697.72 1677.32 -462.15 0.0 22887.0 0.0 -196.33 393.77 0.0 -3339.16 4984.98 0.0 1246
628.28 1694.79 1682.89 -462.15 0.0 23233.0 0.0 -204.8 389.43 0.0 -3501.72 4872.16 0.0 1246
628.29 1691.73 1688.39 -462.15 0.0 23428.0 0.0 -213.91 384.5 0.0 -3662.3 4752.64 0.0 1246
628.3 1689.04 1692.99 -462.15 0.0 23629.0 0.0 -222.14 379.81 0.0 -3750.95 4682.99 0.0 1246
628.32 1685.73 1698.34 -462.15 0.0 23682.0 0.0 -231.46 374.2 0.0 -3840.05 4610.21 0.0 1246
628.33 1682.57 1703.21 -462.15 0.0 23797.0 0.0 -239.66 368.99 0.0 -3862.99 4591.0 0.0 1246
628.35 1679.03 1708.41 -462.15 0.0 23850.0 0.0 -247.33 363.91 0.0 -3913.81 4547.76 0.0 1246
628.36 1675.68 1713.16 -462.15 0.0 23903.0 0.0 -253.8 359.43 0.0 -3936.43 4528.19 0.0 1246
628.37 1672.25 1717.85 -462.15 0.0 23951.0 0.0 -259.45 355.36 0.0 -3958.96 4508.51 0.0 1246
628.38 1669.06 1722.11 -462.15 0.0 23951.0 0.0 -264.07 351.96 0.0 -3979.66 4490.24 0.0 1246
628.4 1665.21 1727.09 -462.15 0.0 23989.0 0.0 -268.9 348.27 0.0 -3979.66 4490.24 0.0 1246
628.41 1661.31 1732.02 -462.15 0.0 24046.0 0.0 -272.88 345.16 0.0 -3996.85 4474.95 0.0 1246
628.43 1657.36 1736.92 -462.15 0.0 24046.0 0.0 -276.38 342.36 0.0 -4020.82 4453.43 0.0 1246
628.44 1653.36 1741.78 -462.15 0.0 24046.0 0.0 -279.58 339.76 0.0 -4020.82 4453.42 0.0 1245
628.46 1649.01 1746.97 -462.15 0.0 24046.0 0.0 -282.4 337.41 0.0 -4020.82 4453.42 0.0 1245
628.47 1645.26 1751.4 -462.15 0.0 23931.0 0.0 -284.39 335.74 0.0 -4020.82 4453.42 0.0 1245
628.49 1640.53 1756.92 -462.15 0.0 23776.0 0.0 -286.44 333.99 0.0 -3971.05 4497.87 0.0 1245
628.5 1636.11 1762.05 -462.15 0.0 23545.0 0.0 -287.32 333.24 0.0 -3905.08 4555.26 0.0 1245
628.52 1632.0 1766.81 -462.15 0.0 23234.0 0.0 -287.16 333.38 0.0 -3802.8 4640.98 0.0 1245
628.53 1627.6 1771.97 -462.15 0.0 22830.0 0.0 -285.66 334.66 0.0 -3662.3 4752.64 0.0 1245
628.55 1623.56 1776.79 -462.15 0.0 22197.0 0.0 -282.81 337.08 0.0 -3475.51 4890.89 0.0 1245
628.56 1618.98 1782.42 -462.15 0.0 21619.0 0.0 -277.53 341.43 0.0 -3172.97 5092.38 0.0 1245
628.58 1615.11 1787.39 -462.15 0.0 21041.0 0.0 -270.22 347.25 0.0 -2885.04 5260.85 0.0 1245
628.59 1611.39 1792.46 -462.15 0.0 20434.0 0.0 -260.74 354.42 0.0 -2590.26 5412.07 0.0 1245
628.6 1607.82 1797.64 -462.15 0.0 19901.0 0.0 -249.35 362.53 0.0 -2270.57 5553.78 0.0 1245
628.62 1604.69 1802.53 -462.15 0.0 19501.0 0.0 -237.03 370.7 0.0 -1984.47 5662.32 0.0 1245
628.63 1601.74 1807.54 -462.15 0.0 19235.0 0.0 -223.43 379.06 0.0 -1765.91 5734.24 0.0 1245
628.64 1598.98 1812.65 -462.15 0.0 19058.0 0.0 -209.4 386.98 0.0 -1618.01 5777.72 0.0 1245
628.66 1596.8 1816.97 -462.15 0.0 18958.0 0.0 -197.94 392.97 0.0 -1520.29 5804.2 0.0 1245
628.67 1593.8 1823.58 -462.15 0.0 18905.0 0.0 -181.8 400.69 0.0 -1464.58 5818.51 0.0 1245
628.68 1591.55 1828.93 -462.15 0.0 18905.0 0.0 -170.45 405.64 0.0 -1435.55 5825.74 0.0 1245
628.69 1589.6 1833.89 -462.15 0.0 18905.0 0.0 -161.25 409.39 0.0 -1435.55 5825.74 0.0 1245
628.71 1587.91 1838.42 -462.15 0.0 18905.0 0.0 -154.0 412.18 0.0 -1435.55 5825.74 0.0 1245
628.72 1586.13 1843.44 -462.15 0.0 18905.0 0.0 -147.06 414.7 0.0 -1435.55 5825.74 0.0 1245
628.73 1584.27 1848.94 -462.15 0.0 18905.0 0.0 -140.58 416.94 0.0 -1435.55 5825.74 0.0 1245
628.74 1582.78 1853.55 -462.15 0.0 18905.0 0.0 -135.95 418.47 0.0 -1435.55 5825.74 0.0 1245
628.75 1581.18 1858.63 -462.15 0.0 18905.0 0.0 -131.55 419.87 0.0 -1435.55 5825.74 0.0 1245
628.77 1579.77 1863.26 -462.15 0.0 18867.0 0.0 -128.11 420.94 0.0 -1435.55 5825.74 0.0 1245
628.78 1578.13 1868.83 -462.15 0.0 18867.0 0.0 -124.54 422.01 0.0 -1413.2 5831.2 0.0 1245
628.79 1576.79 1873.48 -462.15 0.0 18867.0 0.0 -121.78 422.81 0.0 -1413.2 5831.2 0.0 1245
628.8 1575.48 1878.14 -462.15 0.0 18867.0 0.0 -119.4 423.5 0.0 -1413.2 5831.2 0.0 1245
628.81 1573.93 1883.74 -462.15 0.0 18867.0 0.0 -116.93 424.18 0.0 -1413.2 5831.2 0.0 1245
628.83 1572.54 1888.87 -462.15 0.0 18867.0 0.0 -115.01 424.7 0.0 -1413.2 5831.2 0.0 1245
628.84 1571.17 1894.02 -462.15 0.0 18829.0 0.0 -113.36 425.15 0.0 -1413.2 5831.2 0.0 1245
628.85 1569.82 1899.17 -462.15 0.0 18829.0 0.0 -111.96 425.52 0.0 -1393.06 5836.04 0.0 1245
628.87 1568.36 1904.79 -462.15 0.0 18791.0 0.0 -110.42 425.92 0.0 -1393.06 5836.04 0.0 1245
628.88 1566.92 1910.42 -462.15 0.0 18738.0 0.0 -109.12 426.26 0.0 -1370.67 5841.34 0.0 1245
628.89 1565.5 1916.05 -462.15 0.0 18631.0 0.0 -107.77 426.6 0.0 -1341.53 5848.1 0.0 1245
628.91 1564.09 1921.68 -462.15 0.0 18578.0 0.0 -106.29 426.97 0.0 -1280.91 5861.68 0.0 1245
628.92 1562.72 1927.33 -462.15 0.0 18534.0 0.0 -104.35 427.45 0.0 -1251.67 5867.99 0.0 1245
628.93 1561.59 1932.03 -462.15 0.0 18436.0 0.0 -102.69 427.85 0.0 -1226.91 5873.22 0.0 1245
628.94 1560.37 1937.21 -462.15 0.0 18350.0 0.0 -100.85 428.29 0.0 -1172.8 5884.26 0.0 1245
628.95 1558.96 1943.35 -462.15 0.0 18252.0 0.0 -98.34 428.87 0.0 -1123.11 5893.95 0.0 1245
628.97 1557.8 1948.54 -462.15 0.0 18190.0 0.0 -96.03 429.39 0.0 -1068.82 5904.03 0.0 1245
628.98 1556.37 1955.17 -462.15 0.0 18190.0 0.0 -92.84 430.09 0.0 -1032.57 5910.48 0.0 1245
629.0 1555.27 1960.38 -462.15 0.0 18190.0 0.0 -90.36 430.62 0.0 -1032.57 5910.48 0.0 1245
629.01 1554.11 1966.07 -462.15 0.0 18190.0 0.0 -88.07 431.09 0.0 -1032.57 5910.48 0.0 1245
629.02 1553.07 1971.29 -462.15 0.0 18190.0 0.0 -86.29 431.45 0.0 -1032.57 5910.48 0.0 1245
629.03 1552.13 1976.04 -462.15 0.0 18190.0 0.0 -84.89 431.73 0.0 -1032.57 5910.48 0.0 1245
629.04 1551.21 1980.79 -462.15 0.0 18190.0 0.0 -83.68 431.97 0.0 -1032.57 5910.48 0.0 1245
629.06 1550.3 1985.54 -462.15 0.0 18190.0 0.0 -82.63 432.17 0.0 -1032.57 5910.48 0.0 1245
629.07 1548.96 1992.68 -462.15 0.0 18190.0 0.0 -81.29 432.42 0.0 -1032.57 5910.48 0.0 1245
629.08 1548.08 1997.44 -462.15 0.0 18190.0 0.0 -80.56 432.56 0.0 -1032.57 5910.48 0.0 1245
629.09 1547.11 2002.67 -462.15 0.0 18190.0 0.0 -79.86 432.69 0.0 -1032.57 5910.48 0.0 1245
629.1 1546.32 2006.96 -462.15 0.0 18190.0 0.0 -79.37 432.78 0.0 -1032.57 5910.48 0.0 1245
629.11 1545.46 2011.72 -462.15 0.0 18190.0 0.0 -78.89 432.87 0.0 -1032.57 5910.48 0.0 1245
629.12 1544.59 2016.48 -462.15 0.0 18190.0 0.0 -78.47 432.95 0.0 -1032.57 5910.48 0.0 1245
629.13 1543.65 2021.72 -462.15 0.0 18190.0 0.0 -78.07 433.02 0.0 -1032.57 5910.48 0.0 1238
629.15 1542.79 2026.48 -462.15 0.0 18190.0 0.0 -77.76 433.07 0.0 -1032.57 5910.48 0.0 1238
629.16 1541.94 2031.25 -462.15 0.0 18152.0 0.0 -77.49 433.13 0.0 -1032.57 5910.48 0.0 1238
629.17 1541.09 2036.01 -462.15 0.0 18152.0 0.0 -77.26 433.16 0.0 -1012.17 5914.01 0.0 1238
629.18 1540.25 2040.78 -462.15 0.0 18152.0 0.0 -76.86 433.24 0.0 -1012.17 5914.01 0.0 1238
629.19 1539.15 2046.97 -462.15 0.0 18152.0 0.0 -76.41 433.32 0.0 -1012.17 5914.01 0.0 1238
629.21 1538.4 2051.26 -462.15 0.0 18152.0 0.0 -76.15 433.35 0.0 -1012.17 5914.01 0.0 1238
629.22 1537.07 2058.89 -462.15 0.0 18152.0 0.0 -75.76 433.43 0.0 -1012.17 5914.01 0.0 1238
629.24 1536.32 2063.18 -462.15 0.0 18152.0 0.0 -75.57 433.46 0.0 -1012.17 5914.01 0.0 1238
629.24 1535.16 2069.86 -462.15 0.0 18152.0 0.0 -75.33 433.51 0.0 -1012.17 5914.01 0.0 1238
629.26 1534.41 2074.15 -462.15 0.0 18152.0 0.0 -75.19 433.53 0.0 -1012.17 5914.01 0.0 1238
629.28 1533.26 2080.83 -462.15 0.0 18114.0 0.0 -75.02 433.56 0.0 -1012.17 5914.01 0.0 1238
629.29 1532.1 2087.51 -462.15 0.0 18114.0 0.0 -74.88 433.59 0.0 -989.48 5917.85 0.0 1238
629.3 1531.28 2092.28 -462.15 0.0 18114.0 0.0 -74.56 433.64 0.0 -989.48 5917.85 0.0 1238
629.31 1530.39 2097.52 -462.15 0.0 18076.0 0.0 -74.27 433.68 0.0 -989.48 5917.85 0.0 1238
629.33 1529.33 2103.73 -462.15 0.0 18028.0 0.0 -73.98 433.73 0.0 -969.05 5921.23 0.0 1238
629.34 1528.44 2108.98 -462.15 0.0 18028.0 0.0 -73.57 433.8 0.0 -941.79 5925.63 0.0 1238
629.35 1527.56 2114.23 -462.15 0.0 17952.0 0.0 -72.91 433.92 0.0 -941.79 5925.63 0.0 1238
629.36 1526.68 2119.48 -462.15 0.0 17908.0 0.0 -72.35 434.01 0.0 -898.59 5932.33 0.0 1238
629.37 1525.89 2124.25 -462.15 0.0 17908.0 0.0 -71.5 434.15 0.0 -873.55 5936.07 0.0 1238
629.38 1525.19 2128.55 -462.15 0.0 17870.0 0.0 -70.62 434.3 0.0 -873.55 5936.07 0.0 1238
629.4 1524.2 2134.77 -462.15 0.0 17822.0 0.0 -69.5 434.47 0.0 -850.78 5939.37 0.0 1238
629.41 1523.37 2140.02 -462.15 0.0 17778.0 0.0 -68.47 434.63 0.0 -823.44 5943.23 0.0 1238
629.42 1522.63 2144.81 -462.15 0.0 17712.0 0.0 -67.41 434.81 0.0 -798.36 5946.65 0.0 1238
629.43 1521.9 2149.59 -462.15 0.0 17623.0 0.0 -66.23 434.99 0.0 -761.86 5951.43 0.0 1238
629.44 1521.19 2154.38 -462.15 0.0 17526.0 0.0 -64.86 435.19 0.0 -709.34 5957.92 0.0 1238
629.46 1520.43 2159.65 -462.15 0.0 17411.0 0.0 -63.0 435.46 0.0 -654.47 5964.2 0.0 1241
629.47 1519.56 2165.88 -462.15 0.0 17363.0 0.0 -60.46 435.83 0.0 -588.1 5971.11 0.0 1241
629.48 1518.86 2171.16 -462.15 0.0 17270.0 0.0 -57.96 436.16 0.0 -560.62 5973.75 0.0 1241
629.49 1518.02 2177.88 -462.15 0.0 17226.0 0.0 -54.9 436.57 0.0 -507.91 5978.46 0.0 1241
629.51 1517.44 2182.69 -462.15 0.0 17164.0 0.0 -52.57 436.86 0.0 -482.68 5980.55 0.0 1241
629.52 1516.68 2189.42 -462.15 0.0 17147.0 0.0 -49.45 437.22 0.0 -448.27 5983.23 0.0 1241
629.53 1516.26 2193.27 -462.15 0.0 17090.0 0.0 -47.68 437.4 0.0 -436.8 5984.08 0.0 1241
629.55 1515.61 2199.53 -462.15 0.0 17090.0 0.0 -45.03 437.69 0.0 -404.66 5986.34 0.0 1241
629.56 1515.09 2204.83 -462.15 0.0 17052.0 0.0 -42.81 437.92 0.0 -404.66 5986.34 0.0 1241
629.57 1514.51 2211.09 -462.15 0.0 17052.0 0.0 -40.58 438.12 0.0 -384.0 5987.7 0.0 1241
629.58 1514.09 2215.91 -462.15 0.0 17014.0 0.0 -38.94 438.28 0.0 -384.0 5987.7 0.0 1241
629.6 1513.55 2222.18 -462.15 0.0 17014.0 0.0 -37.12 438.43 0.0 -361.03 5989.13 0.0 1241
629.61 1513.12 2227.49 -462.15 0.0 17014.0 0.0 -35.57 438.57 0.0 -361.03 5989.13 0.0 1241
629.62 1512.64 2233.76 -462.15 0.0 17014.0 0.0 -34.03 438.68 0.0 -361.03 5989.13 0.0 1241
629.64 1512.27 2238.59 -462.15 0.0 17014.0 0.0 -33.03 438.77 0.0 -361.03 5989.13 0.0 1241
629.65 1511.65 2247.28 -462.15 0.0 17014.0 0.0 -31.52 438.87 0.0 -361.03 5989.13 0.0 1241
629.67 1511.31 2252.11 -462.15 0.0 16976.0 0.0 -30.85 438.92 0.0 -361.03 5989.13 0.0 1241
629.68 1510.78 2259.83 -462.15 0.0 16919.0 0.0 -29.95 438.98 0.0 -340.36 5990.34 0.0 1241
629.7 1510.37 2266.11 -462.15 0.0 16875.0 0.0 -29.1 439.04 0.0 -305.9 5992.2 0.0 1241
629.71 1510.06 2270.94 -462.15 0.0 16809.0 0.0 -28.22 439.1 0.0 -280.62 5993.43 0.0 1241
629.72 1509.62 2278.19 -462.15 0.0 16761.0 0.0 -26.74 439.19 0.0 -243.84 5995.04 0.0 1241
629.74 1509.31 2283.5 -462.15 0.0 16695.0 0.0 -25.45 439.27 0.0 -216.24 5996.1 0.0 1242
629.75 1508.92 2290.75 -462.15 0.0 16647.0 0.0 -23.59 439.36 0.0 -177.15 5997.38 0.0 1242
629.77 1508.65 2296.07 -462.15 0.0 16647.0 0.0 -22.05 439.45 0.0 -149.55 5998.14 0.0 1242
629.79 1508.27 2304.77 -462.15 0.0 16647.0 0.0 -19.51 439.56 0.0 -149.55 5998.14 0.0 1242
629.8 1508.04 2310.09 -462.15 0.0 16647.0 0.0 -18.27 439.61 0.0 -149.55 5998.14 0.0 1242
629.82 1507.84 2315.41 -462.15 0.0 16647.0 0.0 -17.21 439.65 0.0 -149.55 5998.14 0.0 1242
629.83 1507.52 2324.12 -462.15 0.0 16647.0 0.0 -15.78 439.71 0.0 -149.55 5998.14 0.0 1242
629.85 1507.33 2329.92 -462.15 0.0 16609.0 0.0 -15.02 439.75 0.0 -149.55 5998.14 0.0 1242
629.87 1507.09 2337.18 -462.15 0.0 16609.0 0.0 -14.23 439.76 0.0 -128.84 5998.62 0.0 1242
629.88 1506.82 2346.37 -462.15 0.0 16571.0 0.0 -13.08 439.8 0.0 -128.84 5998.62 0.0 1242
629.9 1506.63 2353.14 -462.15 0.0 16571.0 0.0 -12.42 439.82 0.0 -105.84 5999.07 0.0 1240
629.92 1506.47 2358.95 -462.15 0.0 16533.0 0.0 -11.69 439.84 0.0 -105.84 5999.07 0.0 1240
629.93 1506.26 2367.66 -462.15 0.0 16533.0 0.0 -10.79 439.87 0.0 -85.13 5999.4 0.0 1240
629.95 1506.11 2372.62 -462.1 0.0 16495.0 0.0 -10.02 347.02 0.0 -85.13 5999.4 0.0 1240
629.97 1505.95 2372.62 -462.1 0.0 16495.0 0.0 -9.83 0.0 0.0 -62.13 5999.68 0.0 1240
629.99 1505.76 2372.73 -462.1 0.0 16457.0 0.0 -8.53 4.58 0.0 -62.13 5999.68 0.0 1240
630.01 1505.61 2372.75 -462.1 0.0 16382.0 0.0 -7.66 1.36 0.0 -41.42 5999.86 0.0 1240
630.03 1505.49 2372.75 -462.1 0.0 16344.0 0.0 -6.79 0.01 0.0 2.3 6000.0 0.0 1240
630.05 1505.34 2372.75 -462.1 0.0 16344.0 0.0 -5.34 0.0 0.0 23.01 5999.96 0.0 1240
630.07 1505.26 2372.75 -462.1 0.0 16344.0 0.0 -4.28 0.0 0.0 23.01 5999.96 0.0 1240
630.1 1505.19 2372.75 -462.1 0.0 16344.0 0.0 -3.44 0.0 0.0 23.01 5999.96 0.0 1240
630.12 1505.12 2372.75 -462.1 0.0 16344.0 0.0 -2.58 0.0 0.0 23.01 5999.96 0.0 1240
630.14 1505.09 2372.75 -462.1 0.0 16344.0 0.0 -2.05 0.0 0.0 23.01 5999.96 0.0 1240
630.16 1505.06 2372.75 -462.1 0.0 16344.0 0.0 -1.59 0.0 0.0 23.01 5999.96 0.0 1240
630.18 1505.03 2372.75 -462.1 0.0 16344.0 0.0 -1.07 0.0 0.0 23.01 5999.96 0.0 1240
630.2 1505.01 2372.75 -462.1 0.0 16306.0 0.0 -0.73 0.0 0.0 23.01 5999.96 0.0 1240
630.23 1505.0 2372.75 -462.1 0.0 16306.0 0.0 -0.44 0.0 0.0 46.02 5999.82 0.0 1240
630.26 1505.01 2372.75 -462.1 0.0 16306.0 0.0 0.13 0.0 0.0 46.02 5999.82 0.0 1240
630.28 1505.02 2372.75 -462.1 0.0 16306.0 0.0 0.47 0.0 0.0 0.0 0.0 0.0 1240
630.3 1504.58 2371.0 -462.1 0.0 13814.0 0.0 -14.62 -59.05 0.0 -1464.58 -5818.51 0.0 1240
630.33 1503.98 2368.58 -462.1 0.0 13776.0 0.0 -26.21 -104.92 0.0 -1464.58 -5818.51 0.0 1240
630.36 1502.82 2363.95 -462.1 0.0 13776.0 0.0 -40.55 -161.7 0.0 -1484.65 -5813.42 0.0 1240
630.39 1501.47 2358.59 -462.1 0.0 13776.0 0.0 -53.51 -211.87 0.0 -1484.65 -5813.42 0.0 1240
630.42 1499.05 2349.06 -462.1 0.0 13738.0 0.0 -70.95 -279.49 0.0 -1484.65 -5813.42 0.0 1242
630.44 1496.93 2340.72 -462.1 0.0 13738.0 0.0 -83.85 -329.68 0.0 -1506.93 -5807.68 0.0 1242
630.46 1494.34 2330.64 -462.1 0.0 13738.0 0.0 -97.77 -381.92 0.0 -1506.93 -5807.68 0.0 1242
630.48 1492.46 2323.3 -462.1 0.0 13738.0 0.0 -107.0 -416.77 0.0 -1506.93 -5807.68 0.0 1242
630.5 1490.29 2314.86 -462.1 0.0 13738.0 0.0 -109.67 -426.11 0.0 0.0 0.0 0.0 1242
630.51 1488.76 2308.94 -462.1 0.0 13738.0 0.0 -72.99 -283.62 0.0 0.0 0.0 0.0 1242
630.53 1487.96 2305.81 -462.1 0.0 13738.0 0.0 -56.29 -218.74 0.0 0.0 0.0 0.0 1242
630.55 1487.22 2302.94 -462.1 0.0 13738.0 0.0 -39.45 -153.29 0.0 0.0 0.0 0.0 1242
630.56 1486.81 2301.35 -462.1 0.0 13738.0 0.0 -31.12 -120.91 0.0 0.0 0.0 0.0 1242
630.58 1486.43 2299.88 -462.1 0.0 13738.0 0.0 -22.9 -88.99 0.0 0.0 0.0 0.0 1242
630.59 1486.19 2298.95 -462.1 0.0 13738.0 0.0 -18.07 -70.19 0.0 0.0 0.0 0.0 1242
630.61 1485.97 2298.06 -462.1 0.0 13738.0 0.0 -12.98 -50.42 0.0 0.0 0.0 0.0 1242
630.62 1485.85 2297.61 -462.1 0.0 13738.0 0.0 -10.7 -41.55 0.0 0.0 0.0 0.0 1242
630.63 1485.71 2297.08 -462.1 0.0 13738.0 0.0 -7.68 -29.85 0.0 0.0 0.0 0.0 1242
630.65 1485.64 2296.79 -462.1 0.0 13738.0 0.0 -6.19 -24.07 0.0 0.0 0.0 0.0 1242
630.66 1485.56 2296.5 -462.1 0.0 13700.0 0.0 -4.56 -17.71 0.0 0.0 0.0 0.0 1242
630.68 1485.52 2296.31 -462.1 0.0 13700.0 0.0 -3.6 -13.96 0.0 0.0 0.0 0.0 1242
630.69 1485.47 2296.14 -462.1 0.0 13700.0 0.0 -2.59 -10.03 0.0 0.0 0.0 0.0 1242
