9.92 -985.06 2942.12 -164.31 0.0 43360.0 0.0 179
10.06 -985.06 2942.12 -162.16 0.0 43475.0 0.0 179
10.1 -985.06 2942.12 -161.46 0.0 43551.0 0.0 179
10.13 -986.16 2940.18 -161.46 0.0 43855.0 0.0 179
10.16 -988.24 2936.49 -161.46 0.0 43931.0 0.0 179
10.2 -991.33 2930.97 -162.11 0.0 43931.0 0.0 179
10.22 -995.41 2923.62 -163.12 0.0 43931.0 0.0 179
10.25 -1000.06 2915.18 -164.32 0.0 43969.0 0.0 179
10.29 -1005.58 2905.16 -167.29 0.0 43969.0 0.0 174
10.31 -1012.08 2893.27 -170.82 0.0 43969.0 0.0 174
10.34 -1018.11 2882.22 -174.09 0.0 43969.0 0.0 174
10.37 -1024.36 2870.75 -178.01 0.0 43969.0 0.0 174
10.4 -1030.38 2859.69 -186.18 0.0 43969.0 0.0 174
10.43 -1036.62 2848.21 -194.67 0.0 43969.0 0.0 174
10.46 -1042.85 2836.73 -194.67 0.0 43969.0 0.0 174
10.49 -1049.0 2825.41 -195.06 0.0 43969.0 0.0 174
10.52 -1055.29 2813.84 -196.22 0.0 43969.0 0.0 174
10.55 -1061.81 2801.82 -198.25 0.0 43969.0 0.0 174
10.58 -1067.86 2790.69 -200.88 0.0 43969.0 0.0 174
10.6 -1074.62 2778.23 -204.68 0.0 43969.0 0.0 174
10.64 -1080.67 2767.1 -208.83 0.0 43969.0 0.0 174
10.66 -1087.44 2754.63 -214.34 0.0 43969.0 0.0 174
10.69 -1093.72 2743.06 -220.26 0.0 43969.0 0.0 174
10.72 -1100.25 2731.04 -227.22 0.0 43969.0 0.0 174
10.75 -1106.53 2719.47 -234.73 0.0 43969.0 0.0 174
10.78 -1112.81 2707.89 -243.0 0.0 43969.0 0.0 174
10.81 -1119.58 2695.43 -252.79 0.0 43969.0 0.0 174
10.84 -1125.86 2683.85 -262.68 0.0 43969.0 0.0 174
10.87 -1132.19 2671.73 -273.78 0.0 43969.0 0.0 174
10.9 -1138.14 2659.41 -285.71 0.0 43969.0 0.0 11
10.93 -1143.51 2647.38 -297.99 0.0 43969.0 0.0 11
10.96 -1148.53 2635.19 -311.06 0.0 43969.0 0.0 11
10.98 -1153.22 2622.87 -324.89 0.0 43969.0 0.0 11
11.01 -1157.74 2609.95 -340.09 0.0 43969.0 0.0 11
11.04 -1161.77 2597.4 -355.51 0.0 43969.0 0.0 11
11.07 -1165.5 2584.74 -371.71 0.0 43969.0 0.0 11
11.1 -1168.79 2572.5 -388.01 0.0 43969.0 0.0 11
11.13 -1172.16 2558.69 -407.13 0.0 43969.0 0.0 11
11.15 -1174.69 2547.3 -423.51 0.0 43969.0 0.0 11
11.18 -1177.19 2534.86 -442.0 0.0 43969.0 0.0 11
11.21 -1179.53 2521.87 -462.0 0.0 43969.0 0.0 11
11.24 -1181.54 2509.34 -481.96 0.0 43969.0 0.0 8
11.26 -1183.26 2497.28 -501.79 0.0 43969.0 0.0 8
11.29 -1184.83 2484.69 -523.16 0.0 43969.0 0.0 8
11.32 -1186.19 2472.07 -545.24 0.0 43969.0 0.0 8
11.35 -1187.35 2459.43 -568.05 0.0 43969.0 0.0 3
11.38 -1188.19 2444.11 -577.99 0.0 43969.0 0.0 3
11.41 -1187.51 2433.0 -570.93 0.0 43969.0 0.0 3
11.43 -1185.93 2421.01 -562.65 0.0 43969.0 0.0 3
11.46 -1184.09 2410.52 -555.06 0.0 43969.0 0.0 3
11.48 -1181.69 2399.15 -546.53 0.0 43969.0 0.0 3
11.51 -1179.01 2387.85 -541.98 0.0 43969.0 0.0 3
11.53 -1176.15 2376.59 -542.4 0.0 43969.0 0.0 3
11.56 -1173.29 2365.83 -542.4 0.0 43969.0 0.0 3
11.59 -1170.21 2354.63 -542.4 0.0 43969.0 0.0 3
11.61 -1167.06 2343.45 -541.86 0.0 43969.0 0.0 3
11.64 -1163.87 2332.28 -541.52 0.0 43969.0 0.0 3
11.66 -1160.77 2321.59 -540.69 0.0 43969.0 0.0 3
11.69 -1157.66 2310.9 -539.58 0.0 43969.0 0.0 3
11.72 -1154.4 2299.75 -538.42 0.0 43969.0 0.0 3
11.74 -1151.12 2288.61 -537.26 0.0 43969.0 0.0 3
11.77 -1148.11 2278.4 -535.29 0.0 43969.0 0.0 3
11.79 -1144.96 2267.72 -532.99 0.0 43931.0 0.0 3
11.82 -1141.8 2257.04 -531.79 0.0 43569.0 0.0 3
11.84 -1138.52 2245.9 -530.82 0.0 43106.0 0.0 3
11.87 -1135.48 2235.19 -530.03 0.0 42663.0 0.0 3
11.89 -1132.55 2223.95 -529.22 0.0 42293.0 0.0 3
11.92 -1130.23 2214.06 -528.51 0.0 41946.0 0.0 3
11.94 -1128.0 2203.15 -527.79 0.0 41614.0 0.0 3
11.97 -1126.18 2192.66 -527.14 0.0 41319.0 0.0 3
11.99 -1124.67 2182.12 -526.18 0.0 41061.0 0.0 3
12.01 -1123.48 2171.54 -525.29 0.0 40784.0 0.0 3
12.04 -1122.59 2160.93 -524.62 0.0 40526.0 0.0 3
12.06 -1121.99 2150.3 -523.92 0.0 40280.0 0.0 3
12.09 -1121.68 2140.14 -523.22 0.0 39948.0 0.0 3
12.11 -1121.64 2129.49 -522.46 0.0 39562.0 0.0 3
12.14 -1121.92 2118.36 -522.0 0.0 39082.0 0.0 3
12.16 -1122.5 2107.73 -522.47 0.0 38528.0 0.0 3
12.18 -1123.45 2097.12 -522.47 0.0 37974.0 0.0 5
12.21 -1124.82 2086.56 -523.23 0.0 37410.0 0.0 5
12.23 -1126.55 2076.55 -523.74 0.0 36846.0 0.0 5
12.25 -1128.72 2066.62 -524.29 0.0 36159.0 0.0 5
12.28 -1131.36 2056.8 -524.87 0.0 35454.0 0.0 5
12.3 -1134.5 2047.14 -525.48 0.0 34863.0 0.0 5
12.32 -1138.19 2037.66 -525.48 0.0 34237.0 0.0 5
12.34 -1144.08 2029.38 -525.48 0.0 33774.0 0.0 5
12.37 -1151.12 2022.74 -525.12 0.0 33427.0 0.0 5
12.39 -1159.14 2017.32 -525.12 0.0 33262.0 0.0 5
12.41 -1167.8 2013.0 -525.58 0.0 33224.0 0.0 5
12.43 -1177.34 2009.48 -525.98 0.0 33224.0 0.0 5
12.46 -1186.65 2006.84 -526.46 0.0 33186.0 0.0 5
12.48 -1196.1 2004.75 -527.02 0.0 33110.0 0.0 5
12.5 -1205.64 2003.09 -527.63 0.0 32955.0 0.0 5
12.52 -1215.71 2001.71 -528.97 0.0 32757.0 0.0 5
12.55 -1225.34 2000.69 -530.28 0.0 32550.0 0.0 5
12.57 -1235.47 1999.9 -531.69 0.0 32291.0 0.0 5
12.59 -1245.62 1999.38 -533.13 0.0 32126.0 0.0 5
12.61 -1255.3 1999.11 -533.71 0.0 31919.0 0.0 5
12.64 -1265.46 1999.08 -534.3 0.0 31642.0 0.0 5
12.66 -1275.62 1999.27 -534.9 0.0 31316.0 0.0 5
12.69 -1286.26 1999.73 -535.53 0.0 30990.0 0.0 5
12.71 -1296.88 2000.48 -535.2 0.0 30664.0 0.0 5
12.73 -1307.48 2001.51 -534.92 0.0 30410.0 0.0 5
12.76 -1318.04 2002.85 -534.64 0.0 30168.0 0.0 5
12.78 -1328.09 2004.4 -534.64 0.0 29896.0 0.0 5
12.81 -1338.57 2006.3 -534.64 0.0 29642.0 0.0 5
12.83 -1348.99 2008.47 -534.64 0.0 29425.0 0.0 5
12.85 -1359.35 2010.91 -535.21 0.0 29208.0 0.0 5
12.88 -1369.66 2013.61 -535.21 0.0 28981.0 0.0 5
12.9 -1380.35 2016.69 -536.55 0.0 28943.0 0.0 5
12.93 -1390.51 2019.87 -538.15 0.0 28905.0 0.0 5
12.95 -1400.62 2023.23 -544.76 0.0 28867.0 0.0 5
12.97 -1410.68 2026.72 -551.41 0.0 28867.0 0.0 5
13.0 -1420.24 2030.16 -557.78 0.0 28829.0 0.0 5
13.02 -1429.78 2033.67 -564.18 0.0 28791.0 0.0 5
13.04 -1438.84 2037.07 -570.29 0.0 28791.0 0.0 5
13.07 -1448.34 2040.7 -576.23 0.0 28753.0 0.0 5
13.09 -1457.82 2044.37 -580.27 0.0 28715.0 0.0 5
13.11 -1466.83 2047.9 -583.26 0.0 28677.0 0.0 5
13.13 -1476.28 2051.65 -586.4 0.0 28677.0 0.0 5
13.16 -1485.26 2055.25 -589.39 0.0 28677.0 0.0 5
13.18 -1494.24 2058.87 -592.38 0.0 28677.0 0.0 5
13.2 -1502.71 2064.49 -595.56 0.0 28677.0 0.0 5
13.22 -1509.59 2070.59 -597.41 0.0 28677.0 0.0 5
13.24 -1516.07 2077.78 -598.41 0.0 28677.0 0.0 5
13.27 -1521.91 2085.5 -599.33 0.0 28677.0 0.0 5
13.29 -1527.25 2093.58 -600.19 0.0 28677.0 0.0 5
13.31 -1532.19 2101.9 -601.01 0.0 28677.0 0.0 5
13.33 -1536.61 2109.96 -601.01 0.0 28677.0 0.0 1
13.35 -1541.03 2118.58 -600.69 0.0 28677.0 0.0 1
13.37 -1545.07 2126.84 -599.52 0.0 28677.0 0.0 1
13.39 -1549.18 2135.6 -598.37 0.0 28677.0 0.0 1
13.41 -1553.2 2144.41 -597.39 0.0 28715.0 0.0 1
13.44 -1556.75 2152.36 -596.51 0.0 28753.0 0.0 1
13.46 -1560.45 2160.78 -595.59 0.0 28829.0 0.0 1
13.48 -1564.31 2169.66 -594.63 0.0 29015.0 0.0 1
13.5 -1567.97 2178.09 -592.45 0.0 29091.0 0.0 1
13.52 -1571.67 2186.51 -589.59 0.0 29167.0 0.0 1
13.54 -1576.85 2194.11 -586.42 0.0 29284.0 0.0 1
13.56 -1582.72 2200.55 -583.25 0.0 29480.0 0.0 1
13.58 -1590.07 2206.85 -580.07 0.0 29676.0 0.0 1
13.61 -1598.01 2212.39 -577.15 0.0 29862.0 0.0 1
13.63 -1605.92 2217.08 -573.13 0.0 30095.0 0.0 1
13.65 -1614.1 2221.27 -566.46 0.0 30357.0 0.0 1
13.67 -1622.94 2225.21 -560.83 0.0 30602.0 0.0 1
13.69 -1631.96 2228.73 -555.56 0.0 30788.0 0.0 1
13.71 -1640.66 2231.72 -550.62 0.0 30984.0 0.0 1
13.73 -1649.92 2234.55 -545.49 0.0 31180.0 0.0 1
13.76 -1659.26 2237.08 -540.43 0.0 31489.0 0.0 1
13.78 -1669.14 2239.45 -537.33 0.0 31885.0 0.0 1
13.8 -1679.57 2241.61 -535.4 0.0 32310.0 0.0 1
13.83 -1689.1 2243.28 -533.8 0.0 32826.0 0.0 1
13.85 -1699.17 2244.7 -532.27 0.0 33541.0 0.0 1
13.88 -1710.25 2245.79 -531.41 0.0 34477.0 0.0 1
13.9 -1720.88 2246.33 -530.63 0.0 35682.0 0.0 1
13.93 -1732.01 2246.22 -529.87 0.0 37076.0 0.0 1
13.95 -1743.1 2245.25 -529.51 0.0 38491.0 0.0 1
13.98 -1754.52 2243.13 -529.51 0.0 39790.0 0.0 1
14.0 -1765.2 2239.97 -529.51 0.0 40995.0 0.0 1
14.03 -1775.46 2235.67 -529.51 0.0 41861.0 0.0 1
14.05 -1785.19 2230.25 -530.64 0.0 42463.0 0.0 1
14.08 -1794.3 2223.86 -532.29 0.0 43062.0 0.0 1
14.11 -1802.46 2217.01 -533.78 0.0 43792.0 0.0 1
14.15 -1810.68 2208.81 -535.3 0.0 45239.0 0.0 1
14.17 -1823.33 2192.28 -536.16 0.0 45969.0 0.0 1
14.2 -1828.42 2184.62 -536.16 0.0 47052.0 0.0 1
14.23 -1834.41 2173.56 -535.62 0.0 48218.0 0.0 1
14.26 -1839.35 2161.98 -535.06 0.0 49328.0 0.0 1
14.29 -1839.97 2148.53 -533.69 0.0 50161.0 0.0 1
14.32 -1837.26 2136.24 -533.03 0.0 50846.0 0.0 1
14.35 -1831.78 2124.38 -533.03 0.0 51296.0 0.0 1
14.38 -1824.39 2113.6 -537.83 0.0 51411.0 0.0 1
14.41 -1816.41 2104.5 -543.36 0.0 51411.0 0.0 1
14.43 -1807.3 2095.83 -548.57 0.0 51411.0 0.0 1
14.46 -1797.67 2087.72 -551.28 0.0 51487.0 0.0 1
14.49 -1788.11 2080.31 -553.39 0.0 51525.0 0.0 1
14.52 -1777.93 2072.91 -555.98 0.0 51563.0 0.0 1
14.55 -1767.59 2065.74 -561.47 0.0 51563.0 0.0 1
14.58 -1757.53 2059.01 -566.57 0.0 51410.0 0.0 1
14.6 -1747.0 2052.13 -571.2 0.0 50735.0 0.0 1
14.63 -1738.17 2042.49 -576.87 0.0 49941.0 0.0 1
14.66 -1731.71 2032.26 -582.14 0.0 48955.0 0.0 1
14.7 -1726.58 2020.24 -587.82 0.0 47470.0 0.0 1
14.73 -1728.78 2002.23 -593.92 0.0 46736.0 0.0 1
14.75 -1732.09 1992.62 -596.37 0.0 46024.0 0.0 1
14.78 -1737.65 1982.98 -598.9 0.0 45500.0 0.0 1
14.8 -1744.3 1974.66 -601.15 0.0 45081.0 0.0 1
14.83 -1751.94 1967.25 -603.21 0.0 44627.0 0.0 1
14.85 -1761.95 1959.62 -605.41 0.0 44437.0 0.0 1
14.88 -1770.06 1954.34 -606.24 0.0 44333.0 0.0 18
14.9 -1779.36 1949.15 -606.66 0.0 44295.0 0.0 18
14.92 -1788.47 1944.63 -607.17 0.0 44295.0 0.0 18
14.95 -1798.18 1940.27 -607.73 0.0 44295.0 0.0 18
14.97 -1807.29 1933.87 -608.33 0.0 44295.0 0.0 18
15.0 -1814.79 1927.02 -608.82 0.0 44295.0 0.0 18
15.02 -1821.9 1919.08 -609.29 0.0 44257.0 0.0 18
15.04 -1828.41 1910.66 -609.72 0.0 44257.0 0.0 18
15.07 -1834.22 1902.32 -609.72 0.0 44257.0 0.0 18
15.09 -1839.96 1893.36 -610.55 0.0 44257.0 0.0 18
15.11 -1845.22 1884.66 -610.96 0.0 44257.0 0.0 18
15.14 -1850.54 1875.43 -610.96 0.0 44257.0 0.0 18
15.16 -1855.95 1865.71 -604.55 0.0 44257.0 0.0 18
15.19 -1861.03 1856.35 -598.08 0.0 44257.0 0.0 18
15.21 -1866.04 1846.95 -591.35 0.0 44257.0 0.0 18
15.23 -1870.99 1837.52 -584.57 0.0 44257.0 0.0 18
15.26 -1875.47 1828.94 -578.39 0.0 44257.0 0.0 18
15.28 -1880.14 1819.91 -571.9 0.0 44257.0 0.0 18
15.31 -1884.79 1810.88 -565.4 0.0 44257.0 0.0 18
15.33 -1889.87 1800.97 -558.27 0.0 44257.0 0.0 18
15.35 -1894.49 1791.92 -552.52 0.0 43950.0 0.0 18
15.37 -1899.11 1782.86 -550.09 0.0 43451.0 0.0 18
15.4 -1903.79 1773.84 -547.67 0.0 42785.0 0.0 18
15.42 -1908.64 1764.91 -545.28 0.0 42071.0 0.0 18
15.44 -1913.49 1756.53 -543.03 0.0 41372.0 0.0 18
15.47 -1918.94 1747.96 -540.72 0.0 40739.0 0.0 18
15.49 -1924.8 1739.64 -538.49 0.0 40240.0 0.0 18
15.51 -1931.06 1731.64 -536.33 0.0 39879.0 0.0 18
15.53 -1937.06 1724.67 -534.45 0.0 39689.0 0.0 18
15.55 -1943.69 1717.62 -532.52 0.0 39563.0 0.0 18
15.58 -1950.59 1710.83 -529.09 0.0 39525.0 0.0 18
15.6 -1957.34 1704.59 -526.55 0.0 39384.0 0.0 18
15.62 -1964.61 1698.19 -523.87 0.0 39308.0 0.0 18
15.64 -1971.64 1692.26 -521.3 0.0 39129.0 0.0 18
15.66 -1978.77 1686.46 -518.73 0.0 38847.0 0.0 18
15.68 -1986.39 1680.49 -516.01 0.0 38489.0 0.0 18
15.7 -1993.74 1674.96 -513.42 0.0 38161.0 0.0 18
15.72 -2001.22 1669.61 -510.82 0.0 37714.0 0.0 18
15.74 -2008.82 1664.44 -508.22 0.0 37120.0 0.0 18
15.76 -2016.17 1659.75 -505.74 0.0 36553.0 0.0 18
15.79 -2024.09 1655.09 -503.13 0.0 35988.0 0.0 18
15.81 -2032.64 1650.54 -502.13 0.0 35496.0 0.0 18
15.83 -2040.93 1646.57 -501.44 0.0 35078.0 0.0 18
15.85 -2049.4 1642.98 -500.95 0.0 34843.0 0.0 18
15.87 -2058.47 1639.6 -500.49 0.0 34709.0 0.0 18
15.89 -2067.21 1636.73 -500.09 0.0 34671.0 0.0 18
15.91 -2076.03 1634.13 -499.74 0.0 34671.0 0.0 18
15.93 -2084.91 1631.75 -499.41 0.0 34671.0 0.0 86
15.96 -2094.31 1629.44 -499.05 0.0 34671.0 0.0 86
15.98 -2103.27 1627.37 -498.25 0.0 34671.0 0.0 86
16.0 -2112.25 1625.4 -496.79 0.0 34671.0 0.0 86
16.02 -2121.25 1623.5 -494.13 0.0 34671.0 0.0 86
16.04 -2130.26 1621.65 -491.49 0.0 34671.0 0.0 86
16.06 -2139.75 1619.76 -488.73 0.0 34671.0 0.0 86
16.08 -2148.3 1618.09 -486.25 0.0 34671.0 0.0 86
16.1 -2157.33 1616.34 -483.64 0.0 34671.0 0.0 86
16.12 -2165.89 1614.71 -481.17 0.0 34671.0 0.0 86
16.14 -2174.92 1613.0 -478.57 0.0 34671.0 0.0 86
16.16 -2183.49 1611.39 -476.11 0.0 34671.0 0.0 86
16.18 -2192.05 1609.78 -474.14 0.0 34671.0 0.0 86
16.2 -2200.61 1608.18 -473.39 0.0 34671.0 0.0 86
16.22 -2209.18 1606.59 -472.64 0.0 34671.0 0.0 86
16.24 -2217.27 1605.09 -471.45 0.0 34671.0 0.0 86
16.26 -2225.36 1603.59 -469.73 0.0 34671.0 0.0 86
16.28 -2233.93 1602.0 -467.91 0.0 34671.0 0.0 86
16.3 -2242.02 1600.51 -466.19 0.0 34671.0 0.0 86
16.31 -2250.11 1599.01 -464.47 0.0 34671.0 0.0 86
16.33 -2258.2 1597.52 -462.74 0.0 34671.0 0.0 86
16.35 -2266.29 1596.03 -461.02 0.0 34671.0 0.0 86
16.37 -2274.38 1594.54 -459.96 0.0 34671.0 0.0 86
16.39 -2282.47 1593.04 -459.96 0.0 34671.0 0.0 86
16.41 -2290.56 1591.55 -459.96 0.0 34671.0 0.0 86
16.43 -2298.18 1590.15 -460.51 0.0 34671.0 0.0 86
16.44 -2306.27 1588.66 -460.51 0.0 34671.0 0.0 86
16.46 -2314.36 1587.17 -460.51 0.0 34671.0 0.0 86
16.48 -2322.59 1587.01 -460.02 0.0 34671.0 0.0 86
16.5 -2330.29 1587.82 -459.44 0.0 34671.0 0.0 86
16.52 -2337.87 1589.4 -458.91 0.0 34671.0 0.0 86
16.53 -2345.75 1591.76 -458.39 0.0 34747.0 0.0 86
16.55 -2353.02 1594.45 -457.93 0.0 34785.0 0.0 19
16.57 -2360.57 1597.71 -456.14 0.0 34861.0 0.0 19
16.59 -2367.99 1601.27 -454.44 0.0 34861.0 0.0 19
16.61 -2374.88 1604.81 -452.73 0.0 34899.0 0.0 19
16.62 -2381.68 1608.51 -451.56 0.0 35049.0 0.0 19
16.64 -2388.42 1612.33 -450.68 0.0 35124.0 0.0 19
16.66 -2395.12 1616.21 -449.82 0.0 35194.0 0.0 19
16.68 -2401.37 1619.9 -449.03 0.0 35232.0 0.0 19
16.69 -2408.44 1624.1 -448.13 0.0 35302.0 0.0 19
16.71 -2414.67 1627.83 -447.35 0.0 35372.0 0.0 19
16.73 -2420.9 1631.56 -446.36 0.0 35447.0 0.0 19
16.74 -2427.55 1635.54 -444.95 0.0 35517.0 0.0 19
16.76 -2433.78 1639.25 -444.57 0.0 35592.0 0.0 19
16.78 -2440.45 1643.19 -444.57 0.0 35667.0 0.0 19
16.8 -2447.13 1647.11 -445.27 0.0 35737.0 0.0 19
16.81 -2453.41 1650.75 -445.27 0.0 35807.0 0.0 19
16.83 -2459.71 1654.36 -445.91 0.0 35807.0 0.0 19
16.85 -2466.02 1657.94 -445.91 0.0 35845.0 0.0 19
16.86 -2472.78 1661.73 -446.56 0.0 35845.0 0.0 19
16.88 -2479.12 1665.26 -446.56 0.0 35883.0 0.0 19
16.9 -2485.91 1669.0 -446.12 0.0 35883.0 0.0 19
16.91 -2491.85 1672.25 -445.3 0.0 35921.0 0.0 19
16.93 -2498.23 1675.72 -444.42 0.0 35983.0 0.0 19
16.95 -2504.61 1679.17 -443.54 0.0 35983.0 0.0 205
16.96 -2511.44 1682.83 -442.6 0.0 35983.0 0.0 205
16.98 -2518.28 1686.46 -441.75 0.0 35983.0 0.0 205
17.0 -2524.7 1689.86 -441.75 0.0 36021.0 0.0 205
17.02 -2531.55 1693.46 -441.75 0.0 36021.0 0.0 205
17.03 -2537.98 1696.83 -441.75 0.0 36021.0 0.0 205
17.05 -2544.85 1700.41 -441.75 0.0 36021.0 0.0 205
17.07 -2551.29 1703.76 -441.75 0.0 36021.0 0.0 205
17.08 -2557.73 1707.1 -441.75 0.0 36021.0 0.0 205
17.1 -2564.61 1710.66 -441.75 0.0 36021.0 0.0 205
17.12 -2571.06 1713.99 -442.2 0.0 36021.0 0.0 205
17.13 -2577.95 1717.54 -442.64 0.0 36021.0 0.0 205
17.15 -2584.83 1721.08 -443.08 0.0 36021.0 0.0 205
17.17 -2591.29 1724.4 -442.79 0.0 36021.0 0.0 205
17.19 -2598.61 1728.16 -441.88 0.0 36021.0 0.0 205
17.21 -2605.06 1731.48 -440.75 0.0 36059.0 0.0 205
17.22 -2612.38 1735.24 -439.41 0.0 36192.0 0.0 205
17.24 -2619.28 1738.77 -438.15 0.0 36334.0 0.0 205
17.26 -2626.61 1742.5 -436.81 0.0 36434.0 0.0 205
17.28 -2633.54 1745.97 -435.54 0.0 36567.0 0.0 205
17.29 -2640.48 1749.39 -434.27 0.0 36667.0 0.0 205
17.31 -2647.45 1752.76 -434.27 0.0 36767.0 0.0 205
17.33 -2654.45 1756.08 -435.04 0.0 36900.0 0.0 205
17.35 -2661.47 1759.34 -435.64 0.0 37033.0 0.0 205
17.36 -2668.53 1762.53 -436.22 0.0 37166.0 0.0 205
17.38 -2675.62 1765.66 -436.79 0.0 37284.0 0.0 205
17.4 -2683.18 1768.89 -437.38 0.0 37346.0 0.0 205
17.42 -2689.88 1771.68 -437.89 0.0 37496.0 0.0 205
17.44 -2697.97 1774.94 -438.49 0.0 37663.0 0.0 205
17.45 -2705.18 1777.75 -439.0 0.0 37851.0 0.0 205
17.47 -2711.97 1780.32 -439.47 0.0 38099.0 0.0 205
17.49 -2719.7 1783.13 -439.99 0.0 38333.0 0.0 205
17.51 -2727.02 1785.66 -440.45 0.0 38533.0 0.0 205
17.53 -2734.38 1788.07 -440.89 0.0 38710.0 0.0 205
17.54 -2742.25 1790.48 -441.33 0.0 38877.0 0.0 205
17.56 -2749.69 1792.63 -441.33 0.0 38977.0 0.0 205
17.58 -2757.16 1794.66 -442.06 0.0 39048.0 0.0 205
17.6 -2765.14 1796.68 -442.53 0.0 39114.0 0.0 205
17.62 -2772.67 1798.48 -442.53 0.0 39185.0 0.0 205
17.63 -2780.69 1800.29 -443.33 0.0 39251.0 0.0 205
17.65 -2788.27 1801.92 -443.33 0.0 39322.0 0.0 205
17.67 -2796.33 1803.57 -444.06 0.0 39388.0 0.0 205
17.69 -2803.93 1805.04 -444.06 0.0 39521.0 0.0 205
17.71 -2811.54 1806.46 -444.7 0.0 39521.0 0.0 205
17.73 -2820.12 1807.96 -444.7 0.0 39559.0 0.0 205
17.74 -2827.76 1809.24 -445.34 0.0 39629.0 0.0 205
17.76 -2835.89 1810.54 -448.11 0.0 39629.0 0.0 205
17.78 -2844.02 1811.79 -451.61 0.0 39629.0 0.0 205
17.8 -2852.16 1813.0 -455.02 0.0 39667.0 0.0 205
17.82 -2860.3 1814.17 -458.4 0.0 39737.0 0.0 205
17.84 -2868.45 1815.3 -461.76 0.0 39737.0 0.0 205
17.86 -2876.61 1816.4 -465.11 0.0 39775.0 0.0 205
17.88 -2884.76 1817.47 -468.43 0.0 39775.0 0.0 205
17.89 -2892.93 1818.52 -471.75 0.0 39813.0 0.0 298
17.91 -2900.61 1819.47 -474.86 0.0 39888.0 0.0 298
17.93 -2909.26 1820.52 -476.86 0.0 39958.0 0.0 298
17.95 -2917.43 1821.49 -478.56 0.0 40028.0 0.0 298
17.97 -2925.61 1822.41 -480.25 0.0 40178.0 0.0 298
17.99 -2934.27 1823.34 -482.4 0.0 40396.0 0.0 298
18.01 -2941.49 1824.07 -484.27 0.0 40608.0 0.0 298
18.02 -2949.69 1824.82 -486.36 0.0 40855.0 0.0 298
18.04 -2957.89 1825.46 -488.41 0.0 41102.0 0.0 298
18.06 -2966.1 1825.98 -490.43 0.0 41352.0 0.0 298
18.08 -2973.35 1826.34 -492.16 0.0 41564.0 0.0 298
18.09 -2981.58 1826.58 -492.61 0.0 41720.0 0.0 298
18.11 -2988.84 1826.68 -491.92 0.0 41853.0 0.0 298
18.13 -2996.49 1825.48 -491.26 0.0 41986.0 0.0 298
18.15 -3003.89 1823.21 -490.54 0.0 42086.0 0.0 298
18.16 -3010.98 1820.1 -489.48 0.0 42152.0 0.0 298
18.18 -3017.74 1816.31 -487.44 0.0 42218.0 0.0 298
18.2 -3024.17 1812.0 -485.3 0.0 42280.0 0.0 298
18.22 -3029.95 1807.6 -483.33 0.0 42280.0 0.0 298
18.23 -3035.49 1802.92 -481.41 0.0 42318.0 0.0 298
18.25 -3040.84 1798.01 -479.53 0.0 42318.0 0.0 298
18.27 -3046.03 1792.93 -477.78 0.0 42356.0 0.0 298
18.28 -3051.73 1786.99 -476.66 0.0 42410.0 0.0 298
18.3 -3056.0 1782.37 -475.82 0.0 42473.0 0.0 298
18.31 -3060.82 1776.94 -474.9 0.0 42536.0 0.0 298
18.33 -3065.55 1771.44 -474.01 0.0 42670.0 0.0 298
18.35 -3070.5 1765.49 -473.09 0.0 42670.0 0.0 298
18.37 -3075.37 1759.46 -472.2 0.0 42785.0 0.0 298
18.38 -3080.16 1753.38 -471.34 0.0 42885.0 0.0 298
18.4 -3084.89 1747.24 -470.5 0.0 42985.0 0.0 298
18.42 -3089.54 1741.05 -469.69 0.0 43119.0 0.0 298
18.44 -3094.12 1734.81 -468.99 0.0 43245.0 0.0 298
18.45 -3098.36 1728.91 -468.43 0.0 43352.0 0.0 298
18.47 -3103.08 1722.17 -467.82 0.0 43419.0 0.0 298
18.49 -3107.44 1715.78 -467.26 0.0 43419.0 0.0 298
18.51 -3111.75 1709.34 -466.2 0.0 43419.0 0.0 298
18.52 -3115.74 1703.27 -464.3 0.0 43457.0 0.0 298
18.54 -3119.95 1696.78 -462.28 0.0 43457.0 0.0 298
18.56 -3124.12 1690.25 -460.27 0.0 43457.0 0.0 298
18.57 -3128.01 1684.12 -458.38 0.0 43457.0 0.0 298
18.59 -3131.87 1677.97 -456.5 0.0 43457.0 0.0 298
18.61 -3135.97 1671.4 -454.49 0.0 43457.0 0.0 298
18.66 -3140.05 1664.82 -452.49 0.0 43457.0 0.0 298
18.67 -3150.44 1647.92 -447.93 0.0 43457.0 0.0 298
18.69 -3154.74 1640.9 -446.12 0.0 43457.0 0.0 298
18.72 -3159.29 1633.47 -444.2 0.0 43457.0 0.0 298
18.74 -3164.84 1624.38 -439.88 0.0 43457.0 0.0 298
18.76 -3170.13 1615.71 -434.35 0.0 43457.0 0.0 298
18.78 -3174.92 1607.85 -429.95 0.0 43457.0 0.0 298
18.8 -3179.2 1600.83 -427.43 0.0 43457.0 0.0 298
18.82 -3183.48 1593.8 -424.91 0.0 43457.0 0.0 298
18.84 -3187.75 1586.77 -422.38 0.0 43457.0 0.0 105
18.85 -3191.78 1580.15 -420.01 0.0 43457.0 0.0 105
18.87 -3196.05 1573.12 -417.48 0.0 43457.0 0.0 105
18.89 -3200.08 1566.51 -415.11 0.0 43533.0 0.0 105
18.91 -3204.35 1559.48 -412.58 0.0 43604.0 0.0 105
18.93 -3208.62 1552.44 -410.05 0.0 43746.0 0.0 105
18.95 -3212.86 1545.39 -408.49 0.0 43746.0 0.0 105
18.96 -3217.07 1538.32 -409.04 0.0 43784.0 0.0 105
18.98 -3221.0 1531.65 -409.56 0.0 43859.0 0.0 105
19.0 -3225.4 1524.13 -410.14 0.0 43930.0 0.0 105
19.02 -3229.52 1517.0 -410.69 0.0 44005.0 0.0 105
19.04 -3235.49 1507.26 -409.29 0.0 44005.0 0.0 105
19.06 -3241.12 1498.04 -408.3 0.0 44005.0 0.0 105
19.08 -3247.07 1488.28 -407.62 0.0 44005.0 0.0 105
19.1 -3252.68 1479.05 -407.32 0.0 44005.0 0.0 105
19.12 -3258.6 1469.27 -407.37 0.0 44005.0 0.0 105
19.14 -3264.52 1459.48 -407.78 0.0 44005.0 0.0 105
19.16 -3270.09 1450.23 -408.52 0.0 44005.0 0.0 105
19.18 -3275.98 1440.43 -409.66 0.0 44005.0 0.0 105
19.2 -3281.86 1430.63 -411.17 0.0 44005.0 0.0 105
19.22 -3288.05 1420.27 -413.17 0.0 44005.0 0.0 105
19.24 -3293.58 1410.99 -415.32 0.0 44005.0 0.0 105
19.26 -3299.43 1401.17 -417.95 0.0 44005.0 0.0 105
19.28 -3305.26 1391.34 -420.95 0.0 44005.0 0.0 105
19.3 -3310.76 1382.04 -424.13 0.0 44005.0 0.0 105
19.32 -3316.58 1372.2 -427.85 0.0 44005.0 0.0 105
19.34 -3322.8 1361.86 -432.19 0.0 44005.0 0.0 105
19.36 -3328.86 1352.16 -436.68 0.0 44005.0 0.0 112
19.38 -3335.43 1342.04 -441.83 0.0 44005.0 0.0 112
19.4 -3342.16 1332.02 -447.39 0.0 44005.0 0.0 112
19.42 -3349.06 1322.11 -453.37 0.0 44005.0 0.0 112
19.44 -3356.11 1312.31 -459.76 0.0 44005.0 0.0 112
19.46 -3363.32 1302.63 -466.56 0.0 44005.0 0.0 112
19.48 -3370.07 1295.02 -466.47 0.0 44005.0 0.0 112
19.51 -3377.1 1289.09 -466.47 0.0 44005.0 0.0 112
19.53 -3385.1 1283.63 -466.47 0.0 44005.0 0.0 112
19.55 -3393.93 1278.6 -466.47 0.0 44005.0 0.0 112
19.57 -3402.59 1274.29 -466.47 0.0 44273.0 0.0 112
19.6 -3411.44 1270.36 -466.47 0.0 44704.0 0.0 112
19.62 -3421.28 1266.3 -466.47 0.0 45145.0 0.0 112
19.64 -3429.77 1260.71 -464.92 0.0 45607.0 0.0 112
19.67 -3437.59 1253.48 -463.51 0.0 46251.0 0.0 112
19.69 -3444.66 1244.88 -462.24 0.0 46867.0 0.0 112
19.72 -3450.46 1235.96 -461.19 0.0 47414.0 0.0 112
19.74 -3455.55 1226.05 -460.28 0.0 47832.0 0.0 112
19.77 -3459.75 1215.75 -459.52 0.0 48089.0 0.0 112
19.79 -3463.18 1205.15 -458.9 0.0 48330.0 0.0 112
19.82 -3465.96 1194.37 -458.39 0.0 48426.0 0.0 112
19.85 -3468.2 1183.47 -457.98 0.0 48522.0 0.0 112
19.87 -3470.02 1172.49 -457.65 0.0 48622.0 0.0 112
19.9 -3471.57 1160.98 -457.37 0.0 48758.0 0.0 112
19.92 -3472.92 1148.47 -457.37 0.0 48896.0 0.0 112
19.95 -3473.86 1137.86 -456.96 0.0 49097.0 0.0 112
19.98 -3474.66 1126.27 -456.96 0.0 49220.0 0.0 112
20.0 -3475.21 1115.64 -456.67 0.0 49354.0 0.0 112
20.03 -3475.61 1104.03 -456.67 0.0 49508.0 0.0 112
20.05 -3475.82 1093.38 -456.67 0.0 49669.0 0.0 112
20.08 -3475.87 1082.25 -456.67 0.0 49707.0 0.0 112
20.1 -3475.76 1071.6 -454.71 0.0 49745.0 0.0 112
20.13 -3475.51 1060.47 -452.67 0.0 49783.0 0.0 112
20.15 -3475.15 1049.35 -451.78 0.0 49934.0 0.0 34
20.18 -3474.67 1037.74 -451.78 0.0 50010.0 0.0 34
20.2 -3474.11 1026.62 -451.78 0.0 50154.0 0.0 34
20.23 -3473.45 1015.51 -451.78 0.0 50298.0 0.0 34
20.25 -3472.67 1004.41 -451.78 0.0 50491.0 0.0 34
20.28 -3471.77 993.31 -451.78 0.0 50716.0 0.0 34
20.3 -3470.72 982.23 -451.78 0.0 50957.0 0.0 34
20.33 -3469.49 971.16 -451.5 0.0 51158.0 0.0 34
20.35 -3467.99 959.65 -450.19 0.0 51363.0 0.0 34
20.38 -3466.52 949.59 -449.05 0.0 51652.0 0.0 34
20.4 -3464.69 938.61 -447.81 0.0 52063.0 0.0 34
20.43 -3462.83 928.62 -446.87 0.0 52570.0 0.0 34
20.45 -3460.6 918.2 -447.27 0.0 52933.0 0.0 34
20.47 -3458.3 908.8 -447.27 0.0 53209.0 0.0 34
20.5 -3455.43 898.55 -447.86 0.0 53450.0 0.0 34
20.52 -3452.07 887.94 -448.4 0.0 53707.0 0.0 34
20.55 -3448.39 877.43 -449.27 0.0 53953.0 0.0 34
20.57 -3444.6 867.48 -450.14 0.0 54229.0 0.0 34
20.59 -3442.7 857.0 -450.14 0.0 54522.0 0.0 34
20.62 -3442.11 847.34 -450.14 0.0 54737.0 0.0 34
20.64 -3442.43 836.7 -450.14 0.0 54897.0 0.0 34
20.67 -3443.46 825.61 -450.14 0.0 55081.0 0.0 34
20.69 -3444.86 815.06 -450.14 0.0 55157.0 0.0 34
20.72 -3446.51 804.54 -449.58 0.0 55290.0 0.0 34
20.74 -3448.49 793.09 -448.74 0.0 55328.0 0.0 34
20.77 -3450.38 782.61 -447.97 0.0 55328.0 0.0 34
20.79 -3452.32 772.14 -446.91 0.0 55328.0 0.0 34
20.82 -3454.37 761.2 -445.56 0.0 55328.0 0.0 34
20.84 -3456.45 750.26 -444.22 0.0 55328.0 0.0 34
20.87 -3458.54 739.33 -442.88 0.0 55328.0 0.0 34
20.89 -3460.65 728.4 -441.54 0.0 55328.0 0.0 34
20.92 -3462.77 717.47 -440.91 0.0 55290.0 0.0 34
20.94 -3464.98 706.07 -440.31 0.0 55214.0 0.0 34
20.97 -3467.12 695.14 -439.73 0.0 55214.0 0.0 34
21.0 -3469.39 683.75 -439.13 0.0 55214.0 0.0 34
21.02 -3471.79 671.89 -438.7 0.0 55214.0 0.0 34
21.05 -3474.0 660.98 -438.7 0.0 55214.0 0.0 34
21.08 -3476.43 649.13 -438.7 0.0 55214.0 0.0 22
21.1 -3478.77 637.75 -437.34 0.0 55214.0 0.0 22
21.13 -3481.21 625.9 -435.59 0.0 55214.0 0.0 22
21.16 -3483.65 614.05 -433.85 0.0 55214.0 0.0 22
21.19 -3486.0 602.67 -432.17 0.0 55214.0 0.0 22
21.21 -3488.36 591.3 -430.5 0.0 55214.0 0.0 22
21.24 -3490.71 579.92 -428.83 0.0 55214.0 0.0 22
21.27 -3490.21 567.35 -426.75 0.0 55214.0 0.0 22
21.3 -3487.75 555.5 -425.42 0.0 55214.0 0.0 22
21.32 -3483.94 544.02 -424.54 0.0 55214.0 0.0 22
21.35 -3479.45 533.3 -423.73 0.0 55329.0 0.0 22
21.38 -3474.37 522.86 -422.94 0.0 55818.0 0.0 22
21.4 -3468.62 512.21 -422.41 0.0 56412.0 0.0 22
21.43 -3462.41 501.83 -423.64 0.0 56875.0 0.0 22
21.46 -3455.41 491.37 -424.82 0.0 57328.0 0.0 22
21.49 -3447.62 480.88 -426.18 0.0 57582.0 0.0 22
21.52 -3439.65 471.14 -428.52 0.0 57727.0 0.0 22
21.55 -3431.31 461.71 -428.52 0.0 57803.0 0.0 22
21.58 -3422.68 452.55 -426.64 0.0 57879.0 0.0 22
21.61 -3413.49 443.26 -427.1 0.0 58042.0 0.0 22
21.63 -3404.49 434.47 -428.63 0.0 58080.0 0.0 22
21.66 -3395.68 426.17 -430.16 0.0 58118.0 0.0 22
21.69 -3386.42 417.66 -431.55 0.0 58118.0 0.0 22
21.72 -3377.06 409.24 -432.93 0.0 58118.0 0.0 33
21.75 -3368.02 401.21 -434.27 0.0 58118.0 0.0 33
21.77 -3358.57 392.89 -436.71 0.0 58118.0 0.0 33
21.8 -3349.09 384.61 -439.29 0.0 58118.0 0.0 33
21.83 -3339.6 376.35 -441.45 0.0 58118.0 0.0 33
21.86 -3330.46 368.42 -442.77 0.0 58118.0 0.0 33
21.89 -3320.21 359.55 -444.02 0.0 58118.0 0.0 33
21.92 -3311.06 351.64 -445.14 0.0 58118.0 0.0 33
21.94 -3301.9 343.73 -446.26 0.0 58118.0 0.0 33
21.97 -3292.74 335.82 -447.37 0.0 58118.0 0.0 33
22.0 -3283.58 327.92 -448.49 0.0 58118.0 0.0 33
22.03 -3274.05 319.7 -449.65 0.0 58118.0 0.0 33
22.05 -3265.26 312.11 -448.79 0.0 58118.0 0.0 33
22.08 -3256.09 304.21 -451.68 0.0 58118.0 0.0 33
22.11 -3247.29 296.63 -450.74 0.0 58118.0 0.0 33
22.14 -3238.13 288.73 -449.62 0.0 58118.0 0.0 33
22.16 -3228.96 280.83 -448.5 0.0 58118.0 0.0 33
22.19 -3220.53 273.56 -447.48 0.0 58118.0 0.0 33
22.21 -3212.1 266.29 -448.16 0.0 58118.0 0.0 33
22.24 -3203.67 259.02 -449.05 0.0 58118.0 0.0 33
22.26 -3195.24 251.75 -449.93 0.0 58118.0 0.0 33
22.28 -3187.54 245.12 -450.74 0.0 58118.0 0.0 33
22.31 -3179.47 238.17 -451.59 0.0 58118.0 0.0 33
22.33 -3171.41 231.21 -451.08 0.0 58118.0 0.0 33
22.36 -3163.71 224.58 -448.89 0.0 58118.0 0.0 33
22.38 -3155.64 217.63 -446.43 0.0 58118.0 0.0 33
22.4 -3147.94 210.99 -444.08 0.0 58118.0 0.0 33
22.43 -3139.88 204.04 -441.62 0.0 58118.0 0.0 33
22.45 -3132.18 197.4 -439.27 0.0 58118.0 0.0 33
22.47 -3124.11 190.45 -438.98 0.0 58118.0 0.0 33
22.5 -3116.42 183.82 -439.4 0.0 58118.0 0.0 33
22.52 -3108.72 177.18 -439.4 0.0 58118.0 0.0 33
22.54 -3101.38 170.86 -439.94 0.0 58118.0 0.0 33
22.56 -3093.69 164.22 -439.94 0.0 58118.0 0.0 33
22.59 -3085.99 157.59 -437.79 0.0 58118.0 0.0 31
22.61 -3078.29 150.95 -437.21 0.0 58118.0 0.0 31
22.63 -3070.59 144.32 -435.35 0.0 58118.0 0.0 31
22.65 -3063.26 138.0 -433.44 0.0 58118.0 0.0 31
22.68 -3055.93 131.68 -431.52 0.0 58118.0 0.0 31
22.7 -3048.59 125.36 -429.61 0.0 58118.0 0.0 31
22.72 -3040.89 118.72 -428.48 0.0 58118.0 0.0 31
22.75 -3033.2 112.08 -429.97 0.0 58118.0 0.0 31
22.77 -3025.5 105.45 -431.46 0.0 58118.0 0.0 31
22.79 -3018.53 99.44 -432.8 0.0 58118.0 0.0 31
22.81 -3010.83 92.81 -434.29 0.0 58118.0 0.0 31
22.84 -3003.13 86.17 -432.48 0.0 58118.0 0.0 31
22.86 -2995.44 79.54 -430.74 0.0 58118.0 0.0 31
22.88 -2987.74 72.9 -429.35 0.0 58118.0 0.0 31
22.9 -2980.4 66.58 -426.49 0.0 58118.0 0.0 31
22.93 -2972.71 59.94 -423.08 0.0 58118.0 0.0 31
22.95 -2965.37 53.62 -419.82 0.0 58118.0 0.0 31
22.97 -2957.67 46.99 -416.41 0.0 58194.0 0.0 31
23.0 -2949.61 40.04 -416.91 0.0 58270.0 0.0 31
23.02 -2942.27 33.73 -419.47 0.0 58362.0 0.0 31
23.04 -2934.16 26.82 -422.28 0.0 58446.0 0.0 31
23.07 -2926.77 20.57 -424.55 0.0 58534.0 0.0 31
23.09 -2918.97 14.06 -424.55 0.0 58626.0 0.0 31
23.11 -2910.75 7.29 -425.0 0.0 58664.0 0.0 31
23.14 -2902.86 0.88 -428.43 0.0 58756.0 0.0 31
23.16 -2894.55 -5.78 -432.19 0.0 58794.0 0.0 31
23.18 -2886.58 -12.08 -434.91 0.0 58886.0 0.0 31
23.21 -2878.18 -18.63 -435.37 0.0 58924.0 0.0 31
23.23 -2870.52 -24.54 -435.37 0.0 59016.0 0.0 31
23.25 -2862.04 -30.99 -436.19 0.0 59054.0 0.0 31
23.28 -2853.52 -37.38 -436.19 0.0 59092.0 0.0 31
23.3 -2844.96 -43.71 -436.75 0.0 59130.0 0.0 31
23.33 -2836.37 -50.0 -434.48 0.0 59130.0 0.0 31
23.35 -2827.75 -56.25 -432.17 0.0 59130.0 0.0 31
23.37 -2819.5 -62.19 -429.96 0.0 59130.0 0.0 31
23.4 -2811.24 -68.1 -430.58 0.0 59130.0 0.0 31
23.42 -2802.57 -74.29 -432.43 0.0 59130.0 0.0 31
23.45 -2793.49 -80.73 -434.35 0.0 59130.0 0.0 31
23.47 -2784.41 -87.17 -436.27 0.0 59130.0 0.0 207
23.5 -2775.33 -93.61 -437.7 0.0 59130.0 0.0 207
23.52 -2765.84 -100.32 -437.31 0.0 59130.0 0.0 207
23.55 -2756.75 -106.74 -439.49 0.0 59130.0 0.0 207
23.57 -2747.66 -113.16 -441.97 0.0 59130.0 0.0 207
23.6 -2738.96 -119.31 -444.35 0.0 59130.0 0.0 207
23.63 -2729.47 -126.01 -446.94 0.0 59130.0 0.0 207
23.65 -2720.38 -132.42 -449.34 0.0 59130.0 0.0 207
23.68 -2711.28 -138.84 -450.84 0.0 59130.0 0.0 207
23.7 -2701.79 -145.54 -452.4 0.0 59130.0 0.0 207
23.73 -2692.7 -151.96 -453.89 0.0 59130.0 0.0 207
23.75 -2683.2 -158.65 -455.45 0.0 59130.0 0.0 207
23.78 -2674.11 -165.07 -458.64 0.0 59130.0 0.0 207
23.8 -2665.41 -171.21 -461.92 0.0 59130.0 0.0 207
23.83 -2656.31 -177.63 -465.08 0.0 59206.0 0.0 207
23.86 -2646.82 -184.32 -468.12 0.0 59306.0 0.0 207
23.88 -2637.31 -191.0 -471.15 0.0 59402.0 0.0 207
23.91 -2628.18 -197.36 -471.51 0.0 59498.0 0.0 207
23.93 -2619.0 -203.66 -471.51 0.0 59598.0 0.0 207
23.96 -2609.39 -210.18 -471.21 0.0 59694.0 0.0 207
23.99 -2600.12 -216.35 -471.21 0.0 59794.0 0.0 207
24.01 -2590.41 -222.72 -471.21 0.0 59832.0 0.0 207
24.04 -2581.04 -228.74 -470.82 0.0 59832.0 0.0 207
24.06 -2571.64 -234.69 -470.82 0.0 59832.0 0.0 207
24.09 -2562.2 -240.6 -470.45 0.0 59832.0 0.0 207
24.11 -2553.16 -246.22 -470.45 0.0 59832.0 0.0 207
24.14 -2543.7 -252.07 -472.8 0.0 59832.0 0.0 207
24.16 -2534.67 -257.65 -468.46 0.0 59870.0 0.0 279
24.18 -2525.65 -263.22 -461.46 0.0 59908.0 0.0 279
24.21 -2516.64 -268.77 -451.52 0.0 59908.0 0.0 279
24.23 -2507.22 -274.55 -440.29 0.0 59946.0 0.0 279
24.26 -2498.63 -279.81 -427.17 0.0 59946.0 0.0 279
24.28 -2490.05 -285.05 -411.6 0.0 59984.0 0.0 279
24.3 -2484.61 -288.42 -393.53 0.0 59984.0 0.0 279
24.33 -2481.28 -290.51 -375.62 0.0 60022.0 0.0 279
24.35 -2479.45 -291.72 -354.66 0.0 60022.0 0.0 279
24.38 -2478.32 -292.5 -333.5 0.0 60022.0 0.0 279
24.4 -2477.75 -292.97 -309.42 0.0 60060.0 0.0 279
24.43 -2477.46 -293.26 -285.59 0.0 60060.0 0.0 279
24.46 -2477.4 -293.42 -259.12 0.0 60060.0 0.0 279
24.48 -2477.62 -293.42 -232.34 0.0 60060.0 0.0 279
24.51 -2477.85 -293.42 -204.47 0.0 60060.0 0.0 279
24.54 -2478.09 -293.42 -175.85 0.0 60060.0 0.0 227
24.57 -2478.31 -293.42 -148.94 0.0 60060.0 0.0 227
24.6 -2477.08 -294.26 -122.02 0.0 59945.0 0.0 227
24.63 -2474.2 -296.04 -98.33 0.0 59805.0 0.0 227
24.66 -2470.22 -298.48 -76.13 0.0 59560.0 0.0 227
24.68 -2464.91 -301.75 -55.71 0.0 59315.0 0.0 227
24.71 -2458.31 -305.9 -36.67 0.0 59024.0 0.0 227
24.74 -2450.07 -311.23 -20.78 0.0 58569.0 0.0 227
24.77 -2440.95 -317.36 -7.54 0.0 58018.0 0.0 227
24.79 -2431.13 -324.32 2.4 0.0 57615.0 0.0 227
24.82 -2421.9 -331.29 9.59 0.0 57353.0 0.0 227
24.85 -2412.52 -338.9 13.11 0.0 57128.0 0.0 227
24.87 -2404.08 -346.16 15.86 0.0 56883.0 0.0 227
24.9 -2395.15 -354.31 18.01 0.0 56782.0 0.0 227
24.93 -2386.78 -362.37 19.32 0.0 56744.0 0.0 227
24.95 -2378.59 -370.61 19.32 0.0 56533.0 0.0 227
24.98 -2370.2 -379.33 19.32 0.0 56457.0 0.0 227
25.01 -2361.97 -388.2 19.32 0.0 56322.0 0.0 227
25.03 -2354.19 -396.83 19.32 0.0 56153.0 0.0 227
25.06 -2346.54 -405.56 19.32 0.0 55951.0 0.0 227
25.09 -2339.01 -414.41 18.59 0.0 55793.0 0.0 227
25.11 -2331.32 -423.75 12.23 0.0 55599.0 0.0 227
25.14 -2324.1 -432.53 11.93 0.0 55430.0 0.0 227
25.17 -2316.45 -441.89 10.96 0.0 55228.0 0.0 227
25.19 -2308.82 -451.28 9.33 0.0 55045.0 0.0 227
25.22 -2300.6 -461.48 6.82 0.0 54916.0 0.0 227
25.24 -2293.52 -470.39 5.28 0.0 54824.0 0.0 227
25.27 -2287.21 -478.96 14.89 0.0 54786.0 0.0 227
25.3 -2280.84 -488.09 21.09 0.0 54786.0 0.0 227
25.32 -2274.4 -497.76 21.93 0.0 54786.0 0.0 227
25.35 -2268.35 -507.1 21.93 0.0 54786.0 0.0 227
25.37 -2262.39 -516.51 22.22 0.0 54786.0 0.0 227
25.4 -2256.5 -525.95 22.22 0.0 54786.0 0.0 227
25.42 -2250.41 -535.84 21.85 0.0 54786.0 0.0 227
25.45 -2244.6 -545.34 21.64 0.0 54786.0 0.0 227
25.47 -2238.57 -555.27 21.34 0.0 54786.0 0.0 227
25.5 -2233.05 -564.37 20.46 0.0 54786.0 0.0 227
25.53 -2227.05 -574.32 19.5 0.0 54786.0 0.0 227
25.55 -2221.3 -583.85 18.59 0.0 54786.0 0.0 227
25.58 -2215.57 -593.39 17.67 0.0 54786.0 0.0 227
25.6 -2210.08 -602.52 16.79 0.0 54786.0 0.0 227
25.63 -2204.1 -612.48 15.84 0.0 54786.0 0.0 227
25.65 -2198.37 -622.02 14.92 0.0 54786.0 0.0 227
25.68 -2192.65 -631.57 14.01 0.0 54786.0 0.0 227
25.7 -2186.92 -641.12 13.09 0.0 54786.0 0.0 227
25.73 -2180.95 -651.08 11.2 0.0 54786.0 0.0 227
25.76 -2174.97 -661.04 10.98 0.0 54786.0 0.0 224
25.78 -2169.25 -670.59 9.0 0.0 54786.0 0.0 224
25.81 -2163.52 -680.14 4.02 0.0 54786.0 0.0 224
25.83 -2157.55 -690.1 1.11 0.0 54786.0 0.0 224
25.87 -2151.83 -699.65 -1.48 0.0 54786.0 0.0 224
25.9 -2142.87 -714.59 -5.75 0.0 54786.0 0.0 224
25.93 -2137.15 -724.14 -8.96 0.0 54786.0 0.0 224
25.95 -2130.68 -734.93 -12.42 0.0 54786.0 0.0 224
25.98 -2124.96 -744.48 -14.32 0.0 54786.0 0.0 224
26.01 -2118.49 -755.27 -15.14 0.0 54786.0 0.0 224
26.03 -2112.76 -764.82 -16.69 0.0 54786.0 0.0 224
26.08 -2106.54 -775.2 -18.5 0.0 54786.0 0.0 224
26.1 -2096.34 -792.22 -19.91 0.0 54786.0 0.0 224
26.13 -2090.87 -801.36 -20.66 0.0 54786.0 0.0 224
26.15 -2085.14 -810.9 -21.19 0.0 54786.0 0.0 224
26.18 -2079.67 -820.04 -20.69 0.0 54786.0 0.0 224
26.21 -2073.7 -830.0 -20.14 0.0 54786.0 0.0 224
26.23 -2066.48 -842.04 -19.29 0.0 54786.0 0.0 224
26.26 -2061.51 -850.34 -18.7 0.0 54786.0 0.0 224
26.28 -2055.78 -859.89 -18.02 0.0 54786.0 0.0 224
26.31 -2049.81 -869.85 -20.67 0.0 54786.0 0.0 224
26.34 -2043.84 -879.82 -23.48 0.0 54786.0 0.0 224
26.36 -2037.87 -889.78 -26.28 0.0 54786.0 0.0 224
26.39 -2031.65 -900.16 -29.2 0.0 54786.0 0.0 224
26.42 -2025.67 -910.12 -32.01 0.0 54786.0 0.0 224
26.44 -2019.45 -920.5 -33.29 0.0 54786.0 0.0 224
26.47 -2013.98 -929.63 -33.86 0.0 54786.0 0.0 224
26.49 -2008.01 -939.6 -34.48 0.0 54786.0 0.0 224
26.52 -2002.29 -949.15 -35.07 0.0 54786.0 0.0 224
26.55 -1996.31 -959.11 -35.69 0.0 54786.0 0.0 224
26.57 -1990.59 -968.66 -38.4 0.0 54786.0 0.0 224
26.6 -1984.62 -978.62 -42.65 0.0 54786.0 0.0 224
26.62 -1977.47 -993.65 -36.98 0.0 54786.0 0.0 224
26.65 -1970.28 -1008.65 -31.96 0.0 54786.0 0.0 224
