241.32 1687.08 4619.98 -643.36 0.0 39646.0 0.0 823
241.35 1685.95 4619.1 -643.82 0.0 39646.0 0.0 823
241.37 1683.7 4617.36 -644.74 0.0 39646.0 0.0 823
241.4 1680.12 4614.59 -646.19 0.0 39646.0 0.0 823
241.43 1674.83 4610.49 -648.19 0.0 39646.0 0.0 823
241.46 1668.42 4605.51 -650.4 0.0 39646.0 0.0 823
241.49 1659.97 4598.97 -653.3 0.0 39646.0 0.0 823
241.53 1650.4 4591.55 -656.59 0.0 39646.0 0.0 823
241.56 1639.3 4582.96 -659.5 0.0 39646.0 0.0 823
241.58 1628.59 4574.65 -661.94 0.0 39646.0 0.0 823
241.61 1619.41 4567.54 -664.04 0.0 39646.0 0.0 823
241.63 1610.61 4560.72 -665.91 0.0 39646.0 0.0 823
241.66 1601.81 4553.9 -667.4 0.0 39646.0 0.0 823
241.68 1593.77 4547.68 -668.77 0.0 39646.0 0.0 823
241.71 1584.97 4540.86 -670.26 0.0 39416.0 0.0 823
241.73 1576.56 4534.34 -671.69 0.0 39218.0 0.0 823
241.75 1567.72 4527.57 -673.18 0.0 38997.0 0.0 862
241.78 1559.2 4521.19 -674.47 0.0 38832.0 0.0 862
241.8 1550.2 4514.63 -675.71 0.0 38756.0 0.0 862
241.83 1541.52 4508.47 -676.61 0.0 38718.0 0.0 862
241.85 1533.16 4502.68 -677.42 0.0 38624.0 0.0 862
241.88 1524.35 4496.71 -678.25 0.0 38525.0 0.0 862
241.9 1515.07 4490.55 -679.1 0.0 38449.0 0.0 862
241.93 1506.14 4484.75 -679.9 0.0 38350.0 0.0 862
241.95 1495.69 4480.92 -680.34 0.0 38312.0 0.0 862
241.98 1485.23 4478.93 -680.34 0.0 38312.0 0.0 862
242.0 1474.12 4478.22 -679.71 0.0 38312.0 0.0 862
242.02 1463.96 4478.42 -679.0 0.0 38312.0 0.0 862
242.04 1454.31 4479.19 -678.23 0.0 38312.0 0.0 862
242.07 1444.7 4480.37 -677.39 0.0 38312.0 0.0 862
242.09 1434.66 4481.97 -677.01 0.0 38312.0 0.0 862
242.11 1424.67 4483.81 -677.01 0.0 38312.0 0.0 862
242.13 1415.18 4485.75 -676.43 0.0 38312.0 0.0 862
242.16 1405.25 4487.91 -675.69 0.0 38312.0 0.0 862
242.18 1396.29 4489.96 -675.0 0.0 38312.0 0.0 862
242.2 1386.39 4492.29 -674.14 0.0 38312.0 0.0 862
242.22 1377.46 4494.46 -672.89 0.0 38312.0 0.0 862
242.24 1368.53 4496.65 -671.63 0.0 38312.0 0.0 864
242.26 1359.6 4498.88 -670.37 0.0 38312.0 0.0 864
242.29 1349.75 4501.36 -669.43 0.0 38312.0 0.0 864
242.31 1340.08 4501.92 -668.93 0.0 38312.0 0.0 864
242.33 1329.97 4500.96 -668.66 0.0 38312.0 0.0 864
242.36 1319.1 4498.55 -668.66 0.0 38312.0 0.0 864
242.38 1309.84 4495.72 -668.66 0.0 38312.0 0.0 864
242.4 1300.33 4492.15 -668.66 0.0 38312.0 0.0 864
242.43 1290.54 4487.94 -669.26 0.0 38312.0 0.0 864
242.45 1281.78 4483.84 -669.68 0.0 38312.0 0.0 864
242.47 1272.68 4479.3 -670.16 0.0 38312.0 0.0 864
242.5 1263.67 4474.6 -670.66 0.0 38312.0 0.0 864
242.52 1254.72 4469.78 -671.18 0.0 38312.0 0.0 864
242.54 1245.82 4464.87 -671.71 0.0 38312.0 0.0 867
242.56 1236.96 4459.9 -672.22 0.0 38312.0 0.0 867
242.59 1228.12 4454.88 -672.66 0.0 38312.0 0.0 867
242.61 1219.3 4449.82 -673.54 0.0 38849.0 0.0 867
242.63 1210.5 4444.74 -674.38 0.0 39425.0 0.0 867
242.66 1201.36 4439.27 -675.24 0.0 39975.0 0.0 867
242.68 1192.78 4433.82 -676.09 0.0 40577.0 0.0 867
242.71 1183.61 4427.52 -677.05 0.0 41146.0 0.0 867
242.74 1174.7 4420.84 -678.06 0.0 41809.0 0.0 867
242.76 1165.75 4413.44 -679.16 0.0 42500.0 0.0 867
242.79 1156.86 4405.23 -680.85 0.0 43219.0 0.0 867
242.82 1148.13 4396.16 -682.56 0.0 44297.0 0.0 867
242.85 1140.0 4386.56 -683.31 0.0 45716.0 0.0 867
242.88 1132.87 4376.79 -683.98 0.0 46435.0 0.0 867
242.9 1126.46 4365.96 -684.61 0.0 46819.0 0.0 867
242.93 1121.37 4355.51 -685.13 0.0 47522.0 0.0 867
242.95 1117.17 4345.21 -685.73 0.0 48150.0 0.0 867
242.98 1113.52 4334.18 -686.1 0.0 48652.0 0.0 867
243.0 1110.71 4323.41 -686.1 0.0 49154.0 0.0 867
243.03 1108.54 4312.49 -684.85 0.0 49689.0 0.0 867
243.05 1106.99 4301.46 -684.0 0.0 50116.0 0.0 867
243.08 1106.08 4291.34 -683.21 0.0 50528.0 0.0 867
243.1 1105.65 4281.19 -682.39 0.0 50832.0 0.0 867
243.12 1105.65 4271.99 -681.66 0.0 51080.0 0.0 867
243.14 1106.01 4262.8 -681.66 0.0 51197.0 0.0 867
243.16 1105.11 4254.14 -681.66 0.0 51235.0 0.0 867
243.18 1103.11 4245.16 -682.14 0.0 51273.0 0.0 867
243.2 1100.52 4236.84 -682.14 0.0 51430.0 0.0 867
243.22 1097.4 4228.71 -681.87 0.0 51639.0 0.0 867
243.24 1093.91 4220.73 -681.56 0.0 51750.0 0.0 867
243.26 1090.4 4213.29 -681.24 0.0 51824.0 0.0 867
243.28 1086.73 4205.92 -680.89 0.0 51628.0 0.0 867
243.29 1082.72 4198.18 -680.51 0.0 51628.0 0.0 867
243.31 1078.6 4190.51 -680.11 0.0 51628.0 0.0 867
243.33 1074.61 4183.31 -679.73 0.0 51628.0 0.0 867
243.35 1070.56 4176.15 -679.33 0.0 51628.0 0.0 867
243.37 1066.46 4169.02 -678.77 0.0 51628.0 0.0 867
243.39 1062.32 4161.91 -678.04 0.0 51628.0 0.0 867
243.41 1059.35 4154.23 -677.28 0.0 51628.0 0.0 867
243.43 1057.4 4146.24 -676.51 0.0 51628.0 0.0 867
243.45 1056.22 4136.63 -675.66 0.0 51628.0 0.0 867
243.47 1055.86 4128.41 -674.98 0.0 51628.0 0.0 867
243.49 1055.97 4120.67 -674.34 0.0 51628.0 0.0 867
243.5 1056.53 4111.97 -673.64 0.0 51628.0 0.0 867
243.52 1057.37 4103.79 -672.99 0.0 51628.0 0.0 873
243.54 1058.37 4096.11 -672.44 0.0 51628.0 0.0 873
243.56 1059.63 4087.98 -672.06 0.0 51628.0 0.0 873
243.58 1060.95 4080.35 -671.71 0.0 51628.0 0.0 873
243.59 1062.37 4072.74 -671.44 0.0 51628.0 0.0 873
243.61 1063.97 4064.66 -671.44 0.0 51628.0 0.0 873
243.63 1065.64 4056.61 -670.97 0.0 51628.0 0.0 873
243.65 1067.27 4049.04 -670.97 0.0 51628.0 0.0 873
243.67 1068.94 4041.47 -670.55 0.0 51628.0 0.0 873
243.68 1070.74 4033.45 -670.55 0.0 51628.0 0.0 873
243.7 1072.47 4025.9 -670.12 0.0 51437.0 0.0 873
243.72 1074.32 4017.88 -670.12 0.0 51363.0 0.0 873
243.74 1076.16 4009.86 -669.79 0.0 51223.0 0.0 873
243.76 1077.87 4002.31 -669.79 0.0 51223.0 0.0 873
243.78 1079.75 3993.8 -669.79 0.0 51223.0 0.0 873
243.8 1081.39 3986.23 -670.25 0.0 51185.0 0.0 873
243.82 1083.1 3978.19 -670.25 0.0 51185.0 0.0 873
243.83 1084.89 3969.66 -670.76 0.0 51147.0 0.0 873
243.85 1086.36 3962.55 -670.76 0.0 51147.0 0.0 873
243.87 1087.82 3955.44 -671.19 0.0 51109.0 0.0 873
243.88 1089.35 3947.85 -671.19 0.0 51044.0 0.0 873
243.9 1090.77 3940.73 -671.72 0.0 50979.0 0.0 873
243.92 1092.17 3933.6 -671.72 0.0 50914.0 0.0 873
243.93 1093.55 3926.48 -671.72 0.0 50914.0 0.0 873
243.95 1094.89 3919.34 -671.72 0.0 50914.0 0.0 873
243.97 1096.21 3912.2 -671.72 0.0 50914.0 0.0 873
243.98 1097.6 3904.58 -671.72 0.0 50914.0 0.0 873
244.0 1098.88 3897.44 -671.72 0.0 50914.0 0.0 873
244.01 1100.15 3890.29 -671.72 0.0 50914.0 0.0 873
244.03 1101.33 3883.62 -671.72 0.0 50914.0 0.0 873
244.05 1102.67 3875.99 -671.72 0.0 50876.0 0.0 873
244.06 1103.91 3868.84 -671.72 0.0 50876.0 0.0 873
244.08 1105.15 3861.68 -671.72 0.0 50876.0 0.0 873
244.1 1106.46 3854.05 -671.72 0.0 50876.0 0.0 873
244.12 1107.68 3846.89 -671.45 0.0 50876.0 0.0 873
244.13 1108.9 3839.74 -671.45 0.0 50876.0 0.0 873
244.15 1110.11 3832.58 -671.45 0.0 50876.0 0.0 873
244.17 1111.4 3824.94 -671.18 0.0 50876.0 0.0 873
244.18 1112.68 3817.3 -671.18 0.0 50876.0 0.0 873
244.2 1113.89 3810.15 -671.18 0.0 50876.0 0.0 873
244.22 1115.25 3802.03 -671.18 0.0 50876.0 0.0 873
244.24 1116.45 3794.87 -671.18 0.0 50800.0 0.0 873
244.25 1117.73 3787.23 -671.18 0.0 50660.0 0.0 873
244.27 1118.99 3779.59 -671.18 0.0 50511.0 0.0 873
244.29 1120.3 3771.47 -671.18 0.0 50394.0 0.0 873
244.31 1121.49 3763.82 -671.18 0.0 50254.0 0.0 873
244.33 1122.62 3756.16 -671.18 0.0 50184.0 0.0 873
244.34 1123.69 3748.49 -671.77 0.0 50044.0 0.0 873
244.36 1124.69 3740.81 -672.19 0.0 49970.0 0.0 873
244.38 1125.68 3732.64 -672.64 0.0 49859.0 0.0 873
244.4 1126.59 3724.46 -673.09 0.0 49748.0 0.0 873
244.42 1127.43 3716.28 -673.67 0.0 49637.0 0.0 873
244.44 1128.18 3708.08 -674.51 0.0 49488.0 0.0 873
244.45 1128.86 3699.88 -674.51 0.0 49488.0 0.0 873
244.47 1129.41 3692.16 -672.36 0.0 49450.0 0.0 873
244.49 1129.93 3683.95 -670.88 0.0 49378.0 0.0 873
244.51 1130.39 3675.73 -669.77 0.0 49306.0 0.0 873
244.53 1130.79 3667.51 -669.34 0.0 49153.0 0.0 873
244.55 1131.14 3658.81 -669.34 0.0 49153.0 0.0 873
244.57 1131.42 3649.62 -669.34 0.0 49115.0 0.0 873
244.6 1131.64 3639.94 -669.34 0.0 49115.0 0.0 873
244.62 1131.81 3629.78 -669.34 0.0 49115.0 0.0 873
244.64 1131.91 3620.1 -669.34 0.0 49115.0 0.0 873
244.66 1131.98 3610.42 -669.34 0.0 49115.0 0.0 873
244.68 1132.03 3600.25 -669.8 0.0 49115.0 0.0 873
244.71 1132.05 3591.06 -669.8 0.0 49115.0 0.0 886
244.73 1132.05 3580.89 -669.8 0.0 49115.0 0.0 886
244.75 1132.05 3571.7 -669.8 0.0 49115.0 0.0 886
244.77 1132.04 3562.02 -671.36 0.0 49115.0 0.0 886
244.79 1132.02 3552.34 -671.36 0.0 49115.0 0.0 886
244.82 1132.0 3543.14 -671.36 0.0 49115.0 0.0 886
244.84 1131.97 3533.46 -671.36 0.0 49077.0 0.0 886
244.86 1131.94 3524.27 -671.85 0.0 49077.0 0.0 886
244.88 1131.91 3515.07 -671.85 0.0 49077.0 0.0 886
244.9 1131.86 3504.91 -671.85 0.0 49077.0 0.0 886
244.92 1131.8 3495.23 -671.85 0.0 49077.0 0.0 886
244.94 1131.75 3486.03 -671.85 0.0 49077.0 0.0 886
244.97 1131.69 3476.35 -672.33 0.0 49077.0 0.0 886
244.99 1131.62 3466.67 -672.33 0.0 49077.0 0.0 886
245.01 1131.56 3456.99 -672.33 0.0 49077.0 0.0 886
245.03 1131.49 3447.31 -672.33 0.0 49077.0 0.0 886
245.05 1131.43 3438.12 -672.33 0.0 49077.0 0.0 886
245.07 1131.36 3428.92 -672.8 0.0 49077.0 0.0 886
245.09 1131.3 3420.21 -672.8 0.0 49077.0 0.0 886
245.11 1131.24 3411.98 -672.8 0.0 49077.0 0.0 886
245.13 1131.18 3403.75 -672.8 0.0 49077.0 0.0 886
245.15 1131.12 3395.52 -673.11 0.0 49077.0 0.0 886
245.17 1131.07 3387.3 -673.11 0.0 49077.0 0.0 886
245.19 1131.01 3379.07 -673.11 0.0 49077.0 0.0 886
245.2 1130.94 3370.36 -673.11 0.0 49077.0 0.0 886
245.22 1130.89 3362.61 -673.11 0.0 49077.0 0.0 886
245.24 1130.83 3354.39 -673.11 0.0 49077.0 0.0 886
245.26 1130.76 3345.67 -673.11 0.0 49077.0 0.0 886
245.28 1130.7 3336.96 -673.11 0.0 49077.0 0.0 886
245.31 1130.64 3328.25 -673.11 0.0 49077.0 0.0 886
245.33 1130.56 3317.12 -673.11 0.0 49077.0 0.0 886
245.35 1130.5 3308.89 -673.11 0.0 49077.0 0.0 886
245.37 1130.43 3299.7 -673.11 0.0 49077.0 0.0 886
245.39 1130.37 3291.47 -673.11 0.0 49077.0 0.0 886
245.41 1130.3 3282.27 -673.11 0.0 49077.0 0.0 886
245.43 1130.24 3273.08 -673.11 0.0 49077.0 0.0 886
245.45 1130.17 3263.88 -673.11 0.0 49077.0 0.0 886
245.47 1130.1 3254.68 -673.11 0.0 49077.0 0.0 886
245.49 1130.04 3245.97 -673.11 0.0 49077.0 0.0 886
245.51 1129.98 3237.26 -673.11 0.0 49077.0 0.0 883
245.53 1129.91 3228.07 -673.11 0.0 49077.0 0.0 883
245.55 1129.84 3218.39 -673.11 0.0 49077.0 0.0 883
245.57 1129.77 3209.67 -673.11 0.0 49077.0 0.0 883
245.59 1129.71 3200.48 -673.11 0.0 49077.0 0.0 883
245.61 1129.64 3191.77 -673.11 0.0 49077.0 0.0 883
245.64 1129.58 3183.06 -673.11 0.0 49077.0 0.0 883
245.66 1129.5 3171.92 -673.11 0.0 49077.0 0.0 883
245.68 1129.44 3163.21 -673.11 0.0 49077.0 0.0 883
245.7 1129.37 3154.5 -673.11 0.0 49077.0 0.0 883
245.72 1129.31 3145.3 -673.11 0.0 49077.0 0.0 883
245.74 1129.24 3136.59 -673.11 0.0 49077.0 0.0 883
245.76 1129.18 3127.4 -673.11 0.0 49230.0 0.0 883
245.78 1129.11 3118.69 -673.11 0.0 49310.0 0.0 883
245.8 1129.08 3109.49 -673.11 0.0 49348.0 0.0 883
245.82 1129.08 3100.29 -673.11 0.0 49386.0 0.0 883
245.84 1129.13 3091.1 -673.11 0.0 49424.0 0.0 883
245.86 1129.22 3081.9 -673.11 0.0 49462.0 0.0 883
245.88 1129.34 3072.71 -673.11 0.0 49542.0 0.0 883
245.9 1129.5 3063.51 -673.11 0.0 49580.0 0.0 883
245.93 1129.7 3054.32 -673.11 0.0 49618.0 0.0 883
245.95 1129.94 3045.13 -673.11 0.0 49796.0 0.0 883
245.97 1128.24 3035.11 -673.11 0.0 49923.0 0.0 869
245.99 1125.32 3025.88 -673.11 0.0 50111.0 0.0 869
246.01 1121.71 3017.42 -673.11 0.0 50272.0 0.0 869
246.04 1117.53 3009.23 -673.11 0.0 50539.0 0.0 869
246.06 1112.42 3000.44 -673.11 0.0 50896.0 0.0 869
246.08 1107.02 2991.83 -673.11 0.0 51253.0 0.0 869
246.1 1101.49 2983.3 -673.11 0.0 51536.0 0.0 869
246.13 1096.21 2975.19 -673.11 0.0 51803.0 0.0 869
246.15 1090.71 2966.64 -673.11 0.0 52128.0 0.0 869
246.18 1086.95 2956.17 -673.11 0.0 52551.0 0.0 869
246.2 1085.09 2945.19 -673.11 0.0 53170.0 0.0 869
246.23 1084.78 2934.06 -673.11 0.0 54042.0 0.0 860
246.25 1085.68 2923.45 -673.11 0.0 55117.0 0.0 860
246.28 1087.82 2912.53 -673.11 0.0 56343.0 0.0 860
246.3 1093.02 2903.06 -673.11 0.0 57551.0 0.0 860
246.32 1099.78 2895.73 -673.11 0.0 58700.0 0.0 860
246.35 1108.11 2889.9 -673.11 0.0 59542.0 0.0 860
246.36 1116.91 2885.86 -673.11 0.0 60148.0 0.0 860
246.38 1124.3 2883.55 -673.11 0.0 60653.0 0.0 860
246.4 1131.42 2882.15 -673.11 0.0 61118.0 0.0 860
246.41 1139.62 2881.44 -673.11 0.0 61465.0 0.0 860
246.43 1146.88 2881.44 -673.11 0.0 61734.0 0.0 860
246.45 1154.6 2882.06 -673.11 0.0 61891.0 0.0 860
246.47 1161.78 2883.11 -673.11 0.0 61985.0 0.0 860
246.49 1168.9 2884.56 -673.11 0.0 62023.0 0.0 869
246.5 1179.16 2887.38 -673.11 0.0 62023.0 0.0 869
246.52 1185.63 2889.39 -673.11 0.0 62023.0 0.0 869
246.54 1192.05 2891.57 -673.11 0.0 62023.0 0.0 869
246.56 1199.32 2894.24 -673.11 0.0 62023.0 0.0 869
246.57 1206.53 2897.06 -673.11 0.0 62023.0 0.0 869
246.59 1213.7 2899.99 -673.11 0.0 62023.0 0.0 869
246.61 1221.28 2903.2 -673.11 0.0 62023.0 0.0 869
246.63 1228.38 2906.29 -673.11 0.0 62023.0 0.0 869
246.65 1235.89 2909.64 -673.11 0.0 62023.0 0.0 869
246.66 1242.95 2912.83 -673.11 0.0 62023.0 0.0 869
246.68 1250.43 2916.26 -673.11 0.0 62023.0 0.0 869
246.7 1257.89 2919.72 -673.11 0.0 62023.0 0.0 869
246.72 1266.22 2923.62 -673.11 0.0 62023.0 0.0 869
246.74 1273.23 2926.91 -673.11 0.0 62023.0 0.0 869
246.76 1281.54 2930.84 -673.11 0.0 62023.0 0.0 869
246.78 1288.98 2934.37 -673.11 0.0 62023.0 0.0 869
246.8 1295.97 2937.7 -673.11 0.0 62023.0 0.0 869
246.82 1303.4 2941.24 -673.11 0.0 62023.0 0.0 869
246.83 1311.78 2943.6 -673.11 0.0 62023.0 0.0 869
246.85 1319.44 2944.77 -673.11 0.0 62023.0 0.0 869
246.87 1327.66 2945.15 -673.11 0.0 62023.0 0.0 869
246.89 1335.88 2944.86 -673.11 0.0 62023.0 0.0 869
246.91 1344.07 2944.03 -673.11 0.0 62023.0 0.0 869
246.93 1351.25 2942.97 -673.11 0.0 62023.0 0.0 869
246.95 1359.33 2941.44 -673.11 0.0 62061.0 0.0 869
246.96 1367.83 2939.52 -673.11 0.0 62313.0 0.0 869
246.98 1375.81 2937.51 -673.11 0.0 62822.0 0.0 869
247.0 1383.3 2935.53 -673.11 0.0 63459.0 0.0 869
247.02 1391.72 2933.29 -673.11 0.0 63928.0 0.0 869
247.04 1399.7 2931.29 -673.11 0.0 64289.0 0.0 869
247.06 1407.71 2929.44 -673.11 0.0 64505.0 0.0 869
247.08 1415.77 2927.78 -673.11 0.0 64657.0 0.0 869
247.1 1424.35 2926.23 -673.11 0.0 64886.0 0.0 816
247.12 1432.95 2924.86 -673.11 0.0 64886.0 0.0 816
247.14 1441.1 2923.74 -673.11 0.0 64962.0 0.0 816
247.15 1449.75 2922.7 -673.11 0.0 64962.0 0.0 816
247.17 1457.93 2921.83 -673.11 0.0 64962.0 0.0 816
247.19 1466.12 2921.05 -673.11 0.0 64962.0 0.0 816
247.21 1474.8 2920.31 -673.11 0.0 64962.0 0.0 816
247.23 1483.01 2919.66 -673.11 0.0 64962.0 0.0 816
247.25 1491.21 2919.05 -673.11 0.0 64962.0 0.0 816
247.27 1499.9 2918.45 -673.11 0.0 64962.0 0.0 816
247.29 1508.11 2917.9 -673.11 0.0 64962.0 0.0 816
247.31 1516.32 2917.37 -673.11 0.0 64962.0 0.0 816
247.32 1524.05 2916.89 -673.11 0.0 64962.0 0.0 816
247.34 1532.27 2916.39 -673.11 0.0 64962.0 0.0 816
247.36 1540.48 2915.9 -673.11 0.0 64962.0 0.0 816
247.38 1548.69 2915.42 -673.11 0.0 64962.0 0.0 816
247.4 1556.91 2914.95 -673.11 0.0 64962.0 0.0 816
247.42 1565.12 2914.48 -673.11 0.0 64962.0 0.0 816
247.44 1573.34 2914.01 -673.11 0.0 64962.0 0.0 816
247.46 1581.55 2913.54 -673.11 0.0 64962.0 0.0 816
247.47 1590.25 2913.05 -673.11 0.0 64962.0 0.0 816
247.49 1598.46 2912.59 -673.11 0.0 64962.0 0.0 816
247.51 1606.68 2912.14 -673.11 0.0 64962.0 0.0 816
247.53 1614.89 2911.68 -673.11 0.0 64962.0 0.0 816
247.55 1623.11 2911.22 -673.11 0.0 64962.0 0.0 816
247.57 1631.81 2910.74 -673.11 0.0 64962.0 0.0 816
247.59 1640.51 2910.25 -673.11 0.0 64962.0 0.0 816
247.61 1649.69 2909.74 -673.11 0.0 64962.0 0.0 816
247.63 1657.9 2909.29 -673.11 0.0 64962.0 0.0 816
247.65 1666.6 2908.81 -673.11 0.0 64962.0 0.0 816
247.67 1675.79 2908.3 -673.11 0.0 64962.0 0.0 816
247.69 1684.48 2907.82 -673.11 0.0 64962.0 0.0 816
247.71 1693.18 2907.34 -673.11 0.0 64962.0 0.0 816
247.73 1701.4 2906.88 -673.11 0.0 64962.0 0.0 816
247.75 1710.58 2906.37 -673.11 0.0 64962.0 0.0 816
247.77 1718.8 2905.92 -673.11 0.0 64962.0 0.0 816
247.79 1727.49 2905.44 -673.11 0.0 64962.0 0.0 816
247.81 1736.19 2904.96 -673.11 0.0 64962.0 0.0 816
247.83 1744.89 2904.47 -673.11 0.0 64962.0 0.0 816
247.85 1753.59 2903.99 -673.11 0.0 64962.0 0.0 816
247.87 1762.77 2903.49 -673.11 0.0 64962.0 0.0 816
247.89 1770.99 2903.03 -673.11 0.0 64962.0 0.0 816
247.91 1780.17 2902.52 -673.11 0.0 64962.0 0.0 816
247.93 1788.39 2902.07 -673.11 0.0 64962.0 0.0 816
247.95 1797.08 2901.59 -673.11 0.0 64962.0 0.0 816
247.96 1805.3 2901.13 -673.11 0.0 64962.0 0.0 816
247.98 1813.52 2900.68 -673.11 0.0 64962.0 0.0 816
248.0 1822.21 2900.2 -673.11 0.0 64962.0 0.0 816
248.02 1830.91 2899.72 -672.83 0.0 64962.0 0.0 816
248.04 1839.13 2899.26 -672.83 0.0 64962.0 0.0 816
248.06 1847.83 2898.78 -672.83 0.0 64962.0 0.0 816
248.08 1857.01 2898.28 -672.57 0.0 64962.0 0.0 816
248.1 1865.71 2897.79 -672.57 0.0 64962.0 0.0 816
248.12 1873.44 2897.37 -672.57 0.0 64962.0 0.0 816
248.14 1881.17 2896.94 -672.57 0.0 64962.0 0.0 816
248.15 1888.9 2896.51 -672.26 0.0 64962.0 0.0 816
248.17 1897.12 2896.06 -672.26 0.0 64962.0 0.0 816
248.19 1904.37 2895.66 -672.26 0.0 64962.0 0.0 816
248.21 1911.62 2895.26 -672.26 0.0 64962.0 0.0 816
248.22 1919.35 2894.83 -671.96 0.0 64962.0 0.0 816
248.24 1926.6 2894.43 -671.96 0.0 64962.0 0.0 939
248.25 1933.36 2894.06 -671.96 0.0 64962.0 0.0 939
248.27 1941.1 2893.63 -671.96 0.0 64962.0 0.0 939
248.29 1947.86 2893.25 -671.68 0.0 64962.0 0.0 939
248.3 1955.11 2892.85 -671.68 0.0 64962.0 0.0 939
248.32 1961.88 2892.48 -671.68 0.0 64962.0 0.0 939
248.34 1969.61 2892.05 -671.68 0.0 64962.0 0.0 939
248.35 1976.86 2891.65 -670.37 0.0 64962.0 0.0 939
248.37 1984.11 2891.25 -670.37 0.0 64962.0 0.0 939
248.38 1990.87 2890.88 -670.11 0.0 64962.0 0.0 939
248.4 1997.64 2890.5 -670.11 0.0 64962.0 0.0 939
248.41 2003.92 2890.15 -670.11 0.0 64962.0 0.0 939
248.43 2011.17 2889.75 -670.11 0.0 64962.0 0.0 939
248.45 2017.93 2889.38 -670.11 0.0 64962.0 0.0 939
248.46 2024.7 2889.01 -669.82 0.0 64962.0 0.0 939
248.48 2031.47 2888.63 -669.82 0.0 64962.0 0.0 939
248.49 2038.23 2888.26 -669.82 0.0 64962.0 0.0 939
248.51 2045.0 2887.88 -669.82 0.0 64962.0 0.0 939
248.52 2051.76 2887.51 -669.82 0.0 64962.0 0.0 939
248.54 2058.53 2887.14 -669.82 0.0 64962.0 0.0 939
248.55 2065.29 2886.76 -669.82 0.0 64962.0 0.0 939
248.57 2072.06 2886.39 -669.82 0.0 64962.0 0.0 939
248.58 2078.34 2886.04 -669.82 0.0 64962.0 0.0 939
248.6 2085.11 2885.67 -669.82 0.0 64962.0 0.0 939
248.61 2091.87 2885.29 -670.32 0.0 64962.0 0.0 939
248.63 2098.64 2884.92 -671.0 0.0 64962.0 0.0 939
248.65 2107.34 2884.44 -671.84 0.0 64962.0 0.0 939
248.66 2112.65 2884.14 -672.39 0.0 64962.0 0.0 939
248.68 2119.9 2883.74 -675.23 0.0 64962.0 0.0 939
248.7 2126.67 2883.37 -674.86 0.0 64962.0 0.0 939
248.71 2134.88 2882.91 -674.61 0.0 64962.0 0.0 939
248.73 2141.65 2882.54 -674.61 0.0 64962.0 0.0 939
248.75 2149.38 2882.11 -674.19 0.0 64962.0 0.0 939
248.76 2157.11 2881.68 -674.19 0.0 64962.0 0.0 939
248.78 2164.36 2881.28 -673.77 0.0 64962.0 0.0 939
248.79 2170.16 2880.96 -673.77 0.0 64962.0 0.0 939
248.81 2176.44 2880.62 -673.17 0.0 64962.0 0.0 939
248.82 2183.21 2880.24 -672.8 0.0 64962.0 0.0 939
248.84 2189.98 2879.87 -672.42 0.0 64962.0 0.0 939
248.85 2196.74 2879.49 -672.42 0.0 64962.0 0.0 939
248.87 2203.51 2879.12 -672.06 0.0 64962.0 0.0 939
248.88 2210.27 2878.75 -672.06 0.0 64962.0 0.0 939
248.9 2217.04 2878.37 -671.81 0.0 64962.0 0.0 939
248.91 2223.8 2878.0 -671.81 0.0 65077.0 0.0 939
248.93 2230.57 2877.62 -671.56 0.0 65137.0 0.0 939
248.95 2237.34 2877.26 -672.17 0.0 65205.0 0.0 939
248.96 2245.07 2876.88 -672.78 0.0 65205.0 0.0 939
248.98 2251.35 2876.58 -673.28 0.0 65205.0 0.0 939
248.99 2258.61 2876.26 -673.81 0.0 65205.0 0.0 939
249.01 2265.86 2875.96 -674.32 0.0 65205.0 0.0 939
249.03 2273.6 2875.65 -674.87 0.0 65205.0 0.0 939
249.04 2280.37 2875.39 -675.35 0.0 65205.0 0.0 939
249.06 2287.63 2875.12 -675.86 0.0 65205.0 0.0 939
249.08 2294.4 2874.88 -676.34 0.0 65205.0 0.0 939
249.09 2302.14 2874.6 -676.34 0.0 65205.0 0.0 939
249.11 2308.91 2874.37 -676.83 0.0 65205.0 0.0 939
249.12 2316.16 2874.12 -676.83 0.0 65358.0 0.0 929
249.14 2323.42 2873.88 -677.62 0.0 65519.0 0.0 929
249.16 2330.68 2873.66 -678.14 0.0 79.0 0.0 929
249.17 2337.93 2873.48 -678.66 0.0 143.0 0.0 929
249.19 2345.19 2873.34 -679.17 0.0 143.0 0.0 929
249.21 2352.45 2873.25 -679.69 0.0 219.0 0.0 929
249.23 2359.71 2873.2 -680.19 0.0 356.0 0.0 929
249.24 2367.46 2873.18 -680.62 0.0 566.0 0.0 929
249.26 2374.23 2873.22 -680.62 0.0 785.0 0.0 929
249.28 2382.46 2873.35 -681.34 0.0 978.0 0.0 929
249.29 2389.72 2873.54 -681.34 0.0 1150.0 0.0 929
249.31 2397.45 2873.86 -681.79 0.0 1279.0 0.0 929
249.33 2404.7 2874.25 -681.79 0.0 1451.0 0.0 929
249.34 2412.43 2874.78 -682.24 0.0 1691.0 0.0 929
249.36 2420.15 2875.42 -682.24 0.0 1897.0 0.0 929
249.38 2427.85 2876.19 -682.65 0.0 2069.0 0.0 929
249.4 2435.54 2877.08 -682.65 0.0 2294.0 0.0 929
249.41 2442.74 2878.04 -682.65 0.0 2603.0 0.0 929
249.43 2450.4 2879.2 -682.65 0.0 2895.0 0.0 929
249.45 2458.51 2880.6 -682.65 0.0 3260.0 0.0 929
249.47 2466.58 2882.19 -682.37 0.0 3698.0 0.0 929
249.49 2474.61 2883.99 -682.37 0.0 4201.0 0.0 929
249.51 2482.57 2887.53 -682.0 0.0 4614.0 0.0 929
249.53 2489.09 2891.7 -682.0 0.0 4992.0 0.0 929
249.54 2495.02 2896.69 -682.0 0.0 5370.0 0.0 929
249.56 2500.34 2902.32 -682.5 0.0 5724.0 0.0 929
249.57 2504.82 2908.03 -682.5 0.0 6055.0 0.0 929
249.59 2508.58 2913.66 -682.5 0.0 6416.0 0.0 929
249.61 2511.94 2919.55 -683.03 0.0 6835.0 0.0 929
249.62 2515.12 2926.07 -682.73 0.0 7282.0 0.0 929
249.64 2517.56 2931.87 -682.73 0.0 7793.0 0.0 929
249.65 2519.84 2938.26 -682.44 0.0 8567.0 0.0 929
249.67 2521.87 2945.23 -682.44 0.0 9373.0 0.0 929
249.68 2523.47 2952.31 -682.11 0.0 9553.0 0.0 929
249.7 2524.56 2958.99 -681.82 0.0 9553.0 0.0 929
249.71 2525.27 2965.25 -681.46 0.0 9553.0 0.0 929
249.73 2525.74 2972.01 -681.05 0.0 9553.0 0.0 929
249.74 2525.96 2978.29 -680.67 0.0 9553.0 0.0 929
249.76 2526.01 2984.59 -680.22 0.0 9553.0 0.0 929
249.77 2525.9 2990.88 -679.68 0.0 9553.0 0.0 929
249.79 2525.68 2997.17 -679.13 0.0 9553.0 0.0 929
249.8 2525.36 3003.45 -678.57 0.0 9591.0 0.0 929
249.81 2524.95 3009.73 -678.02 0.0 9591.0 0.0 929
249.83 2524.47 3016.0 -677.46 0.0 9591.0 0.0 929
249.84 2523.88 3022.75 -676.92 0.0 9591.0 0.0 929
249.86 2523.33 3028.53 -676.5 0.0 9591.0 0.0 929
249.87 2523.49 3034.82 -676.06 0.0 9591.0 0.0 929
249.89 2524.3 3041.06 -675.64 0.0 9591.0 0.0 929
249.9 2525.5 3046.75 -675.28 0.0 9591.0 0.0 929
249.91 2527.25 3052.79 -674.99 0.0 9591.0 0.0 929
249.93 2529.56 3059.16 -674.69 0.0 9591.0 0.0 929
249.94 2531.8 3064.52 -674.69 0.0 9591.0 0.0 929
249.96 2534.47 3070.21 -674.2 0.0 9591.0 0.0 929
249.97 2537.35 3075.81 -674.2 0.0 9591.0 0.0 929
249.99 2540.64 3081.73 -673.72 0.0 9591.0 0.0 929
250.0 2543.57 3086.75 -673.72 0.0 9591.0 0.0 929
250.01 2546.6 3091.7 -673.31 0.0 9591.0 0.0 929
250.03 2550.24 3097.42 -673.31 0.0 9591.0 0.0 929
250.04 2553.7 3102.67 -672.76 0.0 9591.0 0.0 929
250.06 2556.95 3107.49 -672.41 0.0 9591.0 0.0 929
250.07 2560.79 3113.07 -672.07 0.0 9591.0 0.0 929
250.08 2564.4 3118.22 -672.07 0.0 9591.0 0.0 929
250.1 2567.77 3122.96 -671.61 0.0 9591.0 0.0 929
250.11 2571.44 3128.06 -671.61 0.0 9591.0 0.0 929
250.13 2575.14 3133.15 -671.13 0.0 9974.0 0.0 929
250.14 2578.86 3138.23 -671.13 0.0 10312.0 0.0 929
250.16 2582.56 3143.32 -670.66 0.0 10706.0 0.0 929
250.17 2586.22 3148.43 -670.66 0.0 11213.0 0.0 929
250.18 2589.82 3153.6 -670.19 0.0 11889.0 0.0 929
250.2 2593.32 3158.83 -670.19 0.0 12586.0 0.0 929
250.21 2596.92 3164.57 -669.71 0.0 13262.0 0.0 929
250.23 2600.08 3170.0 -669.71 0.0 13990.0 0.0 929
250.24 2603.25 3175.99 -669.34 0.0 14778.0 0.0 929
250.26 2606.13 3182.13 -669.34 0.0 15566.0 0.0 929
250.28 2608.7 3188.4 -669.34 0.0 16324.0 0.0 929
250.29 2610.91 3194.8 -669.84 0.0 17052.0 0.0 929
250.31 2612.74 3201.33 -669.84 0.0 17719.0 0.0 929
250.32 2614.17 3207.95 -669.84 0.0 18336.0 0.0 929
250.34 2615.24 3215.13 -670.34 0.0 18786.0 0.0 929
250.35 2615.81 3221.4 -670.34 0.0 19236.0 0.0 929
250.37 2616.01 3229.14 -670.77 0.0 19461.0 0.0 929
250.38 2615.85 3235.43 -670.77 0.0 19643.0 0.0 929
250.4 2615.35 3242.19 -671.21 0.0 19703.0 0.0 937
250.42 2614.57 3248.92 -671.21 0.0 19703.0 0.0 937
250.43 2613.53 3255.61 -671.78 0.0 19703.0 0.0 937
250.45 2612.3 3262.28 -671.78 0.0 19703.0 0.0 937
250.46 2610.79 3269.38 -672.38 0.0 19703.0 0.0 937
250.48 2609.25 3275.98 -672.38 0.0 19703.0 0.0 937
250.49 2607.61 3282.55 -672.97 0.0 19703.0 0.0 937
250.51 2605.88 3289.1 -672.97 0.0 19703.0 0.0 937
250.53 2603.94 3296.1 -673.46 0.0 19703.0 0.0 937
250.54 2602.08 3302.61 -673.46 0.0 19703.0 0.0 937
250.56 2600.17 3309.12 -672.77 0.0 19703.0 0.0 937
250.57 2598.08 3316.07 -672.11 0.0 19703.0 0.0 937
250.59 2596.1 3322.55 -671.51 0.0 19703.0 0.0 937
250.6 2593.95 3329.48 -670.86 0.0 19703.0 0.0 937
250.62 2591.92 3335.95 -670.25 0.0 19703.0 0.0 937
250.64 2589.87 3342.41 -669.84 0.0 19703.0 0.0 937
250.65 2587.67 3349.32 -670.48 0.0 19703.0 0.0 937
250.67 2585.6 3355.78 -670.94 0.0 19703.0 0.0 937
250.68 2583.52 3362.23 -671.41 0.0 19703.0 0.0 937
250.7 2581.29 3369.13 -671.41 0.0 19703.0 0.0 937
250.72 2579.04 3376.04 -671.82 0.0 19703.0 0.0 937
250.73 2576.95 3382.48 -671.82 0.0 19703.0 0.0 937
250.75 2574.7 3389.38 -671.82 0.0 19703.0 0.0 937
250.76 2572.44 3396.29 -672.62 0.0 19703.0 0.0 937
250.78 2570.34 3402.73 -673.2 0.0 19703.0 0.0 937
250.8 2568.23 3409.17 -673.79 0.0 19703.0 0.0 937
250.81 2565.81 3416.52 -674.46 0.0 19703.0 0.0 937
250.83 2563.55 3423.42 -675.1 0.0 19550.0 0.0 937
250.85 2561.29 3430.32 -675.73 0.0 19203.0 0.0 937
250.86 2558.89 3437.68 -676.69 0.0 18780.0 0.0 937
250.88 2556.71 3444.61 -677.51 0.0 18329.0 0.0 937
250.9 2554.49 3452.03 -678.36 0.0 17982.0 0.0 937
250.92 2552.44 3459.49 -679.19 0.0 17844.0 0.0 937
250.93 2550.56 3467.01 -679.85 0.0 17844.0 0.0 937
250.95 2548.84 3474.56 -680.31 0.0 17844.0 0.0 937
250.97 2547.26 3482.14 -680.77 0.0 17882.0 0.0 937
250.99 2545.95 3488.79 -681.18 0.0 18090.0 0.0 937
251.0 2544.53 3496.4 -676.63 0.0 18272.0 0.0 937
251.02 2543.32 3503.07 -671.08 0.0 18272.0 0.0 937
251.03 2542.02 3510.21 -671.08 0.0 18272.0 0.0 937
251.05 2540.72 3517.35 -670.3 0.0 18272.0 0.0 937
251.07 2539.41 3524.49 -669.6 0.0 18272.0 0.0 937
251.08 2538.11 3531.64 -669.6 0.0 18272.0 0.0 937
251.1 2536.8 3538.78 -669.6 0.0 18272.0 0.0 937
251.12 2535.5 3545.92 -669.6 0.0 18272.0 0.0 937
251.13 2534.11 3553.54 -669.6 0.0 18272.0 0.0 937
251.15 2532.8 3560.68 -669.6 0.0 18272.0 0.0 937
251.17 2531.5 3567.82 -669.6 0.0 18272.0 0.0 937
251.18 2530.1 3575.44 -669.6 0.0 18272.0 0.0 937
251.2 2528.8 3582.58 -669.6 0.0 18272.0 0.0 937
251.22 2527.4 3590.2 -669.6 0.0 18272.0 0.0 937
251.24 2526.01 3597.82 -669.6 0.0 18272.0 0.0 937
251.26 2524.53 3605.91 -669.6 0.0 18272.0 0.0 937
251.27 2523.13 3613.53 -669.6 0.0 18272.0 0.0 937
251.29 2521.74 3621.14 -669.6 0.0 18272.0 0.0 937
251.31 2520.26 3629.24 -671.27 0.0 18272.0 0.0 937
251.33 2518.69 3637.81 -671.27 0.0 18272.0 0.0 937
251.35 2517.3 3645.43 -671.27 0.0 18272.0 0.0 937
251.37 2515.73 3654.0 -671.27 0.0 18272.0 0.0 937
251.39 2514.25 3662.09 -671.72 0.0 18272.0 0.0 937
251.41 2512.77 3670.18 -671.72 0.0 18272.0 0.0 937
251.43 2511.2 3678.75 -671.72 0.0 18272.0 0.0 937
251.44 2509.63 3687.32 -671.72 0.0 18272.0 0.0 937
251.46 2508.15 3695.42 -671.72 0.0 18272.0 0.0 937
251.48 2506.67 3703.51 -671.72 0.0 18272.0 0.0 937
251.5 2505.19 3711.6 -672.21 0.0 18272.0 0.0 937
251.52 2503.71 3719.7 -672.21 0.0 18272.0 0.0 937
251.54 2502.23 3727.79 -672.21 0.0 18272.0 0.0 937
251.56 2500.75 3735.88 -672.21 0.0 18310.0 0.0 937
251.58 2499.18 3744.45 -672.21 0.0 18383.0 0.0 937
251.6 2497.69 3752.55 -672.21 0.0 18383.0 0.0 937
251.62 2496.19 3760.63 -671.74 0.0 18383.0 0.0 937
251.63 2494.58 3769.2 -671.74 0.0 18383.0 0.0 937
251.65 2493.05 3777.28 -671.74 0.0 18383.0 0.0 937
251.67 2491.42 3785.84 -670.15 0.0 18383.0 0.0 937
251.69 2489.79 3794.4 -670.15 0.0 18383.0 0.0 853
251.71 2488.24 3802.48 -670.15 0.0 18383.0 0.0 853
251.73 2486.69 3810.56 -670.15 0.0 18383.0 0.0 853
251.75 2485.14 3818.64 -670.15 0.0 18383.0 0.0 853
251.77 2483.4 3827.67 -670.15 0.0 18383.0 0.0 853
251.79 2481.84 3835.75 -670.15 0.0 18383.0 0.0 853
251.81 2480.19 3844.3 -670.15 0.0 18383.0 0.0 853
251.83 2478.53 3852.86 -670.15 0.0 18383.0 0.0 853
251.85 2476.88 3861.41 -670.15 0.0 18383.0 0.0 853
251.87 2475.22 3869.96 -670.15 0.0 18383.0 0.0 853
251.88 2473.66 3878.04 -670.15 0.0 18383.0 0.0 853
251.9 2472.19 3885.64 -670.15 0.0 18383.0 0.0 853
251.92 2470.63 3893.72 -670.15 0.0 18383.0 0.0 853
251.94 2469.15 3901.32 -670.15 0.0 18383.0 0.0 853
251.96 2467.5 3909.88 -670.15 0.0 18383.0 0.0 853
251.98 2465.93 3917.96 -670.15 0.0 18383.0 0.0 853
252.0 2464.27 3926.51 -670.15 0.0 18383.0 0.0 853
252.02 2462.62 3935.06 -670.15 0.0 18383.0 0.0 853
252.04 2460.96 3943.61 -670.15 0.0 18383.0 0.0 853
252.06 2459.49 3951.22 -668.81 0.0 18383.0 0.0 853
252.08 2457.92 3959.29 -667.18 0.0 18383.0 0.0 853
252.09 2456.27 3967.85 -665.5 0.0 18383.0 0.0 853
252.11 2454.7 3975.93 -663.92 0.0 18383.0 0.0 853
252.13 2453.14 3984.0 -662.34 0.0 18383.0 0.0 853
252.15 2451.57 3992.08 -660.76 0.0 18383.0 0.0 853
252.17 2450.01 4000.16 -668.12 0.0 18383.0 0.0 853
252.19 2448.35 4008.71 -668.68 0.0 18383.0 0.0 853
252.21 2446.88 4016.32 -669.14 0.0 18383.0 0.0 853
252.22 2445.31 4024.39 -669.42 0.0 18498.0 0.0 853
252.24 2443.75 4032.47 -669.7 0.0 18719.0 0.0 853
252.26 2442.17 4040.54 -669.97 0.0 18966.0 0.0 853
252.28 2440.33 4049.56 -670.23 0.0 19298.0 0.0 853
252.3 2439.95 4057.77 -671.24 0.0 19667.0 0.0 853
252.32 2440.53 4065.98 -671.24 0.0 19979.0 0.0 853
252.36 2441.7 4073.64 -671.24 0.0 20569.0 0.0 853
252.37 2446.07 4089.5 -671.24 0.0 20794.0 0.0 850
252.39 2447.85 4095.54 -671.24 0.0 21126.0 0.0 850
252.41 2450.32 4103.39 -671.24 0.0 21555.0 0.0 850
252.43 2452.98 4111.68 -671.24 0.0 21911.0 0.0 850
252.45 2455.46 4119.53 -671.24 0.0 22256.0 0.0 850
252.47 2458.12 4128.33 -671.24 0.0 22434.0 0.0 850
252.49 2459.09 4136.5 -671.24 0.0 22648.0 0.0 850
252.51 2458.85 4144.73 -671.24 0.0 22826.0 0.0 850
252.53 2457.62 4152.86 -671.24 0.0 23052.0 0.0 850
252.55 2455.42 4161.29 -671.24 0.0 23291.0 0.0 850
252.56 2452.29 4169.94 -671.24 0.0 23505.0 0.0 850
252.58 2448.97 4177.47 -671.24 0.0 23769.0 0.0 850
252.6 2444.98 4185.21 -671.24 0.0 23957.0 0.0 850
252.62 2440.58 4192.73 -671.24 0.0 24064.0 0.0 850
252.64 2436.13 4199.65 -671.24 0.0 24164.0 0.0 850
252.66 2431.14 4206.79 -671.24 0.0 24164.0 0.0 850
252.68 2426.23 4213.4 -671.24 0.0 24240.0 0.0 850
252.7 2420.87 4220.26 -671.24 0.0 24354.0 0.0 850
252.72 2415.36 4227.01 -671.24 0.0 24462.0 0.0 850
252.74 2410.05 4233.29 -671.24 0.0 24570.0 0.0 850
252.76 2404.64 4239.49 -671.24 0.0 24774.0 0.0 850
252.78 2398.81 4245.97 -671.24 0.0 24965.0 0.0 850
252.8 2392.88 4252.35 -671.24 0.0 25067.0 0.0 850
252.81 2387.52 4257.94 -671.24 0.0 25139.0 0.0 850
252.83 2381.74 4263.79 -671.24 0.0 25292.0 0.0 850
252.85 2375.53 4269.91 -671.24 0.0 25368.0 0.0 850
252.87 2369.24 4275.94 -671.24 0.0 25476.0 0.0 858
252.89 2363.23 4281.56 -671.24 0.0 25705.0 0.0 858
252.91 2356.8 4287.43 -671.24 0.0 25921.0 0.0 858
252.93 2350.65 4292.9 -671.24 0.0 26112.0 0.0 858
252.95 2344.04 4298.58 -671.24 0.0 26354.0 0.0 858
252.97 2336.97 4304.45 -671.24 0.0 26570.0 0.0 858
252.99 2330.55 4309.6 -671.24 0.0 26837.0 0.0 858
253.01 2323.65 4314.92 -671.24 0.0 27160.0 0.0 858
253.03 2316.25 4320.38 -671.24 0.0 27466.0 0.0 858
253.05 2309.13 4325.4 -671.24 0.0 27772.0 0.0 858
253.07 2301.89 4330.24 -671.24 0.0 28095.0 0.0 858
253.09 2294.11 4335.15 -671.24 0.0 28418.0 0.0 858
253.11 2286.2 4339.84 -671.24 0.0 28685.0 0.0 858
253.13 2278.59 4344.07 -671.24 0.0 28952.0 0.0 858
253.15 2270.87 4348.11 -671.24 0.0 29181.0 0.0 858
253.17 2263.04 4351.94 -671.24 0.0 29379.0 0.0 858
253.19 2254.23 4355.95 -671.24 0.0 29500.0 0.0 858
253.22 2245.77 4359.55 -671.24 0.0 29670.0 0.0 858
253.24 2236.78 4363.14 -671.24 0.0 29708.0 0.0 858
253.26 2227.72 4366.54 -671.24 0.0 29746.0 0.0 858
253.28 2219.06 4369.63 -671.24 0.0 29822.0 0.0 858
253.3 2210.82 4372.46 -671.24 0.0 29822.0 0.0 858
253.32 2202.09 4375.35 -671.24 0.0 29860.0 0.0 858
253.34 2193.33 4378.16 -671.24 0.0 29860.0 0.0 858
253.36 2184.55 4380.9 -671.24 0.0 29860.0 0.0 858
253.39 2176.22 4383.46 -671.24 0.0 29860.0 0.0 856
253.41 2166.49 4386.39 -671.24 0.0 29860.0 0.0 856
253.43 2157.68 4389.01 -671.24 0.0 29860.0 0.0 856
253.45 2145.6 4392.56 -671.24 0.0 29860.0 0.0 856
253.47 2137.24 4395.0 -671.24 0.0 29898.0 0.0 856
253.5 2128.88 4397.44 -671.24 0.0 29898.0 0.0 856
253.52 2119.73 4398.35 -671.24 0.0 29898.0 0.0 856
253.53 2110.54 4397.96 -671.24 0.0 29745.0 0.0 856
253.56 2102.39 4396.78 -671.24 0.0 29463.0 0.0 856
253.57 2093.44 4394.71 -671.24 0.0 29126.0 0.0 856
253.59 2085.53 4392.44 -672.85 0.0 28705.0 0.0 856
253.61 2077.24 4389.73 -672.85 0.0 28169.0 0.0 856
253.63 2069.01 4386.88 -672.85 0.0 27404.0 0.0 856
253.65 2060.79 4384.0 -672.85 0.0 26756.0 0.0 856
253.67 2052.98 4381.4 -672.55 0.0 26252.0 0.0 856
253.69 2045.12 4378.99 -672.55 0.0 25846.0 0.0 856
253.71 2037.65 4376.93 -672.55 0.0 25592.0 0.0 856
253.72 2030.6 4375.2 -672.55 0.0 25412.0 0.0 856
253.74 2022.55 4373.49 -672.25 0.0 25412.0 0.0 856
253.76 2015.42 4372.15 -672.25 0.0 25412.0 0.0 856
253.77 2007.78 4370.9 -672.25 0.0 25412.0 0.0 856
253.79 2000.6 4369.83 -672.25 0.0 25412.0 0.0 856
253.81 1992.92 4368.8 -671.96 0.0 25412.0 0.0 856
253.83 1985.23 4367.86 -671.96 0.0 25412.0 0.0 856
253.84 1978.5 4367.08 -671.96 0.0 25412.0 0.0 856
253.86 1970.32 4366.2 -671.96 0.0 25412.0 0.0 856
253.88 1963.1 4365.47 -671.67 0.0 25412.0 0.0 856
253.89 1955.39 4364.71 -671.67 0.0 25412.0 0.0 856
253.91 1948.65 4364.08 -671.67 0.0 25412.0 0.0 856
253.93 1940.93 4363.37 -671.67 0.0 25412.0 0.0 856
253.94 1933.7 4362.72 -671.38 0.0 25412.0 0.0 856
253.96 1926.47 4362.09 -669.78 0.0 25412.0 0.0 856
253.98 1919.72 4361.51 -669.78 0.0 25412.0 0.0 856
253.99 1912.0 4360.85 -669.78 0.0 25412.0 0.0 856
254.01 1904.29 4360.2 -669.78 0.0 25412.0 0.0 856
254.03 1897.53 4359.64 -669.52 0.0 25450.0 0.0 856
254.04 1890.3 4359.04 -669.52 0.0 25586.0 0.0 856
254.06 1882.58 4358.4 -669.52 0.0 25682.0 0.0 856
254.08 1875.35 4357.78 -669.52 0.0 25842.0 0.0 856
254.09 1868.12 4357.13 -669.52 0.0 26064.0 0.0 856
254.11 1861.85 4356.53 -669.52 0.0 26352.0 0.0 856
254.12 1854.63 4355.78 -669.52 0.0 26710.0 0.0 856
254.14 1847.9 4354.99 -669.52 0.0 27126.0 0.0 856
254.15 1841.66 4354.17 -670.02 0.0 27638.0 0.0 856
254.17 1834.4 4354.13 -670.02 0.0 28278.0 0.0 862
254.19 1827.17 4354.77 -670.02 0.0 28927.0 0.0 862
254.2 1819.53 4356.0 -670.49 0.0 29494.0 0.0 862
254.22 1812.88 4357.32 -671.13 0.0 30068.0 0.0 862
254.24 1805.79 4358.9 -671.82 0.0 30646.0 0.0 862
254.26 1798.25 4360.65 -672.52 0.0 31258.0 0.0 862
254.27 1790.7 4362.36 -675.19 0.0 31836.0 0.0 862
254.29 1782.64 4364.04 -675.19 0.0 32486.0 0.0 862
254.31 1774.07 4365.59 -675.19 0.0 33060.0 0.0 862
254.33 1765.45 4366.84 -675.79 0.0 33464.0 0.0 862
254.36 1756.3 4367.79 -676.2 0.0 33851.0 0.0 862
254.38 1746.15 4368.38 -676.61 0.0 34214.0 0.0 862
254.4 1736.96 4368.55 -676.61 0.0 34639.0 0.0 862
254.42 1727.28 4368.35 -676.61 0.0 34881.0 0.0 862
254.44 1718.1 4367.82 -676.61 0.0 34919.0 0.0 862
254.46 1708.95 4366.96 -676.61 0.0 34919.0 0.0 862
254.49 1699.82 4365.85 -676.36 0.0 34919.0 0.0 862
254.51 1690.23 4364.49 -676.36 0.0 34919.0 0.0 862
254.53 1681.15 4363.04 -676.36 0.0 34919.0 0.0 862
254.55 1672.09 4361.5 -676.07 0.0 34919.0 0.0 862
254.57 1663.04 4359.87 -676.07 0.0 34919.0 0.0 862
254.59 1654.0 4358.18 -675.72 0.0 34919.0 0.0 862
254.61 1644.32 4358.19 -675.72 0.0 34919.0 0.0 862
254.63 1635.21 4359.45 -675.72 0.0 34804.0 0.0 862
254.65 1626.28 4361.66 -676.54 0.0 34547.0 0.0 862
254.68 1617.12 4364.79 -677.11 0.0 34262.0 0.0 862
254.7 1608.21 4368.57 -677.8 0.0 34048.0 0.0 862
254.72 1599.54 4372.89 -678.58 0.0 33868.0 0.0 862
254.74 1591.93 4377.12 -679.34 0.0 33624.0 0.0 862
254.76 1584.09 4381.92 -680.4 0.0 33339.0 0.0 862
254.78 1576.43 4387.01 -681.49 0.0 32954.0 0.0 862
254.8 1569.33 4392.07 -682.56 0.0 32590.0 0.0 862
254.82 1562.79 4397.06 -683.58 0.0 32299.0 0.0 862
254.84 1556.42 4402.26 -683.58 0.0 32197.0 0.0 862
254.85 1550.57 4407.33 -684.22 0.0 32125.0 0.0 862
254.87 1544.5 4412.89 -684.22 0.0 32053.0 0.0 862
254.89 1538.56 4418.59 -684.22 0.0 32053.0 0.0 862
254.91 1533.08 4424.05 -684.22 0.0 32053.0 0.0 862
254.93 1527.67 4429.6 -684.22 0.0 32053.0 0.0 862
254.94 1522.32 4435.2 -684.22 0.0 32053.0 0.0 862
254.96 1516.71 4441.21 -684.22 0.0 32053.0 0.0 862
254.98 1511.06 4445.78 -684.22 0.0 32053.0 0.0 862
254.99 1504.05 4450.09 -683.86 0.0 32053.0 0.0 862
255.01 1498.0 4453.13 -683.86 0.0 31938.0 0.0 862
255.03 1491.28 4455.88 -683.52 0.0 31788.0 0.0 862
255.04 1484.88 4458.1 -683.52 0.0 31488.0 0.0 862
255.06 1478.38 4460.04 -682.91 0.0 31154.0 0.0 862
255.07 1472.3 4461.67 -682.37 0.0 30743.0 0.0 862
255.08 1466.67 4463.07 -681.76 0.0 30143.0 0.0 862
255.1 1460.08 4464.66 -681.05 0.0 29543.0 0.0 862
255.12 1453.5 4466.26 -680.35 0.0 28883.0 0.0 862
255.13 1446.94 4467.95 -679.63 0.0 28270.0 0.0 862
255.14 1440.87 4469.64 -678.94 0.0 27685.0 0.0 862
255.16 1434.86 4471.49 -678.23 0.0 27145.0 0.0 862
255.17 1428.46 4473.71 -677.83 0.0 26643.0 0.0 862
255.19 1422.59 4475.97 -677.83 0.0 26163.0 0.0 862
255.21 1416.37 4478.66 -677.16 0.0 25809.0 0.0 862
255.22 1409.83 4481.83 -676.51 0.0 25599.0 0.0 862
255.24 1403.86 4485.02 -675.88 0.0 25342.0 0.0 862
255.25 1397.59 4488.68 -675.2 0.0 25103.0 0.0 862
255.27 1391.85 4492.29 -674.54 0.0 24911.0 0.0 862
255.29 1385.84 4496.36 -673.5 0.0 24620.0 0.0 862
255.3 1379.19 4501.2 -672.1 0.0 24321.0 0.0 862
255.32 1373.83 4505.34 -670.93 0.0 24032.0 0.0 864
255.34 1368.21 4509.95 -669.67 0.0 23775.0 0.0 864
255.35 1362.74 4514.71 -668.41 0.0 23551.0 0.0 864
255.37 1356.73 4518.79 -667.21 0.0 23282.0 0.0 864
255.38 1350.81 4522.08 -666.51 0.0 23043.0 0.0 864
255.4 1344.68 4524.96 -665.9 0.0 22864.0 0.0 864
255.42 1338.4 4527.52 -665.51 0.0 22727.0 0.0 864
255.43 1331.1 4530.11 -665.09 0.0 22608.0 0.0 864
255.45 1324.65 4532.18 -664.74 0.0 22608.0 0.0 864
255.46 1318.15 4534.11 -664.39 0.0 22532.0 0.0 864
255.48 1311.16 4536.04 -664.02 0.0 22532.0 0.0 864
255.5 1304.6 4537.76 -663.67 0.0 22456.0 0.0 864
255.51 1297.56 4539.52 -663.21 0.0 22456.0 0.0 864
255.53 1290.5 4541.22 -662.78 0.0 22418.0 0.0 864
255.55 1283.43 4542.88 -662.41 0.0 22354.0 0.0 864
255.56 1276.35 4544.5 -662.04 0.0 22285.0 0.0 864
255.58 1269.16 4547.35 -661.58 0.0 22285.0 0.0 864
255.6 1262.77 4550.8 -661.09 0.0 22209.0 0.0 864
255.61 1256.74 4554.85 -660.58 0.0 22080.0 0.0 864
255.63 1251.06 4559.37 -660.05 0.0 21960.0 0.0 864
255.64 1246.03 4563.91 -659.53 0.0 21840.0 0.0 864
255.66 1241.26 4568.73 -659.01 0.0 21711.0 0.0 864
255.67 1236.42 4574.13 -658.44 0.0 21599.0 0.0 864
255.69 1232.39 4578.97 -657.94 0.0 21509.0 0.0 864
255.71 1228.24 4584.32 -657.43 0.0 21348.0 0.0 864
255.72 1223.99 4590.21 -656.42 0.0 21180.0 0.0 864
255.74 1220.43 4595.4 -655.85 0.0 20878.0 0.0 864
255.75 1217.51 4601.51 -655.32 0.0 20570.0 0.0 864
255.77 1215.54 4607.49 -654.92 0.0 20298.0 0.0 864
255.78 1214.23 4614.13 -654.58 0.0 20117.0 0.0 864
255.8 1213.62 4620.88 -654.32 0.0 20005.0 0.0 864
255.81 1213.6 4627.18 -654.32 0.0 19893.0 0.0 864
255.82 1214.04 4633.45 -654.03 0.0 19837.0 0.0 864
255.84 1214.88 4639.69 -654.03 0.0 19786.0 0.0 864
255.85 1215.94 4645.4 -646.17 0.0 19786.0 0.0 864
255.86 1217.37 4651.52 -646.17 0.0 19748.0 0.0 864
255.88 1218.9 4657.13 -646.17 0.0 19748.0 0.0 864
255.89 1220.75 4663.14 -646.17 0.0 19748.0 0.0 864
255.91 1222.78 4669.1 -646.17 0.0 19748.0 0.0 864
255.92 1224.76 4674.56 -645.49 0.0 19748.0 0.0 864
255.93 1227.02 4680.43 -622.32 0.0 19748.0 0.0 864
255.95 1229.19 4685.82 -622.32 0.0 19748.0 0.0 864
255.96 1231.42 4691.18 -622.32 0.0 19748.0 0.0 864
255.97 1233.72 4696.52 -622.32 0.0 19748.0 0.0 864
255.99 1235.86 4701.39 -622.32 0.0 19748.0 0.0 864
256.0 1238.24 4706.69 -622.32 0.0 19748.0 0.0 864
256.01 1240.65 4711.97 -622.32 0.0 19748.0 0.0 864
256.03 1243.09 4717.24 -622.32 0.0 19748.0 0.0 864
256.04 1245.56 4722.5 -597.7 0.0 19748.0 0.0 864
256.05 1248.04 4727.75 -597.7 0.0 19748.0 0.0 864
256.06 1250.33 4732.56 -597.7 0.0 19748.0 0.0 864
256.08 1252.64 4737.35 -597.7 0.0 19824.0 0.0 864
256.09 1255.17 4742.58 -597.7 0.0 19977.0 0.0 864
256.1 1257.7 4747.81 -597.7 0.0 20181.0 0.0 864
256.12 1260.22 4753.04 -597.7 0.0 20513.0 0.0 781
256.13 1262.93 4758.72 -574.53 0.0 20768.0 0.0 781
256.14 1265.38 4763.99 -574.53 0.0 21049.0 0.0 781
256.16 1267.58 4768.84 -574.53 0.0 21304.0 0.0 781
256.17 1269.9 4774.16 -574.53 0.0 21508.0 0.0 781
256.18 1272.15 4779.52 -574.53 0.0 21671.0 0.0 781
256.19 1274.13 4784.46 -574.53 0.0 21811.0 0.0 781
256.21 1276.04 4789.43 -574.53 0.0 21964.0 0.0 781
256.22 1278.03 4794.88 -549.67 0.0 22117.0 0.0 781
256.23 1279.94 4800.37 -549.67 0.0 22257.0 0.0 781
256.24 1281.62 4805.42 -549.67 0.0 22461.0 0.0 781
256.26 1283.37 4810.96 -549.67 0.0 22665.0 0.0 781
256.27 1285.02 4816.53 -549.67 0.0 22997.0 0.0 781
256.29 1286.71 4822.59 -549.67 0.0 23273.0 0.0 781
256.3 1288.27 4828.68 -526.5 0.0 23477.0 0.0 781
256.31 1289.6 4834.34 -526.5 0.0 23753.0 0.0 781
256.33 1290.91 4840.49 -526.5 0.0 24029.0 0.0 781
256.34 1292.09 4846.67 -526.5 0.0 24335.0 0.0 781
256.35 1293.05 4852.4 -526.5 0.0 24769.0 0.0 781
256.37 1293.88 4858.15 -526.5 0.0 25280.0 0.0 781
256.38 1294.57 4863.91 -526.5 0.0 25888.0 0.0 781
256.4 1295.12 4870.18 -526.5 0.0 26496.0 0.0 781
256.41 1295.44 4876.47 -509.29 0.0 27104.0 0.0 781
256.42 1295.51 4882.76 -505.4 0.0 27768.0 0.0 781
256.44 1295.31 4889.05 -502.88 0.0 28513.0 0.0 781
256.46 1294.76 4895.8 -500.18 0.0 29198.0 0.0 781
256.47 1293.85 4902.52 -497.49 0.0 29764.0 0.0 781
256.49 1292.57 4909.17 -494.83 0.0 30275.0 0.0 781
256.5 1290.78 4916.21 -492.02 0.0 30817.0 0.0 781
256.52 1288.59 4923.13 -489.25 0.0 31353.0 0.0 781
256.53 1286.21 4929.47 -509.77 0.0 31823.0 0.0 781
256.55 1283.71 4935.25 -510.17 0.0 32365.0 0.0 781
256.56 1280.47 4941.74 -508.5 0.0 32752.0 0.0 781
256.58 1277.39 4947.23 -505.75 0.0 33109.0 0.0 781
256.6 1273.79 4952.97 -502.39 0.0 33466.0 0.0 781
256.61 1269.93 4958.54 -498.34 0.0 33853.0 0.0 781
256.63 1265.82 4963.92 -493.32 0.0 34172.0 0.0 781
256.64 1261.16 4969.49 -489.17 0.0 34350.0 0.0 781
256.66 1257.28 4973.81 -483.85 0.0 34439.0 0.0 781
256.67 1252.56 4978.68 -478.03 0.0 34439.0 0.0 781
256.69 1247.7 4983.39 -471.3 0.0 34439.0 0.0 781
256.7 1242.35 4988.3 -465.56 0.0 34439.0 0.0 776
256.71 1237.99 4992.14 -459.01 0.0 34439.0 0.0 776
256.73 1233.21 4996.23 -452.15 0.0 34439.0 0.0 776
256.74 1228.37 5000.25 -445.0 0.0 34439.0 0.0 776
256.76 1223.48 5004.21 -436.99 0.0 34439.0 0.0 776
256.77 1218.18 5008.43 -429.31 0.0 34439.0 0.0 776
256.79 1213.22 5012.31 -421.42 0.0 34439.0 0.0 776
256.8 1208.24 5016.15 -413.34 0.0 34439.0 0.0 776
256.82 1203.24 5019.97 -404.45 0.0 34286.0 0.0 776
256.83 1197.83 5024.05 -396.06 0.0 34118.0 0.0 776
256.85 1192.8 5027.84 -387.56 0.0 34006.0 0.0 776
256.86 1187.79 5031.63 -378.97 0.0 33894.0 0.0 776
256.87 1182.78 5035.44 -370.32 0.0 33838.0 0.0 776
256.89 1177.79 5039.28 -361.64 0.0 33838.0 0.0 776
256.9 1172.82 5043.14 -352.94 0.0 33838.0 0.0 776
256.92 1167.87 5047.01 -343.6 0.0 33838.0 0.0 776
256.93 1162.54 5051.21 -334.97 0.0 33838.0 0.0 776
256.95 1157.61 5055.12 -325.09 0.0 34068.0 0.0 776
256.96 1151.93 5059.64 -316.0 0.0 34462.0 0.0 780
256.98 1146.62 5063.85 -308.31 0.0 34929.0 0.0 780
256.99 1142.05 5067.42 -300.75 0.0 35500.0 0.0 780
257.01 1137.42 5070.94 -292.73 0.0 36062.0 0.0 780
257.02 1132.33 5074.63 -284.31 0.0 36243.0 0.0 780
257.04 1126.74 5078.46 -276.14 0.0 36576.0 0.0 780
257.05 1121.04 5082.13 -269.38 0.0 36809.0 0.0 780
257.06 1116.09 5085.16 -261.79 0.0 37233.0 0.0 780
257.08 1109.83 5087.75 -254.04 0.0 37720.0 0.0 780
257.1 1102.78 5089.49 -247.2 0.0 38174.0 0.0 780
257.11 1096.05 5090.29 -241.23 0.0 38596.0 0.0 780
257.13 1089.76 5090.37 -234.81 0.0 39050.0 0.0 780
257.15 1082.53 5089.69 -228.2 0.0 39454.0 0.0 780
257.16 1076.79 5089.15 -223.0 0.0 39778.0 0.0 780
257.18 1073.06 5088.8 -218.16 0.0 40124.0 0.0 780
257.2 1070.2 5088.53 -214.54 0.0 40427.0 0.0 780
257.21 1068.32 5088.35 -211.17 0.0 40773.0 0.0 780
257.23 1066.77 5088.2 -208.65 0.0 41119.0 0.0 780
257.25 1065.66 5088.1 -206.97 0.0 41523.0 0.0 780
257.27 1064.83 5088.02 -206.36 0.0 41869.0 0.0 780
257.29 1064.28 5087.97 -206.35 0.0 42237.0 0.0 780
257.31 1063.86 5087.93 -206.35 0.0 42678.0 0.0 780
257.32 1063.56 5087.9 -206.35 0.0 43156.0 0.0 780
257.35 1063.36 5087.88 -206.35 0.0 43773.0 0.0 780
257.37 1063.25 5086.9 -206.35 0.0 48332.0 0.0 780
257.39 1063.1 5085.34 -206.35 0.0 48332.0 0.0 780
257.41 1062.88 5082.9 -206.35 0.0 48408.0 0.0 780
257.43 1062.58 5079.43 -206.35 0.0 48490.0 0.0 780
257.46 1062.22 5075.07 -206.35 0.0 48528.0 0.0 780
257.48 1061.5 5065.18 -206.35 0.0 48528.0 0.0 780
257.52 1061.11 5059.6 -206.35 0.0 48528.0 0.0 780
257.54 1060.15 5044.89 -206.35 0.0 48528.0 0.0 780
257.56 1059.63 5036.82 -206.35 0.0 48528.0 0.0 780
257.59 1058.84 5024.26 -206.35 0.0 48528.0 0.0 780
257.62 1058.06 5011.7 -206.35 0.0 48528.0 0.0 780
257.64 1057.38 5000.59 -206.35 0.0 48528.0 0.0 780
257.66 1056.73 4989.96 -206.35 0.0 48528.0 0.0 780
257.68 1055.16 4978.69 -201.34 0.0 48528.0 0.0 780
257.7 1053.69 4968.0 -196.98 0.0 48528.0 0.0 780
257.72 1052.32 4957.91 -193.19 0.0 48528.0 0.0 780
257.74 1050.81 4946.63 -189.36 0.0 48566.0 0.0 780
257.76 1049.4 4935.93 -186.11 0.0 48566.0 0.0 780
257.78 1048.01 4925.24 -183.24 0.0 48566.0 0.0 780
257.8 1046.64 4914.54 -180.73 0.0 48566.0 0.0 780
257.82 1045.29 4903.84 -178.6 0.0 48566.0 0.0 780
257.84 1043.88 4892.54 -176.76 0.0 48566.0 0.0 780
257.86 1042.5 4881.24 -175.33 0.0 48566.0 0.0 780
257.88 1041.21 4870.53 -174.35 0.0 48566.0 0.0 780
257.9 1039.86 4859.23 -173.73 0.0 48566.0 0.0 780
257.93 1038.6 4848.51 -173.53 0.0 48566.0 0.0 780
257.95 1037.23 4836.61 -173.73 0.0 48566.0 0.0 780
257.97 1035.94 4825.3 -174.35 0.0 48566.0 0.0 780
257.99 1034.6 4813.39 -175.46 0.0 48566.0 0.0 780
258.01 1033.34 4802.07 -176.93 0.0 48566.0 0.0 780
258.03 1032.11 4790.76 -178.82 0.0 48566.0 0.0 780
258.05 1030.95 4780.03 -180.99 0.0 48566.0 0.0 780
258.07 1029.74 4768.71 -183.69 0.0 48336.0 0.0 780
258.09 1028.61 4757.99 -186.63 0.0 47740.0 0.0 780
258.12 1027.31 4745.47 -190.53 0.0 47132.0 0.0 780
258.13 1026.13 4734.15 -194.49 0.0 46613.0 0.0 780
258.15 1025.06 4724.02 -198.39 0.0 45827.0 0.0 780
258.18 1023.89 4713.3 -202.88 0.0 45053.0 0.0 780
258.2 1022.61 4701.99 -208.02 0.0 44049.0 0.0 780
258.22 1021.18 4691.45 -208.3 0.0 43381.0 0.0 780
258.24 1019.38 4683.42 -206.15 0.0 43041.0 0.0 934
258.26 1015.64 4675.77 -206.15 0.0 43041.0 0.0 934
258.28 1010.39 4668.9 -206.15 0.0 43194.0 0.0 934
258.3 1003.67 4662.63 -206.15 0.0 43707.0 0.0 934
258.32 996.63 4657.5 -206.15 0.0 44628.0 0.0 934
258.34 989.18 4652.97 -206.15 0.0 45988.0 0.0 934
258.36 980.68 4648.35 -206.15 0.0 47183.0 0.0 934
258.38 972.58 4643.99 -206.15 0.0 47972.0 0.0 934
258.4 965.01 4639.68 -206.15 0.0 48586.0 0.0 934
258.42 956.79 4634.57 -206.15 0.0 49033.0 0.0 934
258.44 950.48 4628.56 -206.15 0.0 49533.0 0.0 934
258.46 945.1 4621.1 -206.15 0.0 49993.0 0.0 934
258.49 942.43 4612.36 -206.15 0.0 50361.0 0.0 934
258.51 942.37 4603.43 -206.15 0.0 50875.0 0.0 934
258.54 944.68 4594.02 -206.15 0.0 51480.0 0.0 934
258.56 949.34 4584.21 -206.15 0.0 52052.0 0.0 934
258.59 955.66 4575.05 -206.15 0.0 52527.0 0.0 934
258.62 963.86 4566.15 -206.15 0.0 52863.0 0.0 934
258.64 972.21 4558.79 -206.15 0.0 53265.0 0.0 934
258.67 979.98 4549.51 -206.15 0.0 53769.0 0.0 934
258.7 986.37 4540.4 -206.15 0.0 54500.0 0.0 934
258.72 992.79 4530.14 -206.15 0.0 55268.0 0.0 934
258.75 999.06 4519.79 -206.15 0.0 56028.0 0.0 934
258.78 1005.72 4509.12 -206.15 0.0 56576.0 0.0 936
258.81 1012.45 4499.06 -206.15 0.0 57032.0 0.0 936
258.83 1019.25 4489.64 -206.15 0.0 57361.0 0.0 936
258.86 1026.72 4480.13 -206.15 0.0 57507.0 0.0 936
258.89 1034.55 4470.9 -206.15 0.0 57621.0 0.0 936
258.92 1042.98 4461.55 -206.15 0.0 57735.0 0.0 936
258.95 1051.64 4452.43 -206.15 0.0 57735.0 0.0 936
258.97 1060.48 4443.47 -206.15 0.0 57735.0 0.0 936
259.0 1068.75 4435.32 -206.15 0.0 57735.0 0.0 936
259.03 1078.85 4425.57 -206.15 0.0 57735.0 0.0 936
259.06 1087.6 4417.21 -206.15 0.0 57735.0 0.0 936
259.09 1096.75 4408.57 -206.15 0.0 57888.0 0.0 936
259.12 1106.27 4399.62 -206.15 0.0 58047.0 0.0 936
259.15 1115.85 4390.73 -206.15 0.0 58365.0 0.0 936
259.18 1125.52 4381.94 -206.15 0.0 58973.0 0.0 936
259.21 1134.6 4373.94 -206.15 0.0 59663.0 0.0 936
259.23 1144.29 4365.91 -206.15 0.0 60326.0 0.0 936
259.26 1153.9 4358.56 -206.15 0.0 60963.0 0.0 936
259.28 1163.44 4351.93 -206.15 0.0 61334.0 0.0 936
259.31 1172.03 4346.51 -206.15 0.0 61577.0 0.0 936
259.33 1181.28 4341.23 -206.15 0.0 61731.0 0.0 936
259.35 1190.29 4336.51 -206.15 0.0 61870.0 0.0 936
259.38 1199.43 4332.08 -206.15 0.0 61963.0 0.0 936
259.4 1208.69 4327.89 -206.15 0.0 62140.0 0.0 935
259.42 1217.59 4324.08 -206.15 0.0 62224.0 0.0 935
259.44 1226.11 4320.63 -206.15 0.0 62312.0 0.0 935
259.46 1235.14 4317.14 -206.15 0.0 62459.0 0.0 935
259.49 1244.23 4313.79 -206.15 0.0 62606.0 0.0 935
259.51 1253.36 4310.58 -206.15 0.0 62738.0 0.0 935
259.53 1262.53 4307.49 -206.15 0.0 62906.0 0.0 935
259.55 1271.29 4304.68 -206.15 0.0 62982.0 0.0 935
259.57 1279.62 4302.13 -206.15 0.0 62982.0 0.0 935
259.59 1287.51 4299.81 -206.15 0.0 62982.0 0.0 935
259.6 1295.43 4297.56 -206.15 0.0 62982.0 0.0 935
259.62 1303.36 4295.36 -206.15 0.0 62982.0 0.0 944
259.64 1310.84 4291.94 -206.15 0.0 62982.0 0.0 944
259.66 1317.45 4287.91 -206.15 0.0 62867.0 0.0 944
259.68 1323.99 4282.92 -206.15 0.0 62691.0 0.0 944
259.7 1329.75 4277.75 -206.15 0.0 62533.0 0.0 944
259.72 1335.79 4271.46 -206.15 0.0 62495.0 0.0 944
259.74 1341.43 4264.82 -206.15 0.0 62495.0 0.0 944
259.75 1346.46 4258.31 -206.15 0.0 62495.0 0.0 935
259.77 1351.26 4251.63 -206.15 0.0 62495.0 0.0 935
259.79 1356.13 4244.41 -206.15 0.0 62495.0 0.0 935
259.81 1360.33 4237.9 -206.15 0.0 62495.0 0.0 935
259.83 1364.91 4230.49 -206.15 0.0 62495.0 0.0 935
259.85 1369.15 4223.44 -206.15 0.0 62495.0 0.0 935
259.87 1373.56 4215.92 -206.15 0.0 62457.0 0.0 935
259.89 1379.19 4210.63 -206.15 0.0 62383.0 0.0 935
259.91 1385.31 4207.23 -206.15 0.0 62198.0 0.0 935
259.93 1392.51 4205.12 -206.15 0.0 61864.0 0.0 935
259.95 1400.82 4204.26 -206.15 0.0 61415.0 0.0 887
259.97 1408.82 4204.38 -206.15 0.0 60871.0 0.0 887
259.99 1417.96 4205.34 -206.15 0.0 60313.0 0.0 887
260.01 1427.04 4206.81 -206.15 0.0 59853.0 0.0 887
260.03 1436.07 4208.56 -206.15 0.0 59379.0 0.0 887
260.05 1445.08 4210.41 -206.15 0.0 58851.0 0.0 887
260.07 1454.56 4212.33 -206.15 0.0 58264.0 0.0 887
260.1 1464.07 4214.13 -206.15 0.0 57647.0 0.0 887
260.12 1473.63 4215.69 -206.15 0.0 57061.0 0.0 887
260.14 1483.71 4216.97 -206.15 0.0 56431.0 0.0 887
260.17 1494.32 4217.87 -206.15 0.0 55992.0 0.0 887
260.19 1505.45 4218.26 -206.15 0.0 55715.0 0.0 887
260.22 1515.61 4218.17 -206.15 0.0 55445.0 0.0 887
260.24 1526.73 4217.61 -206.15 0.0 55168.0 0.0 887
260.26 1536.85 4216.74 -206.15 0.0 54891.0 0.0 887
260.29 1546.95 4215.54 -206.15 0.0 54621.0 0.0 887
260.31 1557.95 4213.86 -206.15 0.0 54395.0 0.0 887
260.34 1568.43 4211.94 -206.15 0.0 54078.0 0.0 887
260.36 1578.96 4207.04 -206.15 0.0 53739.0 0.0 887
260.39 1587.67 4200.92 -206.15 0.0 53416.0 0.0 887
260.41 1595.43 4193.63 -206.15 0.0 53126.0 0.0 887
260.44 1602.34 4185.52 -206.15 0.0 52789.0 0.0 887
260.46 1608.74 4176.42 -206.15 0.0 52466.0 0.0 887
260.49 1614.22 4167.29 -206.15 0.0 52176.0 0.0 887
260.51 1619.14 4157.84 -206.15 0.0 51821.0 0.0 887
260.53 1623.55 4148.15 -206.15 0.0 51401.0 0.0 887
260.56 1627.5 4138.27 -206.15 0.0 50949.0 0.0 887
260.58 1631.0 4128.21 -206.15 0.0 50544.0 0.0 887
260.61 1634.17 4117.54 -206.15 0.0 50308.0 0.0 887
260.64 1636.86 4106.73 -206.15 0.0 50203.0 0.0 887
260.66 1639.21 4095.36 -206.15 0.0 50165.0 0.0 894
260.69 1641.29 4083.44 -206.15 0.0 50165.0 0.0 894
260.72 1642.96 4072.43 -206.15 0.0 50165.0 0.0 894
260.74 1644.58 4060.44 -206.15 0.0 50165.0 0.0 894
260.77 1646.01 4048.91 -206.15 0.0 50165.0 0.0 894
260.8 1647.35 4037.38 -206.15 0.0 50165.0 0.0 894
260.82 1648.62 4025.83 -206.15 0.0 50165.0 0.0 894
260.85 1652.67 4014.43 -206.15 0.0 50165.0 0.0 894
260.88 1658.25 4004.24 -206.15 0.0 50165.0 0.0 894
260.91 1665.25 3994.37 -206.15 0.0 50165.0 0.0 894
260.93 1673.37 3984.76 -206.15 0.0 50165.0 0.0 894
260.96 1681.69 3975.97 -206.15 0.0 50165.0 0.0 894
260.99 1690.33 3967.5 -206.15 0.0 50165.0 0.0 894
261.01 1697.01 3957.41 -206.15 0.0 50165.0 0.0 894
261.04 1701.98 3946.91 -206.15 0.0 50165.0 0.0 894
261.07 1705.96 3935.49 -206.15 0.0 50165.0 0.0 894
261.09 1706.52 3923.88 -206.15 0.0 50165.0 0.0 894
261.12 1704.6 3912.43 -206.15 0.0 49666.0 0.0 894
261.15 1700.52 3900.52 -206.15 0.0 49076.0 0.0 894
261.18 1695.2 3889.65 -206.15 0.0 48403.0 0.0 894
261.21 1689.09 3879.78 -206.15 0.0 47866.0 0.0 894
261.23 1681.46 3869.77 -206.15 0.0 47608.0 0.0 894
261.26 1673.39 3860.75 -206.15 0.0 47570.0 0.0 894
261.29 1664.77 3852.26 -206.15 0.0 47532.0 0.0 894
261.32 1655.41 3843.85 -206.15 0.0 47494.0 0.0 894
261.35 1646.16 3836.05 -206.15 0.0 47418.0 0.0 894
261.38 1638.56 3826.02 -206.15 0.0 47342.0 0.0 894
261.41 1632.41 3814.49 -206.15 0.0 47266.0 0.0 894
261.43 1627.35 3801.92 -206.15 0.0 47266.0 0.0 894
261.46 1623.53 3790.44 -206.15 0.0 47266.0 0.0 894
261.49 1620.1 3778.33 -206.15 0.0 47266.0 0.0 894
261.52 1617.04 3766.12 -206.15 0.0 47266.0 0.0 884
261.55 1614.33 3754.33 -206.15 0.0 47266.0 0.0 884
261.57 1611.79 3742.5 -206.15 0.0 47266.0 0.0 884
261.6 1609.35 3730.65 -206.15 0.0 47266.0 0.0 884
261.63 1607.0 3718.78 -206.15 0.0 47266.0 0.0 884
261.66 1604.61 3706.42 -206.15 0.0 47266.0 0.0 884
261.69 1602.35 3694.54 -206.15 0.0 47266.0 0.0 884
261.71 1600.02 3682.17 -206.15 0.0 47266.0 0.0 884
261.74 1597.72 3669.8 -206.15 0.0 47266.0 0.0 884
261.77 1595.43 3657.43 -206.15 0.0 47266.0 0.0 884
261.8 1593.23 3645.53 -206.15 0.0 47266.0 0.0 884
261.82 1591.04 3633.63 -206.15 0.0 47266.0 0.0 884
261.85 1588.85 3621.73 -206.15 0.0 47266.0 0.0 884
261.88 1586.67 3609.82 -206.15 0.0 47266.0 0.0 884
261.91 1584.57 3598.4 -206.15 0.0 47266.0 0.0 884
261.93 1582.39 3586.5 -206.15 0.0 47266.0 0.0 884
261.96 1580.21 3574.6 -206.15 0.0 47266.0 0.0 884
261.99 1578.03 3562.69 -206.15 0.0 47266.0 0.0 884
262.01 1576.11 3552.22 -222.1 0.0 47266.0 0.0 884
262.03 1574.2 3541.75 -222.1 0.0 47266.0 0.0 884
262.06 1572.28 3531.27 -222.1 0.0 47266.0 0.0 884
262.08 1570.36 3520.8 -222.1 0.0 47266.0 0.0 884
262.11 1568.44 3510.32 -222.1 0.0 47266.0 0.0 884
262.13 1566.61 3500.33 -222.1 0.0 47266.0 0.0 884
262.15 1564.78 3490.33 -222.1 0.0 47266.0 0.0 884
262.18 1562.87 3479.85 -222.1 0.0 47266.0 0.0 884
262.2 1560.95 3469.38 -222.1 0.0 47266.0 0.0 884
262.22 1559.12 3459.38 -222.1 0.0 47266.0 0.0 884
262.25 1557.38 3449.86 -222.1 0.0 47266.0 0.0 884
262.27 1555.55 3439.86 -222.1 0.0 47266.0 0.0 884
262.29 1553.81 3430.34 -238.1 0.0 47266.0 0.0 884
262.31 1551.98 3420.34 -238.1 0.0 47266.0 0.0 884
262.33 1550.32 3411.3 -238.1 0.0 47266.0 0.0 884
262.35 1548.66 3402.25 -238.1 0.0 47266.0 0.0 884
262.38 1547.01 3393.21 -238.1 0.0 47266.0 0.0 884
262.4 1545.27 3383.68 -238.1 0.0 47266.0 0.0 884
262.42 1543.52 3374.16 -238.1 0.0 47266.0 0.0 884
262.44 1541.69 3364.16 -238.1 0.0 47266.0 0.0 884
262.46 1540.04 3355.12 -238.1 0.0 47266.0 0.0 884
262.48 1538.56 3347.02 -238.1 0.0 47266.0 0.0 918
262.5 1536.99 3338.46 -238.1 0.0 47266.0 0.0 918
262.52 1535.51 3330.36 -238.1 0.0 47266.0 0.0 918
262.54 1533.94 3321.79 -238.1 0.0 47266.0 0.0 918
262.56 1532.37 3313.22 -238.1 0.0 47266.0 0.0 918
262.58 1530.89 3305.13 -238.1 0.0 47266.0 0.0 918
262.6 1529.32 3296.56 -254.1 0.0 47266.0 0.0 918
262.61 1527.84 3288.47 -254.1 0.0 47228.0 0.0 918
262.63 1526.27 3279.9 -254.1 0.0 47228.0 0.0 918
262.65 1524.7 3271.33 -254.1 0.0 47228.0 0.0 918
262.67 1523.2 3263.24 -254.1 0.0 47228.0 0.0 918
262.69 1521.8 3255.62 -254.1 0.0 47228.0 0.0 918
262.71 1520.3 3247.53 -254.1 0.0 47228.0 0.0 918
262.73 1518.8 3239.44 -254.1 0.0 47228.0 0.0 918
262.74 1517.29 3231.35 -254.1 0.0 47228.0 0.0 918
262.76 1515.88 3223.74 -254.1 0.0 47228.0 0.0 918
262.78 1514.37 3215.65 -254.1 0.0 47228.0 0.0 918
262.8 1512.96 3208.04 -254.1 0.0 47228.0 0.0 918
262.82 1511.45 3199.95 -254.1 0.0 47228.0 0.0 918
262.83 1510.12 3192.81 -254.1 0.0 47228.0 0.0 918
262.85 1508.61 3184.72 -254.1 0.0 47228.0 0.0 918
262.88 1507.01 3176.16 -254.1 0.0 47228.0 0.0 918
262.9 1505.33 3167.12 -270.1 0.0 47228.0 0.0 918
262.92 1503.73 3158.55 -270.1 0.0 47228.0 0.0 918
262.94 1502.13 3149.99 -270.1 0.0 47228.0 0.0 918
262.95 1500.45 3140.95 -270.1 0.0 47228.0 0.0 918
262.97 1499.03 3133.33 -270.1 0.0 47228.0 0.0 918
262.99 1497.61 3125.72 -270.1 0.0 47228.0 0.0 918
263.01 1496.19 3118.11 -270.1 0.0 47228.0 0.0 918
263.03 1494.77 3110.5 -270.1 0.0 47228.0 0.0 918
263.04 1493.26 3102.41 -270.1 0.0 47228.0 0.0 918
263.06 1491.84 3094.8 -270.1 0.0 47228.0 0.0 918
263.08 1490.42 3087.18 -270.1 0.0 47228.0 0.0 918
263.1 1489.0 3079.57 -270.1 0.0 47228.0 0.0 918
263.11 1487.49 3071.48 -270.1 0.0 47228.0 0.0 918
263.13 1486.16 3064.34 -270.1 0.0 47228.0 0.0 918
263.15 1484.65 3056.26 -270.1 0.0 47228.0 0.0 918
263.17 1483.23 3048.64 -270.1 0.0 47228.0 0.0 918
263.19 1481.72 3040.56 -270.1 0.0 47228.0 0.0 918
263.2 1480.3 3032.94 -270.1 0.0 47228.0 0.0 918
263.22 1478.79 3024.85 -270.1 0.0 47228.0 0.0 918
263.24 1477.37 3017.24 -270.1 0.0 47228.0 0.0 918
263.26 1475.86 3009.15 -270.1 0.0 47228.0 0.0 918
263.28 1474.35 3001.07 -270.1 0.0 47228.0 0.0 918
263.29 1472.93 2993.45 -270.1 0.0 47228.0 0.0 918
263.31 1471.51 2985.84 -270.1 0.0 47228.0 0.0 918
263.33 1469.91 2977.28 -270.1 0.0 47228.0 0.0 918
263.35 1468.4 2969.19 -270.1 0.0 47228.0 0.0 919
263.37 1466.98 2961.58 -270.1 0.0 47228.0 0.0 919
263.39 1465.56 2953.96 -270.1 0.0 47228.0 0.0 919
263.41 1463.97 2945.4 -270.1 0.0 47228.0 0.0 919
263.42 1463.73 2937.66 -270.1 0.0 47228.0 0.0 919
263.44 1464.46 2929.95 -270.1 0.0 47228.0 0.0 919
263.46 1465.98 2922.36 -270.1 0.0 47228.0 0.0 919
263.48 1468.11 2914.91 -270.1 0.0 47228.0 0.0 919
263.49 1470.92 2907.18 -270.1 0.0 47228.0 0.0 919
263.51 1473.53 2900.92 -270.1 0.0 47228.0 0.0 919
263.53 1476.58 2894.34 -270.1 0.0 47228.0 0.0 919
263.54 1479.85 2887.85 -270.1 0.0 47228.0 0.0 919
263.55 1482.8 2882.3 -270.1 0.0 47228.0 0.0 919
263.57 1485.86 2876.8 -270.1 0.0 47228.0 0.0 919
263.59 1488.43 2870.53 -270.1 0.0 47228.0 0.0 919
263.6 1490.34 2864.03 -270.1 0.0 47228.0 0.0 919
263.62 1491.64 2857.87 -270.1 0.0 47228.0 0.0 919
263.63 1492.6 2850.68 -270.1 0.0 47228.0 0.0 919
263.65 1493.11 2844.4 -270.1 0.0 47228.0 0.0 919
263.66 1493.32 2837.63 -270.1 0.0 47228.0 0.0 919
263.68 1493.27 2830.86 -270.1 0.0 47228.0 0.0 919
263.69 1492.14 2824.17 -270.1 0.0 47228.0 0.0 919
263.71 1490.11 2817.71 -270.1 0.0 47228.0 0.0 919
263.72 1487.34 2811.53 -270.1 0.0 47228.0 0.0 919
263.74 1484.25 2806.04 -270.1 0.0 47228.0 0.0 919
263.75 1480.46 2800.43 -270.1 0.0 47228.0 0.0 919
263.77 1476.3 2795.08 -270.1 0.0 47228.0 0.0 919
263.78 1471.85 2789.97 -270.1 0.0 47228.0 0.0 919
263.8 1467.17 2785.07 -270.1 0.0 47228.0 0.0 919
263.81 1462.31 2780.35 -270.1 0.0 47228.0 0.0 919
263.83 1457.67 2776.1 -270.1 0.0 47228.0 0.0 919
263.84 1452.56 2771.65 -270.1 0.0 47228.0 0.0 919
263.86 1447.36 2767.31 -270.1 0.0 47228.0 0.0 919
263.87 1442.08 2763.05 -270.1 0.0 47228.0 0.0 919
263.89 1437.13 2759.17 -270.1 0.0 47228.0 0.0 919
263.9 1432.07 2753.97 -270.1 0.0 47228.0 0.0 919
263.92 1428.13 2749.06 -270.1 0.0 47228.0 0.0 919
263.93 1424.37 2743.42 -270.1 0.0 47228.0 0.0 919
263.95 1421.03 2737.53 -270.1 0.0 47228.0 0.0 919
263.96 1418.43 2732.33 -270.1 0.0 47228.0 0.0 919
263.97 1416.06 2727.03 -270.1 0.0 47228.0 0.0 919
263.99 1413.89 2721.64 -270.1 0.0 47228.0 0.0 919
264.0 1412.2 2717.11 -270.1 0.0 47228.0 0.0 919
264.01 1410.46 2712.08 -270.1 0.0 47228.0 0.0 919
264.02 1408.83 2707.01 -270.1 0.0 47228.0 0.0 919
264.04 1407.04 2700.98 -270.1 0.0 47228.0 0.0 919
264.05 1405.47 2695.38 -270.1 0.0 47228.0 0.0 919
264.06 1403.86 2689.3 -270.1 0.0 47228.0 0.0 919
264.08 1402.45 2683.67 -270.1 0.0 47228.0 0.0 919
264.09 1401.76 2676.93 -270.1 0.0 47228.0 0.0 919
264.11 1401.83 2670.64 -270.1 0.0 47228.0 0.0 919
264.13 1402.61 2663.91 -270.1 0.0 47228.0 0.0 919
264.14 1404.11 2656.8 -270.1 0.0 47228.0 0.0 919
264.16 1406.14 2649.83 -270.1 0.0 47228.0 0.0 919
264.17 1408.59 2643.0 -270.1 0.0 47228.0 0.0 919
264.19 1411.17 2636.73 -270.1 0.0 47228.0 0.0 919
264.2 1413.13 2632.31 -270.1 0.0 47228.0 0.0 919
264.21 1415.42 2627.5 -270.1 0.0 47228.0 0.0 919
264.22 1417.82 2622.75 -270.1 0.0 47228.0 0.0 919
264.23 1420.31 2618.04 -270.1 0.0 47228.0 0.0 919
264.25 1422.88 2613.38 -270.1 0.0 47228.0 0.0 919
264.26 1425.51 2608.75 -270.1 0.0 47228.0 0.0 919
264.27 1427.95 2604.57 -270.1 0.0 47228.0 0.0 911
264.28 1430.68 2600.0 -270.1 0.0 47228.0 0.0 911
264.29 1433.46 2595.46 -270.1 0.0 47228.0 0.0 911
264.3 1436.01 2591.34 -270.1 0.0 47228.0 0.0 911
264.31 1438.58 2587.25 -270.1 0.0 47228.0 0.0 911
264.33 1441.18 2583.16 -270.1 0.0 47228.0 0.0 911
264.34 1443.79 2579.09 -270.1 0.0 47228.0 0.0 911
264.35 1446.69 2574.62 -270.1 0.0 47228.0 0.0 911
264.36 1449.34 2570.57 -270.1 0.0 47228.0 0.0 911
264.37 1451.59 2566.28 -270.1 0.0 46806.0 0.0 911
264.38 1453.62 2561.36 -270.1 0.0 46270.0 0.0 911
264.39 1455.22 2556.29 -270.1 0.0 45783.0 0.0 911
264.41 1456.33 2551.57 -270.1 0.0 45491.0 0.0 911
264.42 1457.14 2546.31 -270.1 0.0 45243.0 0.0 911
264.44 1457.57 2539.55 -270.1 0.0 44561.0 0.0 911
264.45 1457.47 2532.78 -270.1 0.0 43817.0 0.0 911
264.47 1456.86 2526.03 -270.1 0.0 43242.0 0.0 911
264.48 1455.85 2519.82 -270.1 0.0 42817.0 0.0 911
264.49 1454.56 2514.15 -270.1 0.0 42445.0 0.0 911
264.51 1452.93 2508.58 -270.1 0.0 42158.0 0.0 908
264.52 1450.81 2502.65 -270.1 0.0 42012.0 0.0 908
264.53 1448.79 2497.73 -270.1 0.0 41866.0 0.0 908
264.54 1446.55 2492.9 -270.1 0.0 41769.0 0.0 908
264.56 1444.14 2488.15 -270.1 0.0 41598.0 0.0 908
264.57 1441.56 2483.5 -270.1 0.0 41403.0 0.0 908
264.58 1438.84 2478.92 -270.1 0.0 41217.0 0.0 908
264.59 1435.71 2474.03 -270.1 0.0 40995.0 0.0 908
264.61 1432.99 2470.02 -270.1 0.0 40729.0 0.0 908
264.62 1429.6 2465.31 -270.1 0.0 40436.0 0.0 908
264.63 1425.6 2461.11 -270.1 0.0 40192.0 0.0 908
264.64 1421.5 2457.71 -270.1 0.0 39872.0 0.0 908
264.66 1416.64 2454.53 -270.1 0.0 39579.0 0.0 908
264.67 1411.93 2452.04 -270.1 0.0 39319.0 0.0 908
264.68 1406.1 2449.69 -270.1 0.0 39124.0 0.0 908
264.69 1401.03 2448.07 -270.1 0.0 38953.0 0.0 908
264.71 1395.85 2446.81 -270.1 0.0 38793.0 0.0 908
264.72 1390.13 2445.81 -270.1 0.0 38696.0 0.0 908
264.73 1384.85 2445.18 -270.1 0.0 38596.0 0.0 908
264.74 1380.5 2444.84 -270.1 0.0 38543.0 0.0 908
264.75 1374.7 2444.66 -270.1 0.0 38463.0 0.0 908
264.76 1370.34 2444.66 -270.1 0.0 38383.0 0.0 908
264.77 1365.99 2444.78 -270.1 0.0 38295.0 0.0 908
264.78 1361.16 2445.06 -270.1 0.0 38135.0 0.0 908
264.79 1356.81 2445.42 -270.1 0.0 37975.0 0.0 908
264.8 1352.48 2445.87 -270.1 0.0 37753.0 0.0 908
264.81 1347.68 2446.48 -270.1 0.0 37473.0 0.0 908
264.82 1343.37 2447.13 -270.1 0.0 37193.0 0.0 908
264.84 1339.03 2447.48 -270.1 0.0 36882.0 0.0 908
264.85 1334.19 2447.55 -270.1 0.0 36562.0 0.0 908
264.86 1329.84 2447.41 -270.1 0.0 36282.0 0.0 908
264.87 1325.49 2447.1 -270.1 0.0 36002.0 0.0 908
264.88 1321.16 2446.65 -270.1 0.0 35762.0 0.0 908
264.89 1316.84 2446.09 -270.1 0.0 35642.0 0.0 908
264.9 1312.53 2445.45 -270.1 0.0 35642.0 0.0 908
264.91 1308.23 2444.75 -270.1 0.0 35642.0 0.0 908
264.91 1303.94 2443.99 -270.1 0.0 35642.0 0.0 908
264.92 1299.66 2443.18 -270.1 0.0 35220.0 0.0 908
264.94 1295.39 2442.32 -270.1 0.0 34924.0 0.0 908
264.96 1290.18 2441.24 -270.1 0.0 34241.0 0.0 908
