137.8 728.0 -328.0 -209.0 0.0 19624.0 0.0 927
137.84 728.0 -328.0 -206.85 0.0 19624.0 0.0 927
137.87 728.0 -328.0 -206.15 0.0 19624.0 0.0 927
137.91 727.22 -325.42 -206.15 0.0 19433.0 0.0 927
137.95 725.45 -319.52 -206.15 0.0 19433.0 0.0 927
138.0 722.65 -310.21 -206.15 0.0 19433.0 0.0 927
138.04 718.61 -296.79 -206.15 0.0 19433.0 0.0 927
138.08 713.49 -279.77 -206.15 0.0 19433.0 0.0 927
138.12 708.33 -262.62 -206.15 0.0 19433.0 0.0 927
138.15 703.87 -247.79 -206.15 0.0 19433.0 0.0 927
138.18 699.96 -234.81 -206.15 0.0 19433.0 0.0 927
138.21 695.92 -221.37 -206.15 0.0 19433.0 0.0 917
138.24 692.3 -209.32 -206.15 0.0 19701.0 0.0 917
138.27 688.67 -197.27 -206.15 0.0 20368.0 0.0 917
138.3 684.65 -184.32 -206.15 0.0 21132.0 0.0 917
138.33 680.45 -171.95 -206.15 0.0 22133.0 0.0 917
138.36 675.53 -159.32 -206.15 0.0 23068.0 0.0 917
138.4 665.63 -148.05 -206.15 0.0 23783.0 0.0 917
138.43 652.7 -139.52 -206.15 0.0 24450.0 0.0 917
138.46 640.29 -134.09 -206.15 0.0 25263.0 0.0 917
138.5 627.25 -130.38 -206.15 0.0 26030.0 0.0 917
138.53 609.98 -128.09 -206.15 0.0 27056.0 0.0 917
138.55 596.92 -127.52 -206.15 0.0 27987.0 0.0 917
138.58 584.83 -128.05 -206.15 0.0 28451.0 0.0 917
138.61 573.31 -129.52 -206.15 0.0 28527.0 0.0 917
138.63 562.39 -131.7 -206.15 0.0 28527.0 0.0 917
138.66 552.07 -134.3 -206.15 0.0 28527.0 0.0 917
138.68 540.92 -137.58 -206.15 0.0 28527.0 0.0 917
138.71 529.35 -138.56 -206.15 0.0 28527.0 0.0 917
138.74 517.75 -137.86 -206.15 0.0 28527.0 0.0 917
138.76 505.82 -135.86 -206.15 0.0 28527.0 0.0 917
138.79 495.46 -133.41 -206.15 0.0 28527.0 0.0 917
138.81 485.23 -130.46 -206.15 0.0 28527.0 0.0 917
138.83 475.56 -127.32 -206.15 0.0 28527.0 0.0 917
138.85 465.97 -123.95 -206.15 0.0 28527.0 0.0 928
138.88 456.9 -120.58 -206.15 0.0 28527.0 0.0 928
138.9 447.42 -116.91 -206.15 0.0 28527.0 0.0 928
138.93 436.63 -112.6 -206.15 0.0 28527.0 0.0 928
138.95 427.22 -108.76 -206.15 0.0 28527.0 0.0 928
138.97 418.28 -105.06 -206.15 0.0 28527.0 0.0 928
138.99 409.79 -101.51 -206.15 0.0 28527.0 0.0 928
139.02 400.87 -97.76 -206.15 0.0 28527.0 0.0 928
139.04 391.07 -93.6 -206.15 0.0 28527.0 0.0 928
139.06 381.71 -89.62 -206.15 0.0 28527.0 0.0 928
139.09 371.48 -85.25 -206.15 0.0 28527.0 0.0 931
139.11 362.58 -81.44 -206.15 0.0 28527.0 0.0 931
139.13 351.46 -76.67 -206.15 0.0 28527.0 0.0 931
139.16 343.45 -73.23 -206.15 0.0 28527.0 0.0 931
139.18 334.12 -69.22 -206.15 0.0 28374.0 0.0 931
139.21 323.89 -64.82 -206.15 0.0 27906.0 0.0 931
139.25 312.35 -59.79 -206.15 0.0 26933.0 0.0 931
139.28 298.29 -53.3 -206.15 0.0 26088.0 0.0 931
139.3 285.4 -46.62 -206.15 0.0 26050.0 0.0 931
139.32 277.41 -42.07 -206.15 0.0 25859.0 0.0 931
139.35 269.15 -37.02 -206.15 0.0 25783.0 0.0 931
139.37 260.25 -31.18 -206.15 0.0 25689.0 0.0 931
139.39 251.88 -25.4 -206.15 0.0 25541.0 0.0 931
139.41 243.25 -19.17 -206.15 0.0 25541.0 0.0 931
139.44 235.49 -13.38 -206.15 0.0 25503.0 0.0 931
139.46 227.43 -7.18 -206.15 0.0 25465.0 0.0 931
139.5 218.83 -0.56 -206.43 0.0 25427.0 0.0 931
139.53 204.51 10.52 -208.08 0.0 25266.0 0.0 931
139.57 193.78 18.85 -210.3 0.0 25113.0 0.0 931
139.59 181.09 28.76 -214.02 0.0 25075.0 0.0 931
139.63 172.39 35.6 -217.25 0.0 24882.0 0.0 931
139.67 158.19 46.84 -223.75 0.0 24560.0 0.0 931
139.7 144.04 58.14 -231.74 0.0 24273.0 0.0 931
139.72 134.64 65.72 -237.89 0.0 24076.0 0.0 931
139.75 126.06 72.71 -244.11 0.0 23767.0 0.0 931
139.77 117.13 80.07 -251.21 0.0 23149.0 0.0 931
139.83 108.24 87.48 -258.92 0.0 20160.0 0.0 931
139.86 89.13 103.83 -277.77 0.0 17039.0 0.0 931
139.89 77.13 114.56 -291.34 0.0 13949.0 0.0 931
139.93 67.62 123.55 -303.24 0.0 9137.0 0.0 777
139.96 54.64 136.9 -321.51 0.0 5923.0 0.0 777
139.98 46.31 146.34 -334.74 0.0 3424.0 0.0 777
140.01 39.33 154.92 -346.98 0.0 882.0 0.0 777
140.05 31.28 165.69 -362.76 0.0 64194.0 0.0 777
140.09 22.44 178.29 -382.55 0.0 62257.0 0.0 777
140.11 13.21 191.7 -406.22 0.0 61076.0 0.0 778
140.12 9.08 197.7 -417.92 0.0 60354.0 0.0 778
140.13 5.75 202.48 -427.8 0.0 59924.0 0.0 778
140.15 2.93 206.45 -436.45 0.0 59642.0 0.0 778
140.17 -0.3 210.92 -446.75 0.0 59403.0 0.0 778
140.19 -4.86 217.03 -461.85 0.0 59341.0 0.0 778
140.2 -8.01 221.1 -472.7 0.0 59270.0 0.0 778
140.22 -11.57 225.55 -485.37 0.0 59270.0 0.0 778
140.24 -14.21 228.74 -495.07 0.0 59232.0 0.0 778
140.26 -18.13 233.31 -509.92 0.0 59232.0 0.0 778
140.28 -22.21 237.82 -526.01 0.0 59232.0 0.0 778
140.3 -26.65 242.45 -543.04 0.0 59232.0 0.0 778
140.32 -29.04 244.11 -543.04 0.0 59308.0 0.0 778
140.34 -31.54 244.37 -543.73 0.0 59379.0 0.0 778
140.35 -33.08 243.64 -543.73 0.0 59437.0 0.0 778
140.37 -34.08 242.56 -544.15 0.0 59504.0 0.0 778
140.38 -34.93 240.7 -544.15 0.0 59629.0 0.0 778
140.4 -35.48 238.48 -544.15 0.0 59754.0 0.0 778
140.42 -35.79 235.78 -544.56 0.0 59933.0 0.0 778
140.43 -35.85 232.09 -544.56 0.0 60121.0 0.0 778
140.45 -35.68 228.4 -545.2 0.0 60372.0 0.0 778
140.46 -35.28 224.26 -545.65 0.0 60587.0 0.0 778
140.48 -34.76 220.38 -546.07 0.0 60910.0 0.0 778
140.49 -33.75 214.63 -546.67 0.0 61130.0 0.0 778
140.51 -32.61 209.17 -547.24 0.0 61366.0 0.0 778
140.53 -31.06 202.83 -547.88 0.0 61568.0 0.0 778
140.54 -29.19 196.02 -548.57 0.0 61743.0 0.0 778
140.56 -27.38 189.99 -549.16 0.0 61877.0 0.0 778
140.57 -25.12 183.1 -549.83 0.0 61935.0 0.0 777
140.59 -23.04 177.16 -550.43 0.0 61935.0 0.0 777
140.6 -20.86 171.26 -550.97 0.0 61935.0 0.0 777
140.61 -18.59 165.39 -551.5 0.0 61935.0 0.0 777
140.63 -16.06 159.1 -552.07 0.0 61935.0 0.0 777
140.64 -13.66 153.28 -552.59 0.0 61935.0 0.0 777
140.66 -11.4 147.93 -553.08 0.0 61935.0 0.0 777
140.67 -8.92 142.15 -553.59 0.0 61935.0 0.0 777
140.69 -5.4 136.36 -554.07 0.0 61935.0 0.0 777
140.7 -1.56 131.38 -554.88 0.0 61935.0 0.0 777
140.71 2.73 126.77 -555.65 0.0 61935.0 0.0 777
140.73 6.99 122.82 -556.32 0.0 61935.0 0.0 777
140.74 11.88 118.87 -557.0 0.0 61935.0 0.0 777
140.76 17.39 114.93 -557.65 0.0 61935.0 0.0 777
140.77 22.68 111.51 -558.13 0.0 61935.0 0.0 777
140.79 28.09 108.3 -558.59 0.0 61935.0 0.0 777
140.8 34.03 105.05 -559.18 0.0 61935.0 0.0 777
140.82 39.63 102.17 -559.7 0.0 61935.0 0.0 777
140.83 45.29 99.42 -559.7 0.0 61935.0 0.0 777
140.84 51.0 96.77 -559.7 0.0 61935.0 0.0 777
140.86 56.3 94.4 -560.18 0.0 61935.0 0.0 777
140.87 62.07 91.91 -560.18 0.0 61935.0 0.0 777
140.89 68.32 89.29 -560.18 0.0 61935.0 0.0 777
140.9 74.15 86.91 -560.59 0.0 61935.0 0.0 777
140.92 79.54 84.75 -560.59 0.0 61935.0 0.0 777
140.93 85.85 82.27 -560.59 0.0 61935.0 0.0 777
140.94 91.71 79.99 -560.59 0.0 61935.0 0.0 777
140.96 97.59 77.75 -560.59 0.0 61935.0 0.0 777
140.97 103.47 75.52 -560.59 0.0 61935.0 0.0 777
140.99 109.82 73.13 -562.04 0.0 61935.0 0.0 777
141.0 115.71 70.94 -563.04 0.0 61935.0 0.0 777
141.02 121.61 68.75 -563.87 0.0 61935.0 0.0 777
141.03 127.51 66.57 -563.87 0.0 61935.0 0.0 777
141.05 133.42 64.4 -564.61 0.0 61935.0 0.0 777
141.06 139.78 62.07 -564.61 0.0 61935.0 0.0 777
141.08 145.69 59.92 -565.38 0.0 61935.0 0.0 777
141.09 152.06 57.6 -565.38 0.0 61935.0 0.0 777
141.11 157.98 55.45 -566.14 0.0 61935.0 0.0 777
141.12 164.8 52.97 -566.57 0.0 61935.0 0.0 777
141.14 171.17 50.67 -566.57 0.0 61935.0 0.0 777
141.15 177.09 48.53 -567.23 0.0 61935.0 0.0 777
141.17 183.46 46.22 -567.23 0.0 61935.0 0.0 777
141.19 189.83 43.92 -567.88 0.0 61935.0 0.0 777
141.2 197.12 41.29 -567.88 0.0 61935.0 0.0 777
141.22 203.49 38.99 -568.58 0.0 61935.0 0.0 777
141.24 211.23 36.2 -568.58 0.0 61935.0 0.0 777
141.26 218.06 33.74 -569.57 0.0 61935.0 0.0 777
141.27 226.26 30.78 -570.47 0.0 61935.0 0.0 777
141.29 233.09 28.32 -571.01 0.0 61935.0 0.0 777
141.31 240.83 25.54 -571.01 0.0 61935.0 0.0 777
141.33 247.66 23.07 -571.41 0.0 61935.0 0.0 777
141.35 256.31 19.96 -571.41 0.0 61935.0 0.0 777
141.36 264.05 17.17 -571.96 0.0 61935.0 0.0 777
141.38 270.88 14.71 -572.37 0.0 61935.0 0.0 777
141.4 277.71 12.25 -572.78 0.0 61935.0 0.0 777
141.41 284.54 9.79 -573.18 0.0 61935.0 0.0 777
141.43 290.92 7.5 -573.18 0.0 61935.0 0.0 777
141.44 297.3 5.2 -573.85 0.0 61935.0 0.0 777
141.46 303.22 3.07 -573.85 0.0 61935.0 0.0 777
141.47 309.59 0.78 -574.31 0.0 61935.0 0.0 777
141.49 316.42 -1.68 -575.16 0.0 61935.0 0.0 777
141.51 322.8 -3.98 -575.96 0.0 61935.0 0.0 777
141.52 330.54 -6.76 -576.93 0.0 61935.0 0.0 777
141.54 336.91 -9.06 -577.73 0.0 61935.0 0.0 777
141.55 343.29 -11.35 -578.52 0.0 61935.0 0.0 777
141.57 349.21 -13.49 -579.14 0.0 61935.0 0.0 777
141.58 355.13 -15.62 -579.69 0.0 61935.0 0.0 777
141.6 361.05 -17.75 -579.69 0.0 61935.0 0.0 777
141.61 366.97 -19.88 -579.2 0.0 61935.0 0.0 777
141.63 374.26 -22.5 -578.72 0.0 61935.0 0.0 777
141.65 381.09 -24.96 -578.26 0.0 61935.0 0.0 777
141.66 387.46 -27.26 -577.84 0.0 61935.0 0.0 777
141.68 393.84 -29.55 -577.42 0.0 61935.0 0.0 777
141.69 399.76 -31.68 -577.02 0.0 61935.0 0.0 777
141.7 406.13 -33.98 -576.6 0.0 61935.0 0.0 777
141.72 412.05 -36.11 -576.2 0.0 61935.0 0.0 777
141.74 417.97 -38.24 -575.81 0.0 61935.0 0.0 777
141.75 424.81 -40.7 -575.35 0.0 61935.0 0.0 777
141.77 431.18 -42.99 -574.93 0.0 61935.0 0.0 777
141.78 437.1 -45.12 -574.54 0.0 61935.0 0.0 777
141.8 443.48 -47.42 -574.11 0.0 61935.0 0.0 777
141.81 449.85 -49.71 -573.67 0.0 61935.0 0.0 777
141.83 456.23 -52.01 -573.11 0.0 61935.0 0.0 777
141.84 462.15 -54.14 -572.59 0.0 61935.0 0.0 777
141.86 468.52 -56.44 -572.03 0.0 61935.0 0.0 777
141.87 474.44 -58.57 -571.51 0.0 61935.0 0.0 777
141.89 481.73 -61.19 -570.87 0.0 61935.0 0.0 777
141.9 488.11 -63.48 -570.37 0.0 61935.0 0.0 777
141.92 494.03 -65.62 -570.08 0.0 61935.0 0.0 777
141.93 500.86 -68.07 -569.77 0.0 61935.0 0.0 777
141.95 507.23 -70.37 -569.5 0.0 61935.0 0.0 777
141.96 513.15 -72.5 -569.24 0.0 61935.0 0.0 818
141.98 519.53 -74.8 -568.96 0.0 61935.0 0.0 818
142.0 525.45 -76.93 -568.66 0.0 61935.0 0.0 818
142.01 532.28 -79.39 -568.26 0.0 61935.0 0.0 818
142.03 538.65 -81.68 -567.89 0.0 61935.0 0.0 818
142.04 545.48 -84.14 -567.32 0.0 61935.0 0.0 818
142.06 552.77 -86.76 -566.34 0.0 61935.0 0.0 818
142.08 558.69 -88.89 -565.53 0.0 61935.0 0.0 818
142.09 565.52 -91.35 -564.59 0.0 61935.0 0.0 818
142.11 573.26 -94.14 -563.53 0.0 61935.0 0.0 818
142.12 579.64 -96.43 -562.65 0.0 61935.0 0.0 818
142.14 585.56 -98.56 -561.84 0.0 61935.0 0.0 818
142.15 591.93 -100.86 -561.09 0.0 61935.0 0.0 818
142.17 598.31 -103.15 -560.69 0.0 61935.0 0.0 818
142.19 604.69 -105.45 -560.29 0.0 61935.0 0.0 818
142.2 611.06 -107.74 -559.89 0.0 61935.0 0.0 818
142.22 616.98 -109.88 -559.34 0.0 61935.0 0.0 818
142.23 623.81 -112.33 -558.4 0.0 61935.0 0.0 818
142.24 629.28 -114.3 -557.66 0.0 61935.0 0.0 818
142.26 635.2 -116.43 -556.84 0.0 61935.0 0.0 818
142.27 641.12 -118.56 -556.15 0.0 61935.0 0.0 818
142.29 647.95 -121.02 -555.43 0.0 61935.0 0.0 818
142.3 653.41 -122.99 -554.86 0.0 61935.0 0.0 818
142.32 660.24 -125.45 -554.14 0.0 61935.0 0.0 818
142.33 665.71 -127.42 -553.57 0.0 61935.0 0.0 818
142.35 671.17 -129.38 -552.99 0.0 61935.0 0.0 818
142.36 677.55 -131.68 -552.32 0.0 61935.0 0.0 818
142.37 683.01 -133.65 -551.58 0.0 61935.0 0.0 818
142.39 688.93 -135.78 -550.98 0.0 61935.0 0.0 818
142.4 695.31 -138.07 -550.44 0.0 61935.0 0.0 818
142.42 701.23 -140.2 -549.93 0.0 61935.0 0.0 818
142.43 706.69 -142.17 -549.45 0.0 61935.0 0.0 818
142.44 712.16 -144.14 -548.97 0.0 61935.0 0.0 818
142.46 718.08 -146.27 -548.46 0.0 61935.0 0.0 818
142.47 723.54 -148.24 -547.98 0.0 61935.0 0.0 818
142.48 729.01 -150.2 -547.51 0.0 61935.0 0.0 818
142.5 734.47 -152.17 -547.01 0.0 61935.0 0.0 818
142.51 740.39 -154.3 -546.47 0.0 61935.0 0.0 818
142.52 745.4 -156.1 -546.12 0.0 61935.0 0.0 818
142.54 751.32 -158.23 -545.83 0.0 61935.0 0.0 818
142.55 756.79 -160.2 -545.56 0.0 61935.0 0.0 818
142.56 762.25 -162.17 -545.29 0.0 61935.0 0.0 818
142.58 767.72 -164.14 -545.02 0.0 61935.0 0.0 818
142.59 774.09 -166.43 -544.7 0.0 61935.0 0.0 818
142.6 778.65 -168.07 -544.7 0.0 61935.0 0.0 818
142.62 784.57 -170.2 -543.99 0.0 61935.0 0.0 818
142.63 790.03 -172.17 -543.55 0.0 61935.0 0.0 818
142.64 795.5 -174.14 -543.1 0.0 61935.0 0.0 818
142.66 800.96 -176.1 -542.66 0.0 61935.0 0.0 818
142.67 806.88 -178.23 -542.15 0.0 61935.0 0.0 818
142.68 812.34 -180.2 -541.22 0.0 61935.0 0.0 818
142.7 817.81 -182.17 -540.28 0.0 61935.0 0.0 818
142.71 823.73 -184.3 -539.27 0.0 61935.0 0.0 818
142.73 829.65 -186.43 -538.3 0.0 61935.0 0.0 818
142.74 835.11 -188.4 -537.42 0.0 61935.0 0.0 818
142.75 841.03 -190.53 -536.47 0.0 61935.0 0.0 818
142.77 846.5 -192.5 -535.59 0.0 61935.0 0.0 818
142.78 851.96 -194.46 -534.71 0.0 61935.0 0.0 818
142.79 857.88 -196.59 -533.76 0.0 61935.0 0.0 818
142.81 862.89 -198.4 -532.96 0.0 61935.0 0.0 818
142.82 869.27 -200.69 -531.93 0.0 61935.0 0.0 818
142.83 874.28 -202.5 -531.93 0.0 61935.0 0.0 818
142.85 879.74 -204.46 -532.77 0.0 61935.0 0.0 818
142.86 884.75 -206.27 -532.77 0.0 61935.0 0.0 818
142.87 890.22 -208.23 -533.47 0.0 61935.0 0.0 818
142.89 895.68 -210.2 -533.47 0.0 61935.0 0.0 818
142.9 900.69 -212.0 -534.17 0.0 61935.0 0.0 818
142.91 906.35 -213.32 -534.6 0.0 61935.0 0.0 818
142.93 913.57 -214.08 -535.22 0.0 61935.0 0.0 818
142.94 918.89 -214.23 -535.71 0.0 61935.0 0.0 818
142.95 924.69 -213.97 -536.27 0.0 61935.0 0.0 818
142.97 930.47 -213.36 -537.0 0.0 61935.0 0.0 818
142.98 936.2 -212.45 -537.6 0.0 61935.0 0.0 818
142.99 941.89 -211.29 -537.6 0.0 61935.0 0.0 818
143.01 947.07 -210.05 -538.05 0.0 61935.0 0.0 818
143.02 952.67 -208.51 -538.05 0.0 61935.0 0.0 818
143.03 957.77 -206.97 -538.53 0.0 61935.0 0.0 818
143.04 962.83 -205.33 -538.53 0.0 61935.0 0.0 818
143.05 968.32 -203.42 -538.95 0.0 61935.0 0.0 818
143.07 973.32 -201.6 -538.95 0.0 61935.0 0.0 818
143.08 979.2 -199.36 -538.95 0.0 61935.0 0.0 818
143.09 984.6 -197.23 -538.95 0.0 61935.0 0.0 818
143.11 989.54 -195.22 -538.69 0.0 61935.0 0.0 818
143.12 995.12 -193.64 -538.69 0.0 61935.0 0.0 818
143.13 1000.35 -192.63 -539.29 0.0 62011.0 0.0 818
143.15 1006.13 -192.01 -540.58 0.0 62065.0 0.0 818
143.16 1011.93 -191.78 -541.85 0.0 62114.0 0.0 818
143.17 1017.25 -191.85 -542.1 0.0 62114.0 0.0 818
143.18 1023.05 -192.22 -542.1 0.0 62114.0 0.0 818
143.2 1028.83 -192.83 -542.1 0.0 62114.0 0.0 818
143.21 1034.58 -193.63 -542.1 0.0 62114.0 0.0 818
143.22 1039.83 -194.52 -542.1 0.0 62114.0 0.0 818
143.23 1045.53 -195.63 -542.1 0.0 62114.0 0.0 818
143.25 1050.73 -196.75 -542.1 0.0 62114.0 0.0 818
143.26 1056.39 -198.07 -542.1 0.0 62114.0 0.0 818
143.27 1061.55 -199.36 -542.1 0.0 62114.0 0.0 806
143.29 1067.17 -200.84 -542.1 0.0 62114.0 0.0 806
143.3 1072.77 -202.38 -542.1 0.0 62114.0 0.0 806
143.31 1078.36 -203.97 -542.1 0.0 62114.0 0.0 806
143.33 1083.46 -205.47 -542.1 0.0 62114.0 0.0 806
143.34 1089.03 -207.14 -542.1 0.0 62114.0 0.0 806
143.35 1094.12 -208.7 -542.1 0.0 62114.0 0.0 806
143.36 1099.66 -210.43 -542.1 0.0 62114.0 0.0 806
143.38 1105.2 -212.18 -542.1 0.0 62114.0 0.0 806
143.39 1110.27 -213.81 -542.1 0.0 62114.0 0.0 806
143.4 1115.8 -215.59 -542.1 0.0 62114.0 0.0 806
143.41 1121.32 -217.39 -542.1 0.0 62114.0 0.0 806
143.43 1126.38 -219.05 -542.1 0.0 62114.0 0.0 806
143.44 1131.89 -220.87 -542.1 0.0 62114.0 0.0 806
143.45 1136.95 -222.54 -542.1 0.0 62114.0 0.0 806
143.46 1142.46 -224.38 -542.1 0.0 62114.0 0.0 806
143.48 1147.51 -226.06 -542.1 0.0 62114.0 0.0 806
143.49 1154.39 -228.37 -542.1 0.0 62114.0 0.0 806
143.5 1158.52 -229.76 -542.1 0.0 62114.0 0.0 806
143.52 1163.57 -231.46 -542.1 0.0 62229.0 0.0 806
143.53 1169.53 -233.47 -542.1 0.0 62575.0 0.0 806
143.54 1174.58 -235.16 -542.1 0.0 63364.0 0.0 806
143.56 1180.55 -237.13 -542.1 0.0 64336.0 0.0 806
143.57 1186.1 -238.85 -542.1 0.0 65281.0 0.0 806
143.58 1191.7 -240.4 -542.1 0.0 447.0 0.0 806
143.6 1197.35 -241.74 -542.1 0.0 856.0 0.0 806
143.61 1203.53 -242.9 -542.1 0.0 1031.0 0.0 806
143.63 1209.76 -243.79 -542.1 0.0 1166.0 0.0 806
143.64 1216.99 -244.48 -542.1 0.0 1229.0 0.0 806
143.66 1223.75 -244.86 -542.1 0.0 1346.0 0.0 806
143.67 1230.04 -245.04 -542.1 0.0 1404.0 0.0 806
143.68 1236.34 -245.05 -542.1 0.0 1503.0 0.0 806
143.7 1241.66 -244.95 -542.1 0.0 1660.0 0.0 806
143.71 1248.43 -244.67 -542.1 0.0 1894.0 0.0 806
143.73 1254.71 -244.28 -542.1 0.0 2069.0 0.0 806
143.74 1260.98 -243.77 -542.1 0.0 2289.0 0.0 806
143.76 1267.72 -243.08 -542.1 0.0 2406.0 0.0 806
143.77 1273.97 -242.31 -542.1 0.0 2493.0 0.0 806
143.79 1280.2 -241.43 -542.1 0.0 2493.0 0.0 806
143.8 1286.41 -240.44 -542.1 0.0 2569.0 0.0 806
143.82 1293.56 -239.19 -542.1 0.0 2694.0 0.0 806
143.83 1300.22 -237.93 -542.1 0.0 2694.0 0.0 806
143.85 1306.86 -236.59 -542.1 0.0 2732.0 0.0 806
143.86 1312.54 -235.38 -542.1 0.0 2794.0 0.0 806
143.88 1319.16 -233.92 -542.1 0.0 2847.0 0.0 806
143.89 1324.82 -232.61 -542.1 0.0 2972.0 0.0 806
143.91 1331.41 -231.04 -542.1 0.0 3039.0 0.0 806
143.92 1338.45 -229.28 -542.1 0.0 3126.0 0.0 806
143.94 1344.55 -227.71 -542.1 0.0 3242.0 0.0 806
143.95 1350.63 -226.09 -542.1 0.0 3358.0 0.0 806
143.97 1356.69 -224.42 -542.1 0.0 3451.0 0.0 806
143.98 1363.21 -222.56 -542.1 0.0 3504.0 0.0 806
144.0 1368.78 -220.92 -542.1 0.0 3638.0 0.0 806
144.01 1375.72 -218.8 -542.1 0.0 3812.0 0.0 806
144.02 1381.72 -216.91 -542.1 0.0 4044.0 0.0 844
144.04 1387.71 -214.96 -542.1 0.0 4276.0 0.0 844
144.05 1393.66 -212.93 -542.1 0.0 4557.0 0.0 844
144.07 1400.04 -210.66 -542.1 0.0 4878.0 0.0 844
144.09 1408.19 -207.55 -542.1 0.0 5119.0 0.0 844
144.11 1416.25 -204.26 -542.1 0.0 5333.0 0.0 844
144.13 1423.36 -201.18 -542.1 0.0 5654.0 0.0 844
144.15 1431.27 -197.53 -542.1 0.0 6056.0 0.0 844
144.17 1439.08 -193.68 -542.1 0.0 6485.0 0.0 844
144.19 1445.94 -190.08 -542.1 0.0 7057.0 0.0 844
144.21 1454.64 -187.09 -542.1 0.0 7676.0 0.0 844
144.23 1463.12 -185.09 -542.1 0.0 8357.0 0.0 844
144.25 1472.19 -183.59 -542.1 0.0 9011.0 0.0 844
144.28 1481.31 -182.41 -542.1 0.0 9831.0 0.0 844
144.3 1491.89 -181.19 -542.1 0.0 10726.0 0.0 844
144.33 1503.41 -179.71 -542.1 0.0 11724.0 0.0 844
144.36 1514.87 -177.84 -542.1 0.0 13141.0 0.0 844
144.38 1527.16 -175.12 -542.1 0.0 14431.0 0.0 844
144.41 1538.73 -171.58 -542.1 0.0 15498.0 0.0 844
144.44 1549.49 -167.21 -542.1 0.0 16289.0 0.0 844
144.46 1559.8 -161.85 -542.1 0.0 16943.0 0.0 844
144.49 1569.59 -155.61 -542.1 0.0 17602.0 0.0 844
144.51 1576.89 -147.28 -542.1 0.0 18162.0 0.0 844
144.54 1582.12 -137.45 -542.1 0.0 18557.0 0.0 844
144.57 1585.45 -126.83 -542.1 0.0 18699.0 0.0 844
144.59 1584.75 -115.53 -542.1 0.0 18699.0 0.0 844
144.62 1581.35 -105.41 -542.1 0.0 18699.0 0.0 844
144.64 1575.84 -95.73 -542.1 0.0 18737.0 0.0 844
144.67 1568.71 -86.57 -542.1 0.0 18737.0 0.0 844
144.7 1560.67 -78.18 -542.1 0.0 18737.0 0.0 844
144.72 1552.04 -70.41 -539.76 0.0 18737.0 0.0 844
144.75 1543.02 -63.09 -537.63 0.0 18737.0 0.0 844
144.78 1533.34 -55.82 -535.54 0.0 18737.0 0.0 844
144.81 1523.08 -48.54 -533.6 0.0 18737.0 0.0 844
144.84 1512.69 -41.45 -531.74 0.0 18737.0 0.0 844
144.86 1504.46 -32.57 -528.38 0.0 18584.0 0.0 844
144.89 1497.54 -22.06 -524.75 0.0 18225.0 0.0 844
144.92 1492.07 -11.27 -523.1 0.0 17852.0 0.0 844
144.95 1487.45 0.44 -524.7 0.0 17572.0 0.0 844
144.98 1483.72 12.46 -526.12 0.0 17572.0 0.0 844
145.01 1480.72 24.68 -526.12 0.0 17572.0 0.0 844
145.04 1478.13 37.49 -526.12 0.0 17572.0 0.0 844
145.07 1475.91 50.36 -526.12 0.0 17572.0 0.0 844
145.1 1473.99 62.8 -526.12 0.0 17572.0 0.0 844
145.12 1472.17 75.74 -524.02 0.0 17572.0 0.0 844
145.15 1470.46 88.7 -524.02 0.0 17572.0 0.0 844
145.18 1468.88 101.18 -524.58 0.0 17572.0 0.0 844
145.21 1467.24 114.63 -524.58 0.0 17572.0 0.0 922
145.24 1465.74 127.13 -526.1 0.0 17572.0 0.0 922
145.27 1464.21 140.1 -526.1 0.0 17572.0 0.0 922
145.3 1462.75 152.6 -526.1 0.0 17572.0 0.0 922
145.33 1461.3 165.1 -526.1 0.0 17572.0 0.0 922
145.36 1459.8 178.09 -526.1 0.0 17572.0 0.0 922
145.39 1458.3 191.07 -526.1 0.0 17572.0 0.0 922
145.42 1456.97 202.61 -526.1 0.0 17725.0 0.0 922
145.44 1455.48 215.59 -526.1 0.0 17921.0 0.0 922
145.47 1453.99 228.09 -526.1 0.0 18089.0 0.0 922
145.5 1452.39 240.57 -526.1 0.0 18127.0 0.0 922
145.53 1450.71 252.55 -526.1 0.0 18127.0 0.0 922
145.55 1448.86 265.0 -526.1 0.0 18127.0 0.0 922
145.58 1447.09 276.48 -526.1 0.0 18127.0 0.0 922
145.61 1445.03 289.38 -526.1 0.0 18127.0 0.0 922
145.64 1443.1 301.33 -526.1 0.0 18089.0 0.0 922
145.67 1441.14 313.27 -526.1 0.0 18089.0 0.0 922
145.7 1439.02 326.16 -526.1 0.0 18089.0 0.0 922
145.73 1436.98 338.58 -526.1 0.0 18089.0 0.0 922
145.76 1434.86 351.47 -526.1 0.0 18089.0 0.0 922
145.79 1432.65 364.85 -526.1 0.0 18089.0 0.0 922
145.82 1430.45 378.22 -526.1 0.0 18089.0 0.0 922
145.85 1428.09 392.54 -526.1 0.0 18089.0 0.0 922
145.88 1425.89 405.92 -526.1 0.0 18089.0 0.0 922
145.92 1423.61 419.77 -526.1 0.0 18089.0 0.0 922
145.95 1421.32 433.61 -526.1 0.0 18051.0 0.0 922
145.98 1419.04 447.46 -526.1 0.0 17679.0 0.0 922
146.01 1416.78 461.32 -526.1 0.0 16851.0 0.0 922
146.04 1414.7 475.2 -526.1 0.0 15485.0 0.0 922
146.08 1416.87 489.06 -526.1 0.0 13498.0 0.0 922
146.11 1422.37 501.98 -526.1 0.0 11420.0 0.0 922
146.13 1430.29 512.97 -526.1 0.0 9844.0 0.0 922
146.16 1438.7 520.99 -526.1 0.0 8714.0 0.0 922
146.18 1448.48 525.03 -526.1 0.0 8029.0 0.0 922
146.21 1457.08 526.1 -526.1 0.0 7511.0 0.0 922
146.23 1466.83 524.86 -526.1 0.0 7229.0 0.0 922
146.24 1474.91 522.45 -526.1 0.0 7092.0 0.0 922
146.26 1482.01 519.37 -526.1 0.0 7016.0 0.0 922
146.28 1489.58 515.05 -526.1 0.0 6952.0 0.0 922
146.3 1495.61 511.01 -526.1 0.0 6952.0 0.0 922
146.31 1501.39 506.61 -526.1 0.0 6952.0 0.0 922
146.33 1506.59 502.26 -526.1 0.0 6952.0 0.0 922
146.34 1512.31 497.04 -526.1 0.0 6952.0 0.0 922
146.36 1516.84 492.68 -526.1 0.0 6952.0 0.0 922
146.38 1521.93 487.5 -526.1 0.0 6952.0 0.0 922
146.39 1526.91 482.22 -526.1 0.0 7028.0 0.0 922
146.41 1532.52 477.62 -526.1 0.0 7157.0 0.0 922
146.43 1538.61 473.66 -526.1 0.0 7254.0 0.0 922
146.44 1545.02 470.26 -526.1 0.0 7375.0 0.0 922
146.46 1551.22 467.53 -526.1 0.0 7435.0 0.0 922
146.47 1557.58 465.17 -526.1 0.0 7435.0 0.0 922
146.49 1564.98 462.91 -526.1 0.0 7435.0 0.0 922
146.5 1571.54 461.19 -526.1 0.0 7435.0 0.0 922
146.52 1577.67 459.78 -526.1 0.0 7435.0 0.0 922
146.54 1584.79 458.37 -526.1 0.0 7435.0 0.0 924
146.55 1592.05 458.14 -526.1 0.0 7435.0 0.0 924
146.57 1598.79 458.79 -526.1 0.0 7435.0 0.0 924
146.58 1605.43 460.17 -526.1 0.0 7167.0 0.0 924
146.6 1612.36 462.32 -526.1 0.0 6843.0 0.0 924
146.62 1619.12 464.98 -526.1 0.0 6510.0 0.0 924
146.63 1625.29 467.78 -526.1 0.0 6173.0 0.0 924
146.64 1630.93 470.57 -526.1 0.0 5810.0 0.0 924
146.66 1636.08 473.25 -526.1 0.0 5447.0 0.0 924
146.67 1641.2 476.0 -526.1 0.0 4993.0 0.0 924
146.69 1647.57 479.46 -526.1 0.0 4630.0 0.0 924
146.7 1652.97 481.61 -526.1 0.0 4371.0 0.0 924
146.71 1657.61 482.99 -526.1 0.0 4086.0 0.0 924
146.73 1662.83 484.04 -526.1 0.0 3723.0 0.0 924
146.74 1669.57 484.68 -526.1 0.0 3568.0 0.0 924
146.75 1675.38 484.76 -526.1 0.0 3517.0 0.0 924
146.77 1681.18 484.43 -526.1 0.0 3517.0 0.0 924
146.78 1687.43 483.66 -526.1 0.0 3593.0 0.0 924
146.79 1692.67 482.77 -526.1 0.0 3802.0 0.0 924
146.8 1698.35 481.55 -526.1 0.0 4116.0 0.0 924
146.82 1703.99 480.15 -526.1 0.0 4560.0 0.0 924
146.83 1709.59 478.61 -526.1 0.0 5289.0 0.0 924
146.85 1716.1 476.73 -526.1 0.0 6191.0 0.0 924
146.86 1722.14 474.98 -526.1 0.0 7206.0 0.0 924
146.87 1728.21 473.32 -526.1 0.0 8091.0 0.0 924
146.89 1733.86 471.95 -526.1 0.0 8993.0 0.0 924
146.9 1740.02 470.69 -526.1 0.0 9782.0 0.0 924
146.92 1746.22 470.45 -526.1 0.0 10402.0 0.0 926
146.93 1752.38 471.14 -526.1 0.0 10948.0 0.0 926
146.95 1758.91 472.89 -526.1 0.0 11338.0 0.0 926
146.97 1765.58 475.77 -526.1 0.0 11630.0 0.0 926
146.98 1771.83 479.46 -526.1 0.0 11873.0 0.0 926
147.0 1777.99 484.15 -526.1 0.0 12011.0 0.0 926
147.02 1783.66 489.42 -526.1 0.0 12195.0 0.0 926
147.04 1789.18 495.52 -526.1 0.0 12403.0 0.0 926
147.06 1793.0 502.06 -526.1 0.0 12624.0 0.0 926
147.07 1795.7 509.72 -526.1 0.0 12919.0 0.0 926
147.09 1797.16 517.82 -526.1 0.0 13231.0 0.0 926
147.12 1797.5 526.53 -526.1 0.0 13505.0 0.0 926
147.14 1796.71 535.69 -526.1 0.0 13711.0 0.0 926
147.16 1795.01 544.73 -526.1 0.0 13884.0 0.0 926
147.18 1792.41 554.05 -526.1 0.0 13922.0 0.0 926
147.2 1789.36 562.73 -526.1 0.0 13960.0 0.0 926
147.22 1785.47 572.11 -526.1 0.0 13960.0 0.0 926
147.25 1781.4 580.9 -526.1 0.0 13960.0 0.0 926
147.27 1777.07 580.9 -526.1 0.0 13960.0 0.0 926
147.29 1772.35 582.23 -526.1 0.0 13960.0 0.0 926
147.31 1767.93 582.23 -526.1 0.0 13960.0 0.0 926
147.33 1763.4 582.23 -526.1 0.0 13960.0 0.0 926
147.35 1758.5 582.23 -526.1 0.0 13960.0 0.0 926
147.38 1755.01 582.23 -526.1 0.0 13807.0 0.0 926
147.4 1752.29 582.23 -526.1 0.0 13481.0 0.0 926
147.42 1750.55 583.5 -526.1 0.0 13095.0 0.0 926
147.44 1749.43 585.94 -526.1 0.0 12633.0 0.0 926
147.46 1748.95 589.12 -526.1 0.0 12053.0 0.0 926
147.48 1749.02 592.86 -526.1 0.0 11409.0 0.0 926
147.5 1749.78 597.86 -526.1 0.0 10825.0 0.0 926
147.52 1750.43 600.6 -526.1 0.0 10275.0 0.0 926
147.53 1750.44 600.62 -526.1 0.0 9854.0 0.0 926
147.55 1750.71 601.04 -526.1 0.0 9463.0 0.0 926
147.57 1750.71 601.31 -525.99 0.0 8263.0 0.0 926
147.59 1750.7 601.57 -525.89 0.0 7890.0 0.0 926
147.6 1750.55 601.6 -525.89 0.0 7787.0 0.0 926
147.61 1750.38 601.63 -525.89 0.0 7704.0 0.0 926
147.63 1750.15 601.67 -525.89 0.0 7649.0 0.0 926
147.64 1749.89 601.73 -525.89 0.0 7649.0 0.0 926
147.66 1749.59 601.78 -525.89 0.0 7649.0 0.0 926
147.67 1749.26 601.86 -525.89 0.0 7649.0 0.0 926
147.68 1748.73 602.2 -525.89 0.0 7687.0 0.0 926
147.7 1747.89 602.91 -525.36 0.0 7687.0 0.0 926
147.71 1746.89 603.83 -523.68 0.0 7725.0 0.0 926
147.72 1745.52 605.15 -523.18 0.0 7777.0 0.0 926
147.74 1744.04 606.65 -522.71 0.0 7777.0 0.0 926
147.75 1742.31 608.41 -522.14 0.0 7815.0 0.0 926
147.77 1740.17 610.63 -521.42 0.0 7815.0 0.0 926
147.78 1737.74 613.16 -520.6 0.0 7815.0 0.0 926
147.8 1735.03 616.0 -519.68 0.0 7815.0 0.0 926
147.81 1732.05 619.15 -518.66 0.0 7739.0 0.0 926
147.82 1728.78 622.62 -517.23 0.0 7626.0 0.0 926
147.84 1725.23 626.39 -515.3 0.0 7574.0 0.0 926
147.85 1721.73 630.15 -513.38 0.0 7453.0 0.0 926
147.87 1717.33 634.92 -512.11 0.0 7375.0 0.0 926
147.88 1713.41 639.2 -511.18 0.0 7254.0 0.0 926
147.9 1708.87 644.23 -511.73 0.0 7133.0 0.0 926
147.91 1704.37 649.29 -512.73 0.0 7081.0 0.0 926
147.92 1700.53 653.66 -513.58 0.0 6884.0 0.0 923
147.94 1696.42 658.42 -514.51 0.0 6630.0 0.0 923
147.95 1692.34 663.21 -515.44 0.0 6348.0 0.0 923
147.97 1688.32 668.05 -516.02 0.0 6044.0 0.0 923
147.98 1684.08 673.33 -516.44 0.0 5762.0 0.0 923
148.0 1680.22 678.3 -516.84 0.0 5423.0 0.0 923
148.01 1676.45 683.34 -517.26 0.0 5169.0 0.0 923
148.03 1672.78 688.45 -517.68 0.0 4837.0 0.0 923
148.04 1668.18 695.27 -518.26 0.0 4611.0 0.0 923
148.06 1664.77 700.56 -518.98 0.0 4403.0 0.0 923
148.07 1661.73 705.51 -519.55 0.0 4177.0 0.0 923
148.09 1658.55 710.94 -520.6 0.0 4064.0 0.0 923
148.1 1655.49 716.44 -521.66 0.0 3951.0 0.0 923
148.11 1652.54 722.0 -522.72 0.0 3899.0 0.0 923
148.13 1649.91 727.17 -523.7 0.0 3838.0 0.0 923
148.14 1646.94 733.26 -524.85 0.0 3838.0 0.0 923
148.16 1644.07 739.4 -526.01 0.0 3838.0 0.0 923
148.17 1641.47 745.13 -526.97 0.0 3838.0 0.0 923
148.19 1638.74 751.33 -527.57 0.0 3838.0 0.0 923
148.2 1635.87 758.0 -528.22 0.0 3838.0 0.0 923
148.22 1633.43 763.8 -528.78 0.0 3838.0 0.0 923
148.23 1630.83 770.06 -529.24 0.0 3838.0 0.0 923
148.25 1628.44 775.88 -529.24 0.0 3838.0 0.0 923
148.26 1625.89 782.16 -529.24 0.0 3800.0 0.0 923
148.28 1623.54 788.0 -529.24 0.0 3800.0 0.0 923
148.3 1621.04 794.29 -529.24 0.0 3800.0 0.0 923
148.31 1618.37 801.04 -529.73 0.0 3800.0 0.0 923
148.33 1615.72 807.8 -529.73 0.0 3800.0 0.0 923
148.35 1612.9 815.02 -529.73 0.0 3800.0 0.0 923
148.37 1610.1 822.23 -530.21 0.0 3800.0 0.0 923
148.38 1607.13 829.91 -530.21 0.0 3800.0 0.0 923
148.41 1604.17 837.59 -530.88 0.0 3800.0 0.0 923
148.43 1600.7 846.62 -531.66 0.0 3800.0 0.0 923
148.45 1597.06 856.11 -532.55 0.0 3800.0 0.0 923
148.47 1593.25 866.05 -533.48 0.0 3800.0 0.0 923
148.5 1589.96 874.64 -534.28 0.0 3800.0 0.0 923
148.52 1586.68 883.23 -535.04 0.0 3800.0 0.0 923
148.54 1583.39 891.82 -535.66 0.0 3800.0 0.0 923
148.56 1580.11 900.41 -536.34 0.0 3800.0 0.0 923
148.58 1576.66 909.46 -537.13 0.0 3800.0 0.0 923
148.6 1573.21 918.5 -537.92 0.0 3800.0 0.0 923
148.63 1571.54 928.53 -538.79 0.0 3800.0 0.0 923
148.65 1571.35 938.2 -539.27 0.0 3800.0 0.0 825
148.67 1572.31 948.32 -539.78 0.0 3800.0 0.0 825
148.69 1574.14 958.32 -540.31 0.0 3800.0 0.0 825
148.71 1576.31 967.26 -541.22 0.0 3800.0 0.0 825
148.74 1578.87 976.09 -542.24 0.0 3800.0 0.0 825
148.76 1581.72 984.83 -543.27 0.0 3800.0 0.0 825
148.78 1584.63 993.04 -544.23 0.0 3800.0 0.0 825
148.8 1587.86 1001.65 -545.26 0.0 3800.0 0.0 825
148.82 1592.37 1009.11 -546.2 0.0 3800.0 0.0 825
148.84 1598.28 1016.15 -547.15 0.0 3800.0 0.0 825
148.86 1604.61 1022.14 -547.93 0.0 4183.0 0.0 825
148.88 1612.67 1028.33 -548.87 0.0 4798.0 0.0 825
148.9 1620.71 1033.72 -549.81 0.0 5536.0 0.0 825
148.93 1629.34 1039.09 -550.74 0.0 6320.0 0.0 825
148.95 1638.01 1044.4 -551.67 0.0 7150.0 0.0 825
148.98 1646.6 1049.83 -552.62 0.0 8020.0 0.0 825
149.0 1655.4 1055.83 -553.66 0.0 8898.0 0.0 825
149.02 1664.66 1062.84 -554.87 0.0 9543.0 0.0 825
149.05 1672.42 1069.41 -555.34 0.0 10035.0 0.0 825
149.07 1679.8 1076.4 -555.34 0.0 10470.0 0.0 825
149.09 1685.84 1082.68 -556.15 0.0 10918.0 0.0 825
149.11 1691.28 1088.85 -556.15 0.0 11403.0 0.0 825
149.13 1696.45 1095.25 -555.84 0.0 12211.0 0.0 825
149.15 1702.94 1104.29 -555.19 0.0 12962.0 0.0 825
149.17 1707.89 1112.04 -554.7 0.0 13713.0 0.0 825
149.19 1713.8 1119.09 -554.1 0.0 14474.0 0.0 825
149.22 1720.63 1125.95 -553.41 0.0 15100.0 0.0 825
149.23 1727.4 1132.16 -552.72 0.0 15660.0 0.0 825
149.25 1733.56 1137.62 -552.12 0.0 16220.0 0.0 825
149.27 1739.73 1143.07 -551.54 0.0 16780.0 0.0 825
149.29 1745.84 1148.57 -550.96 0.0 17307.0 0.0 825
149.31 1751.5 1153.86 -550.48 0.0 17947.0 0.0 825
149.33 1758.03 1160.34 -550.07 0.0 18573.0 0.0 825
149.35 1764.32 1167.05 -549.69 0.0 19319.0 0.0 825
149.38 1770.61 1174.4 -549.34 0.0 20057.0 0.0 825
149.4 1776.8 1182.47 -549.02 0.0 20733.0 0.0 825
149.42 1782.51 1190.88 -548.75 0.0 21440.0 0.0 825
149.45 1788.14 1200.48 -548.75 0.0 22020.0 0.0 825
149.48 1792.95 1209.98 -548.41 0.0 22722.0 0.0 825
149.51 1798.58 1223.89 -546.58 0.0 23133.0 0.0 825
149.53 1802.01 1233.97 -544.64 0.0 23481.0 0.0 825
149.55 1804.91 1244.21 -542.64 0.0 23702.0 0.0 825
149.58 1807.33 1254.58 -540.71 0.0 23892.0 0.0 825
149.6 1809.33 1265.04 -538.84 0.0 24179.0 0.0 825
149.62 1810.86 1274.6 -537.2 0.0 24541.0 0.0 825
149.65 1812.14 1284.68 -536.04 0.0 24857.0 0.0 825
149.67 1813.12 1295.28 -535.4 0.0 25159.0 0.0 895
149.69 1813.74 1305.43 -534.89 0.0 25431.0 0.0 895
149.72 1814.05 1315.59 -534.36 0.0 25762.0 0.0 895
149.75 1814.03 1326.72 -533.85 0.0 26072.0 0.0 895
149.77 1813.62 1338.33 -533.37 0.0 26336.0 0.0 895
149.8 1812.89 1349.44 -533.37 0.0 26501.0 0.0 895
149.82 1811.83 1360.52 -533.37 0.0 26501.0 0.0 895
149.85 1810.49 1371.57 -533.99 0.0 26501.0 0.0 895
149.87 1808.94 1382.59 -533.99 0.0 26501.0 0.0 895
149.9 1807.33 1393.12 -534.5 0.0 26501.0 0.0 895
149.92 1805.63 1403.63 -534.5 0.0 26501.0 0.0 895
149.95 1803.78 1414.61 -535.06 0.0 26501.0 0.0 895
149.97 1801.95 1425.1 -535.06 0.0 26501.0 0.0 895
149.99 1800.09 1435.58 -534.76 0.0 26501.0 0.0 895
150.02 1798.29 1445.58 -534.76 0.0 26501.0 0.0 895
150.04 1796.48 1455.58 -534.76 0.0 26501.0 0.0 895
150.06 1794.47 1466.54 -534.42 0.0 26501.0 0.0 895
150.09 1792.64 1476.53 -534.11 0.0 26501.0 0.0 895
150.11 1790.79 1486.53 -533.6 0.0 26501.0 0.0 895
150.13 1788.94 1496.52 -533.08 0.0 26501.0 0.0 895
150.16 1787.09 1506.51 -532.57 0.0 26501.0 0.0 895
150.18 1785.32 1516.03 -532.08 0.0 26501.0 0.0 810
150.2 1783.55 1525.55 -531.59 0.0 26501.0 0.0 810
150.22 1781.69 1535.54 -531.31 0.0 26501.0 0.0 810
150.25 1779.83 1545.53 -531.31 0.0 26501.0 0.0 810
150.27 1778.05 1555.05 -531.31 0.0 26501.0 0.0 810
150.29 1776.01 1565.99 -531.76 0.0 26501.0 0.0 810
150.32 1774.24 1575.51 -531.76 0.0 26501.0 0.0 810
150.34 1772.2 1586.45 -532.31 0.0 26501.0 0.0 810
150.37 1770.33 1596.44 -532.88 0.0 26501.0 0.0 810
150.39 1768.29 1607.39 -533.36 0.0 26501.0 0.0 810
150.42 1766.34 1617.85 -533.36 0.0 26501.0 0.0 810
150.44 1764.3 1628.8 -534.17 0.0 26501.0 0.0 810
150.47 1762.08 1640.69 -535.19 0.0 26501.0 0.0 810
150.49 1760.13 1651.16 -536.41 0.0 26501.0 0.0 810
150.52 1758.17 1661.63 -537.63 0.0 26654.0 0.0 810
150.55 1756.13 1672.57 -539.3 0.0 26805.0 0.0 810
150.57 1750.85 1683.99 -541.88 0.0 27049.0 0.0 810
150.6 1744.31 1693.59 -543.92 0.0 27397.0 0.0 810
150.62 1736.61 1702.29 -546.08 0.0 27697.0 0.0 810
150.65 1728.49 1709.9 -548.3 0.0 27880.0 0.0 810
150.67 1720.6 1716.31 -550.65 0.0 28063.0 0.0 810
150.69 1712.37 1722.27 -552.85 0.0 28311.0 0.0 810
150.71 1704.7 1727.34 -554.83 0.0 28476.0 0.0 810
150.73 1696.84 1732.12 -556.51 0.0 28641.0 0.0 810
150.75 1688.83 1736.64 -558.14 0.0 28717.0 0.0 810
150.77 1680.7 1740.93 -559.8 0.0 28755.0 0.0 810
150.79 1672.9 1744.83 -560.66 0.0 28755.0 0.0 810
150.81 1665.48 1748.38 -561.47 0.0 28755.0 0.0 810
150.83 1657.13 1752.22 -563.36 0.0 28755.0 0.0 810
150.85 1649.18 1755.78 -565.17 0.0 28755.0 0.0 810
150.88 1641.2 1759.28 -567.0 0.0 28755.0 0.0 810
150.9 1632.3 1763.1 -568.58 0.0 28755.0 0.0 810
150.92 1623.83 1766.68 -569.4 0.0 28755.0 0.0 810
150.94 1615.8 1770.05 -570.18 0.0 28755.0 0.0 810
150.96 1607.76 1773.4 -570.97 0.0 28755.0 0.0 810
150.98 1599.26 1776.91 -571.68 0.0 28755.0 0.0 810
151.0 1591.2 1780.23 -572.16 0.0 28755.0 0.0 810
151.02 1582.69 1783.72 -574.23 0.0 28755.0 0.0 810
151.04 1574.18 1787.2 -576.43 0.0 28755.0 0.0 810
151.06 1564.77 1791.04 -578.86 0.0 28755.0 0.0 810
151.08 1556.25 1794.51 -581.11 0.0 28755.0 0.0 810
151.1 1547.29 1798.15 -583.51 0.0 28755.0 0.0 810
151.13 1538.77 1801.62 -585.44 0.0 28755.0 0.0 810
151.15 1530.25 1805.08 -587.92 0.0 28755.0 0.0 810
151.17 1521.28 1808.72 -590.56 0.0 28755.0 0.0 810
151.19 1513.21 1811.99 -592.94 0.0 28755.0 0.0 810
151.21 1504.68 1815.45 -595.46 0.0 28755.0 0.0 810
151.23 1496.16 1818.91 -598.7 0.0 28755.0 0.0 810
151.25 1487.64 1822.36 -603.04 0.0 28755.0 0.0 810
151.27 1479.12 1825.82 -607.38 0.0 28640.0 0.0 810
151.29 1470.6 1829.27 -611.73 0.0 28602.0 0.0 810
151.31 1462.08 1832.75 -616.1 0.0 28519.0 0.0 810
151.34 1453.58 1836.25 -620.44 0.0 28381.0 0.0 810
151.36 1444.2 1840.16 -624.85 0.0 28257.0 0.0 810
151.38 1435.73 1843.75 -628.83 0.0 27995.0 0.0 810
151.4 1426.85 1847.6 -633.01 0.0 27704.0 0.0 810
151.42 1417.91 1849.77 -637.12 0.0 27295.0 0.0 810
151.44 1408.29 1850.79 -641.11 0.0 26796.0 0.0 810
151.47 1399.09 1850.95 -643.44 0.0 26306.0 0.0 810
151.49 1388.94 1850.51 -645.89 0.0 26230.0 0.0 880
151.51 1378.8 1849.74 -648.32 0.0 26192.0 0.0 880
151.54 1368.69 1848.76 -650.74 0.0 25614.0 0.0 880
151.56 1358.11 1847.56 -653.26 0.0 24976.0 0.0 880
151.58 1347.04 1846.34 -655.9 0.0 24363.0 0.0 880
151.61 1337.4 1845.46 -656.86 0.0 23504.0 0.0 880
151.63 1327.26 1844.83 -658.05 0.0 22672.0 0.0 880
151.65 1317.58 1844.64 -659.28 0.0 21784.0 0.0 880
151.67 1308.39 1844.9 -660.48 0.0 20952.0 0.0 880
151.69 1299.23 1845.69 -661.72 0.0 20161.0 0.0 880
151.71 1290.13 1847.05 -662.99 0.0 19583.0 0.0 880
151.73 1281.61 1848.88 -664.03 0.0 19255.0 0.0 880
151.75 1274.6 1850.77 -663.01 0.0 18957.0 0.0 880
151.76 1266.78 1853.33 -662.1 0.0 18782.0 0.0 880
151.78 1259.54 1856.07 -661.28 0.0 18712.0 0.0 880
151.8 1252.93 1860.1 -660.32 0.0 18644.0 0.0 880
151.82 1247.03 1865.12 -659.43 0.0 18644.0 0.0 880
151.83 1242.11 1870.45 -658.68 0.0 18644.0 0.0 880
151.85 1237.49 1876.67 -657.98 0.0 18644.0 0.0 880
151.87 1233.42 1883.26 -657.58 0.0 18644.0 0.0 880
151.89 1229.24 1891.45 -657.19 0.0 18644.0 0.0 880
151.91 1225.9 1898.97 -656.89 0.0 18644.0 0.0 880
151.93 1223.06 1906.17 -656.89 0.0 18644.0 0.0 880
151.94 1220.45 1913.47 -656.42 0.0 18644.0 0.0 880
151.96 1218.04 1920.82 -656.42 0.0 18644.0 0.0 880
151.98 1215.77 1928.23 -656.42 0.0 18644.0 0.0 880
152.0 1213.63 1935.67 -656.94 0.0 18644.0 0.0 880
152.02 1211.59 1943.14 -656.94 0.0 18644.0 0.0 880
152.03 1209.51 1951.1 -657.48 0.0 18644.0 0.0 880
152.05 1207.6 1958.61 -657.48 0.0 18644.0 0.0 880
152.07 1205.75 1966.13 -658.01 0.0 18644.0 0.0 880
152.09 1203.83 1974.13 -658.44 0.0 18644.0 0.0 880
152.1 1201.94 1982.14 -659.07 0.0 18644.0 0.0 880
152.12 1200.29 1989.21 -659.72 0.0 18644.0 0.0 880
152.14 1198.55 1996.75 -660.46 0.0 18644.0 0.0 880
152.16 1196.72 2004.77 -661.25 0.0 18644.0 0.0 880
152.18 1195.01 2012.33 -661.99 0.0 18644.0 0.0 880
152.19 1193.31 2019.88 -662.72 0.0 18644.0 0.0 880
152.21 1191.61 2027.44 -663.65 0.0 18644.0 0.0 880
152.23 1189.93 2035.0 -664.67 0.0 18644.0 0.0 880
152.25 1188.24 2042.56 -665.7 0.0 18644.0 0.0 880
152.27 1186.46 2050.59 -666.66 0.0 18644.0 0.0 880
152.28 1184.78 2058.15 -667.28 0.0 18644.0 0.0 880
152.3 1183.01 2066.18 -667.93 0.0 18644.0 0.0 880
152.32 1181.23 2074.22 -668.58 0.0 18644.0 0.0 880
152.34 1179.56 2081.78 -671.26 0.0 18644.0 0.0 880
152.36 1177.89 2089.34 -674.18 0.0 18644.0 0.0 880
152.37 1176.12 2097.37 -677.28 0.0 18644.0 0.0 880
152.39 1174.45 2104.94 -680.2 0.0 18644.0 0.0 880
152.41 1172.78 2112.5 -683.07 0.0 18644.0 0.0 880
152.43 1171.01 2120.53 -676.22 0.0 18644.0 0.0 880
152.45 1169.35 2128.1 -670.99 0.0 18644.0 0.0 880
152.46 1167.58 2136.13 -670.37 0.0 18644.0 0.0 880
152.48 1165.91 2143.69 -669.73 0.0 18644.0 0.0 880
152.5 1164.24 2151.26 -669.29 0.0 18644.0 0.0 880
152.52 1162.47 2159.29 -669.29 0.0 18644.0 0.0 880
152.54 1160.71 2167.33 -669.29 0.0 18644.0 0.0 880
152.56 1158.94 2175.36 -669.29 0.0 18644.0 0.0 880
152.58 1157.17 2183.4 -669.29 0.0 18644.0 0.0 880
152.59 1155.4 2191.44 -669.29 0.0 18644.0 0.0 880
152.61 1153.73 2199.0 -669.29 0.0 18644.0 0.0 880
152.63 1152.07 2206.56 -669.29 0.0 18644.0 0.0 880
152.65 1150.3 2214.6 -669.29 0.0 18644.0 0.0 880
152.66 1148.53 2222.63 -670.96 0.0 18644.0 0.0 880
152.68 1146.97 2229.72 -670.96 0.0 18644.0 0.0 880
152.7 1145.2 2237.76 -670.96 0.0 18644.0 0.0 880
152.72 1143.22 2246.74 -670.96 0.0 18644.0 0.0 875
152.74 1141.66 2253.83 -671.41 0.0 18644.0 0.0 875
152.76 1139.89 2261.87 -671.41 0.0 18644.0 0.0 875
152.77 1138.12 2269.9 -671.41 0.0 18644.0 0.0 875
152.79 1136.56 2276.99 -671.41 0.0 18644.0 0.0 875
152.81 1134.69 2285.5 -671.41 0.0 18644.0 0.0 875
152.83 1132.92 2293.54 -671.41 0.0 18644.0 0.0 875
152.85 1131.36 2300.63 -671.87 0.0 18644.0 0.0 875
152.87 1129.59 2308.66 -671.87 0.0 18644.0 0.0 875
152.89 1127.82 2316.7 -671.87 0.0 18644.0 0.0 875
152.9 1124.77 2324.34 -671.87 0.0 18644.0 0.0 875
152.92 1121.04 2331.12 -671.87 0.0 18644.0 0.0 875
152.94 1116.64 2337.49 -671.87 0.0 18644.0 0.0 875
152.96 1112.4 2342.78 -671.87 0.0 18644.0 0.0 875
152.98 1106.46 2349.15 -672.34 0.0 18644.0 0.0 875
152.99 1101.33 2356.19 -672.34 0.0 18644.0 0.0 875
153.01 1097.3 2362.81 -672.34 0.0 18644.0 0.0 875
153.03 1094.67 2370.92 -672.34 0.0 18644.0 0.0 875
153.05 1093.61 2379.55 -672.34 0.0 18644.0 0.0 875
153.07 1093.8 2387.78 -672.34 0.0 18644.0 0.0 875
153.09 1094.95 2395.93 -672.8 0.0 18644.0 0.0 875
153.11 1096.99 2404.39 -672.8 0.0 18644.0 0.0 875
153.13 1099.66 2412.69 -672.8 0.0 18644.0 0.0 875
153.15 1102.43 2419.92 -672.8 0.0 18644.0 0.0 875
153.16 1105.49 2427.03 -673.11 0.0 18644.0 0.0 875
153.18 1107.72 2434.95 -673.11 0.0 18644.0 0.0 875
153.2 1109.11 2443.06 -673.11 0.0 18644.0 0.0 875
153.22 1109.82 2451.26 -673.11 0.0 18644.0 0.0 875
153.24 1109.99 2459.49 -673.11 0.0 18644.0 0.0 875
153.26 1109.78 2467.23 -673.11 0.0 18644.0 0.0 875
153.27 1109.21 2475.44 -673.11 0.0 18644.0 0.0 875
153.29 1108.45 2483.14 -673.11 0.0 18644.0 0.0 875
153.31 1107.49 2490.83 -673.11 0.0 18644.0 0.0 875
153.33 1106.39 2498.49 -673.11 0.0 18644.0 0.0 875
153.35 1105.09 2506.62 -673.11 0.0 18644.0 0.0 875
153.36 1105.04 2514.84 -673.11 0.0 18644.0 0.0 875
153.38 1105.88 2522.54 -673.11 0.0 18644.0 0.0 875
153.4 1107.43 2530.13 -673.11 0.0 18644.0 0.0 875
153.42 1109.71 2538.04 -673.11 0.0 18644.0 0.0 875
153.44 1112.29 2545.34 -673.11 0.0 18644.0 0.0 875
153.45 1115.21 2552.51 -673.11 0.0 18644.0 0.0 875
153.47 1118.61 2560.0 -673.11 0.0 18644.0 0.0 875
153.49 1122.25 2567.38 -673.11 0.0 18644.0 0.0 878
153.51 1125.82 2574.25 -673.11 0.0 18644.0 0.0 878
153.53 1129.76 2581.48 -673.11 0.0 18644.0 0.0 878
153.55 1132.77 2590.17 -673.11 0.0 18644.0 0.0 878
153.56 1134.41 2597.24 -673.11 0.0 18644.0 0.0 878
153.58 1135.48 2604.91 -673.11 0.0 18644.0 0.0 878
153.6 1135.99 2613.12 -673.11 0.0 18644.0 0.0 878
153.62 1136.01 2621.35 -673.11 0.0 18644.0 0.0 878
153.64 1135.63 2629.57 -673.11 0.0 18644.0 0.0 878
153.66 1135.01 2637.29 -673.11 0.0 18644.0 0.0 878
153.67 1134.17 2644.98 -673.11 0.0 18644.0 0.0 878
153.69 1133.08 2653.14 -673.11 0.0 18644.0 0.0 878
153.71 1131.85 2661.28 -673.11 0.0 18644.0 0.0 878
153.73 1130.58 2668.92 -673.11 0.0 18644.0 0.0 878
153.75 1129.23 2676.54 -673.11 0.0 18644.0 0.0 878
153.76 1127.73 2684.63 -673.11 0.0 18644.0 0.0 878
153.78 1126.35 2691.76 -673.11 0.0 18644.0 0.0 878
153.8 1124.85 2699.36 -673.11 0.0 18644.0 0.0 878
153.82 1123.31 2706.94 -673.11 0.0 18644.0 0.0 878
153.84 1121.64 2715.0 -673.11 0.0 18644.0 0.0 878
153.85 1119.96 2723.06 -673.11 0.0 18644.0 0.0 878
153.87 1118.45 2730.16 -673.11 0.0 18644.0 0.0 878
153.89 1116.74 2738.21 -673.11 0.0 18644.0 0.0 878
153.91 1115.01 2746.25 -673.11 0.0 18644.0 0.0 878
153.93 1113.27 2754.29 -673.11 0.0 18644.0 0.0 878
153.95 1112.85 2762.51 -673.11 0.0 18644.0 0.0 878
153.96 1113.52 2770.71 -673.11 0.0 18644.0 0.0 878
153.98 1115.03 2778.8 -673.11 0.0 18644.0 0.0 878
154.0 1117.04 2786.28 -673.11 0.0 18644.0 0.0 878
154.02 1119.7 2794.06 -673.11 0.0 18644.0 0.0 860
154.04 1122.56 2801.26 -673.11 0.0 18644.0 0.0 860
154.06 1125.91 2808.78 -673.11 0.0 18644.0 0.0 860
154.07 1129.5 2816.18 -673.11 0.0 18644.0 0.0 860
154.09 1133.05 2823.06 -673.11 0.0 18644.0 0.0 860
154.11 1137.2 2830.72 -673.11 0.0 18644.0 0.0 860
154.13 1141.48 2838.31 -673.11 0.0 18644.0 0.0 860
154.15 1145.61 2845.42 -673.11 0.0 18644.0 0.0 860
154.17 1148.59 2853.09 -673.11 0.0 18644.0 0.0 860
154.19 1150.6 2861.07 -673.11 0.0 18644.0 0.0 860
154.21 1151.8 2869.21 -673.11 0.0 18644.0 0.0 860
154.23 1152.36 2877.91 -673.11 0.0 18644.0 0.0 860
154.25 1152.39 2886.13 -673.11 0.0 18644.0 0.0 860
154.27 1151.98 2894.84 -673.11 0.0 18644.0 0.0 869
154.29 1151.24 2903.52 -673.11 0.0 18644.0 0.0 869
154.31 1150.16 2912.65 -673.11 0.0 18644.0 0.0 869
154.33 1148.87 2921.75 -673.11 0.0 18644.0 0.0 869
154.35 1147.49 2930.36 -673.11 0.0 18644.0 0.0 869
154.37 1146.0 2938.94 -673.11 0.0 18644.0 0.0 869
154.39 1144.52 2947.03 -673.11 0.0 18644.0 0.0 869
154.4 1142.88 2955.59 -673.11 0.0 18644.0 0.0 869
154.42 1141.28 2963.66 -673.11 0.0 18644.0 0.0 869
154.44 1139.54 2972.2 -673.11 0.0 18644.0 0.0 869
154.46 1137.88 2980.26 -673.11 0.0 18644.0 0.0 869
154.48 1136.09 2988.78 -673.11 0.0 18644.0 0.0 869
154.5 1134.48 2996.36 -673.11 0.0 18644.0 0.0 869
154.52 1132.66 3004.88 -673.11 0.0 18644.0 0.0 869
154.54 1130.93 3012.92 -673.11 0.0 18644.0 0.0 869
154.56 1129.19 3020.96 -673.11 0.0 18644.0 0.0 869
154.58 1127.44 3029.0 -673.11 0.0 18644.0 0.0 869
154.6 1125.69 3037.04 -673.11 0.0 18644.0 0.0 869
154.62 1123.84 3045.55 -673.11 0.0 18644.0 0.0 883
154.63 1123.52 3054.75 -673.11 0.0 18644.0 0.0 883
154.65 1124.29 3062.94 -673.11 0.0 18644.0 0.0 883
154.67 1126.03 3071.47 -673.11 0.0 18644.0 0.0 883
154.69 1128.48 3079.84 -673.11 0.0 18644.0 0.0 883
154.71 1131.46 3088.02 -673.11 0.0 18644.0 0.0 883
154.73 1134.64 3095.61 -673.11 0.0 18644.0 0.0 883
154.75 1138.32 3103.51 -673.11 0.0 18644.0 0.0 883
154.77 1142.47 3111.71 -673.11 0.0 18644.0 0.0 883
154.79 1146.58 3119.4 -673.11 0.0 18644.0 0.0 883
154.81 1150.58 3126.58 -673.11 0.0 18644.0 0.0 883
154.83 1153.64 3135.26 -673.11 0.0 18644.0 0.0 883
154.85 1155.45 3143.28 -673.11 0.0 18644.0 0.0 883
154.87 1156.51 3151.93 -673.11 0.0 18644.0 0.0 883
154.89 1156.9 3160.63 -673.11 0.0 18644.0 0.0 883
154.91 1156.74 3169.83 -673.11 0.0 18644.0 0.0 883
154.93 1156.24 3178.04 -673.11 0.0 18644.0 0.0 883
154.95 1155.4 3186.71 -673.11 0.0 18644.0 0.0 883
154.97 1154.25 3195.84 -673.11 0.0 18644.0 0.0 883
154.99 1153.06 3203.98 -673.11 0.0 18644.0 0.0 883
155.01 1151.65 3212.58 -673.11 0.0 18644.0 0.0 883
155.03 1150.23 3220.68 -673.11 0.0 18644.0 0.0 883
155.05 1148.64 3229.25 -673.11 0.0 18644.0 0.0 883
155.07 1146.89 3238.27 -673.11 0.0 18644.0 0.0 883
155.09 1145.18 3246.82 -673.11 0.0 18644.0 0.0 886
155.11 1143.44 3255.35 -673.11 0.0 18644.0 0.0 886
155.13 1141.66 3263.88 -673.11 0.0 18644.0 0.0 886
155.15 1139.76 3272.88 -673.11 0.0 18644.0 0.0 886
155.17 1137.95 3281.4 -673.11 0.0 18644.0 0.0 886
155.19 1136.12 3289.92 -673.11 0.0 18644.0 0.0 886
155.21 1134.38 3297.96 -673.11 0.0 18644.0 0.0 886
155.23 1132.43 3306.95 -673.11 0.0 18644.0 0.0 886
155.25 1130.58 3315.46 -673.11 0.0 18644.0 0.0 886
155.27 1128.72 3323.97 -673.11 0.0 18644.0 0.0 886
155.29 1126.76 3332.95 -673.11 0.0 18644.0 0.0 886
155.31 1124.79 3341.94 -673.11 0.0 18568.0 0.0 886
155.33 1123.03 3349.98 -673.11 0.0 18309.0 0.0 886
155.35 1121.18 3358.49 -673.11 0.0 18193.0 0.0 886
155.37 1119.38 3367.01 -673.11 0.0 17999.0 0.0 886
155.39 1117.65 3375.55 -673.11 0.0 17798.0 0.0 886
155.41 1115.84 3385.06 -673.11 0.0 17643.0 0.0 886
155.43 1114.31 3393.64 -673.11 0.0 17527.0 0.0 886
155.45 1112.9 3402.23 -673.11 0.0 17372.0 0.0 886
155.47 1111.59 3410.85 -673.11 0.0 17256.0 0.0 886
155.49 1110.39 3419.48 -672.79 0.0 17101.0 0.0 886
155.51 1109.3 3428.12 -672.79 0.0 17025.0 0.0 886
155.53 1108.27 3437.26 -672.79 0.0 17025.0 0.0 886
155.55 1107.49 3444.96 -672.53 0.0 17025.0 0.0 886
155.57 1106.72 3453.15 -672.53 0.0 17025.0 0.0 886
155.59 1105.98 3461.83 -672.53 0.0 17025.0 0.0 886
155.6 1105.28 3470.52 -672.28 0.0 17025.0 0.0 886
155.63 1104.7 3478.24 -672.28 0.0 17025.0 0.0 886
155.64 1103.99 3487.89 -672.28 0.0 17025.0 0.0 886
155.66 1103.45 3495.62 -672.28 0.0 17025.0 0.0 886
155.68 1102.92 3503.35 -671.96 0.0 17025.0 0.0 886
155.7 1102.41 3511.07 -671.96 0.0 17025.0 0.0 886
155.71 1101.9 3518.8 -671.96 0.0 17025.0 0.0 886
155.74 1101.39 3526.53 -671.96 0.0 17025.0 0.0 886
155.75 1100.75 3536.67 -671.63 0.0 17025.0 0.0 886
155.77 1100.32 3543.43 -671.63 0.0 17025.0 0.0 886
155.79 1099.86 3550.68 -671.63 0.0 17025.0 0.0 886
155.8 1099.37 3558.41 -671.63 0.0 17025.0 0.0 886
155.82 1098.92 3565.65 -670.21 0.0 17025.0 0.0 886
155.84 1098.47 3572.9 -669.84 0.0 17025.0 0.0 886
155.85 1097.99 3580.63 -669.84 0.0 17025.0 0.0 886
155.87 1097.54 3587.87 -669.84 0.0 17025.0 0.0 886
155.89 1097.09 3595.12 -669.55 0.0 17025.0 0.0 873
155.91 1096.64 3602.37 -670.98 0.0 16949.0 0.0 873
155.92 1096.14 3610.58 -670.98 0.0 16810.0 0.0 873
155.94 1095.67 3618.31 -670.98 0.0 16745.0 0.0 873
155.96 1095.26 3625.56 -670.98 0.0 16745.0 0.0 873
155.97 1094.86 3633.29 -670.98 0.0 16745.0 0.0 873
155.99 1094.49 3641.03 -670.98 0.0 16745.0 0.0 873
156.01 1094.13 3648.76 -669.29 0.0 16745.0 0.0 873
156.03 1093.8 3656.5 -669.29 0.0 16745.0 0.0 873
156.04 1093.5 3663.75 -669.29 0.0 16745.0 0.0 873
156.06 1093.21 3671.01 -669.29 0.0 16745.0 0.0 873
156.08 1092.91 3678.74 -670.17 0.0 16745.0 0.0 873
156.09 1092.63 3686.0 -671.08 0.0 16745.0 0.0 873
156.11 1092.36 3693.25 -671.94 0.0 16745.0 0.0 873
156.13 1092.09 3700.51 -674.04 0.0 16745.0 0.0 873
156.14 1091.81 3708.25 -675.56 0.0 16745.0 0.0 873
156.16 1091.55 3715.5 -675.01 0.0 16745.0 0.0 873
156.18 1091.29 3722.76 -674.6 0.0 16745.0 0.0 873
156.19 1091.03 3730.01 -674.2 0.0 16745.0 0.0 873
156.21 1090.76 3737.75 -673.77 0.0 16745.0 0.0 873
156.23 1090.5 3745.01 -673.36 0.0 16745.0 0.0 873
156.24 1090.25 3752.26 -671.95 0.0 16745.0 0.0 873
156.26 1090.01 3759.04 -671.0 0.0 16745.0 0.0 873
156.28 1089.76 3766.29 -671.0 0.0 16745.0 0.0 873
156.29 1089.51 3773.55 -670.69 0.0 16745.0 0.0 873
156.31 1089.25 3780.8 -670.69 0.0 16745.0 0.0 873
156.33 1089.02 3787.58 -670.69 0.0 16745.0 0.0 873
156.35 1088.75 3795.31 -670.69 0.0 16745.0 0.0 873
156.36 1088.43 3804.5 -670.36 0.0 16745.0 0.0 873
156.38 1088.21 3810.79 -670.36 0.0 16745.0 0.0 873
156.39 1087.96 3818.05 -670.36 0.0 16745.0 0.0 873
156.41 1087.71 3825.3 -670.36 0.0 16745.0 0.0 873
156.43 1087.48 3832.08 -670.36 0.0 16745.0 0.0 873
156.44 1087.23 3839.33 -670.36 0.0 16745.0 0.0 873
156.46 1086.99 3846.1 -670.36 0.0 16745.0 0.0 873
156.47 1086.74 3853.36 -670.77 0.0 16745.0 0.0 873
156.49 1086.51 3860.13 -670.77 0.0 16745.0 0.0 873
156.5 1086.26 3867.39 -670.77 0.0 16745.0 0.0 873
156.52 1086.02 3874.16 -670.77 0.0 16745.0 0.0 873
156.54 1085.77 3881.41 -671.25 0.0 16745.0 0.0 873
156.55 1085.54 3888.19 -671.25 0.0 16745.0 0.0 873
156.57 1085.31 3894.96 -671.25 0.0 16745.0 0.0 873
156.58 1085.05 3902.21 -671.25 0.0 16745.0 0.0 873
156.6 1084.84 3908.5 -671.25 0.0 16745.0 0.0 873
156.61 1084.57 3916.24 -671.25 0.0 16745.0 0.0 873
156.63 1084.35 3922.53 -671.25 0.0 16745.0 0.0 873
156.65 1084.1 3929.79 -671.25 0.0 16745.0 0.0 873
156.66 1083.89 3936.07 -671.25 0.0 16745.0 0.0 873
156.68 1083.63 3943.33 -671.25 0.0 16745.0 0.0 873
156.69 1083.4 3950.1 -670.81 0.0 16745.0 0.0 873
156.71 1083.18 3956.39 -670.81 0.0 16707.0 0.0 873
156.72 1082.95 3963.16 -670.81 0.0 16524.0 0.0 873
156.74 1082.72 3969.93 -670.45 0.0 16263.0 0.0 873
156.75 1082.5 3977.19 -670.45 0.0 16008.0 0.0 873
156.77 1082.36 3983.48 -670.45 0.0 15668.0 0.0 873
156.78 1082.28 3989.77 -670.11 0.0 15363.0 0.0 873
156.8 1082.29 3996.55 -670.11 0.0 15180.0 0.0 873
156.82 1082.43 4003.32 -670.11 0.0 15180.0 0.0 873
156.83 1082.7 4010.58 -670.11 0.0 15180.0 0.0 873
156.85 1083.09 4017.83 -670.11 0.0 15180.0 0.0 873
156.86 1083.6 4025.56 -670.82 0.0 15180.0 0.0 873
156.88 1084.1 4032.31 -670.82 0.0 15180.0 0.0 873
156.9 1084.66 4039.07 -671.4 0.0 15180.0 0.0 873
156.91 1085.35 4046.78 -671.4 0.0 15180.0 0.0 873
156.93 1085.98 4053.53 -672.04 0.0 15180.0 0.0 873
156.95 1086.75 4061.23 -672.04 0.0 15180.0 0.0 873
156.96 1087.43 4067.97 -672.67 0.0 15180.0 0.0 873
156.98 1088.19 4075.19 -672.67 0.0 15180.0 0.0 873
157.0 1089.22 4084.82 -673.54 0.0 15180.0 0.0 873
157.01 1089.9 4091.07 -673.54 0.0 15180.0 0.0 873
157.03 1090.64 4097.81 -674.33 0.0 15180.0 0.0 873
157.05 1091.39 4104.54 -674.73 0.0 15180.0 0.0 873
157.06 1092.2 4111.76 -675.17 0.0 15180.0 0.0 867
157.07 1092.91 4118.01 -675.17 0.0 15180.0 0.0 867
157.09 1093.61 4124.26 -675.92 0.0 15180.0 0.0 867
157.11 1094.33 4130.51 -675.92 0.0 15180.0 0.0 867
157.12 1095.15 4137.73 -676.81 0.0 15180.0 0.0 867
157.14 1095.92 4144.46 -677.41 0.0 15065.0 0.0 867
157.15 1096.86 4152.63 -678.16 0.0 15065.0 0.0 867
157.17 1097.59 4158.88 -678.74 0.0 15065.0 0.0 867
157.18 1098.33 4165.13 -679.32 0.0 15065.0 0.0 867
157.2 1099.14 4171.86 -679.94 0.0 15065.0 0.0 867
157.21 1099.96 4178.58 -680.57 0.0 15027.0 0.0 867
157.23 1100.78 4185.31 -681.19 0.0 14888.0 0.0 867
157.25 1101.74 4193.0 -681.88 0.0 14766.0 0.0 867
157.26 1102.6 4199.72 -682.46 0.0 14653.0 0.0 867
157.28 1103.42 4205.95 -682.9 0.0 14457.0 0.0 867
157.29 1104.43 4213.14 -682.58 0.0 14183.0 0.0 867
157.31 1105.42 4219.85 -682.58 0.0 13909.0 0.0 867
157.32 1106.49 4226.54 -682.26 0.0 13635.0 0.0 867
157.34 1107.66 4233.21 -682.26 0.0 13452.0 0.0 867
157.36 1108.93 4239.87 -681.93 0.0 13269.0 0.0 867
157.37 1110.32 4246.5 -681.93 0.0 13147.0 0.0 867
157.39 1111.82 4253.11 -681.59 0.0 13086.0 0.0 867
157.4 1113.42 4259.69 -681.59 0.0 13086.0 0.0 867
157.42 1115.25 4266.72 -681.23 0.0 13048.0 0.0 867
157.43 1117.16 4273.72 -681.23 0.0 12988.0 0.0 867
157.45 1119.0 4280.24 -682.02 0.0 12924.0 0.0 867
157.47 1121.05 4287.21 -682.46 0.0 12864.0 0.0 867
157.48 1123.01 4293.7 -682.89 0.0 12804.0 0.0 867
157.5 1125.02 4300.17 -683.34 0.0 12744.0 0.0 867
157.51 1127.09 4306.62 -683.79 0.0 12684.0 0.0 867
157.53 1129.19 4313.06 -684.24 0.0 12684.0 0.0 867
157.54 1131.35 4319.48 -684.68 0.0 12684.0 0.0 867
157.56 1133.54 4325.9 -685.12 0.0 12684.0 0.0 867
157.58 1135.92 4332.75 -685.59 0.0 12646.0 0.0 867
157.59 1138.49 4340.06 -685.01 0.0 12543.0 0.0 867
157.61 1141.09 4347.35 -684.54 0.0 12446.0 0.0 867
157.63 1142.55 4354.46 -684.12 0.0 12252.0 0.0 867
157.64 1143.19 4361.7 -683.73 0.0 11928.0 0.0 867
157.66 1143.17 4368.96 -683.36 0.0 11539.0 0.0 867
157.68 1142.65 4376.2 -683.07 0.0 10985.0 0.0 867
157.69 1141.71 4383.88 -683.07 0.0 10470.0 0.0 867
157.71 1140.71 4390.59 -683.07 0.0 9886.0 0.0 867
157.73 1139.53 4397.75 -683.07 0.0 9302.0 0.0 867
157.74 1138.36 4404.92 -682.18 0.0 8642.0 0.0 867
157.76 1137.2 4412.57 -681.32 0.0 7982.0 0.0 867
157.78 1136.21 4420.25 -680.43 0.0 7281.0 0.0 867
157.8 1135.42 4428.44 -679.47 0.0 6802.0 0.0 867
157.81 1135.01 4434.72 -678.63 0.0 6286.0 0.0 867
157.82 1134.81 4441.49 -677.63 0.0 5778.0 0.0 867
157.84 1134.86 4447.79 -676.7 0.0 5231.0 0.0 867
157.86 1135.18 4454.55 -675.68 0.0 4571.0 0.0 867
157.87 1135.92 4462.26 -674.47 0.0 3994.0 0.0 867
157.89 1136.87 4468.97 -673.29 0.0 3402.0 0.0 867
157.9 1138.03 4475.16 -672.19 0.0 2795.0 0.0 864
157.92 1139.61 4481.75 -670.99 0.0 2218.0 0.0 864
157.93 1141.52 4488.25 -669.8 0.0 1641.0 0.0 864
157.95 1143.77 4494.64 -668.6 0.0 1055.0 0.0 864
157.97 1146.56 4501.34 -667.32 0.0 569.0 0.0 864
157.98 1149.48 4507.46 -666.13 0.0 81.0 0.0 864
158.0 1152.97 4513.82 -664.83 0.0 65192.0 0.0 864
158.01 1156.52 4519.6 -663.72 0.0 64737.0 0.0 864
158.03 1160.63 4525.58 -662.42 0.0 64279.0 0.0 864
158.05 1165.04 4531.35 -661.2 0.0 63882.0 0.0 864
158.06 1169.4 4536.53 -660.66 0.0 63512.0 0.0 864
158.08 1175.02 4542.54 -660.12 0.0 63390.0 0.0 864
158.1 1179.84 4547.3 -659.58 0.0 63325.0 0.0 864
158.11 1185.21 4552.19 -659.24 0.0 63455.0 0.0 864
158.13 1190.73 4556.91 -658.95 0.0 63804.0 0.0 864
158.15 1196.74 4561.79 -658.69 0.0 64362.0 0.0 864
158.16 1202.81 4566.6 -658.69 0.0 65064.0 0.0 864
158.18 1208.12 4570.81 -658.23 0.0 435.0 0.0 864
158.19 1212.48 4575.34 -657.84 0.0 1744.0 0.0 864
158.21 1216.69 4581.26 -657.3 0.0 3027.0 0.0 864
158.23 1219.83 4587.26 -656.46 0.0 4401.0 0.0 864
158.24 1222.15 4593.63 -656.1 0.0 5873.0 0.0 864
158.25 1223.65 4600.73 -656.1 0.0 7077.0 0.0 864
158.27 1224.19 4606.51 -656.1 0.0 8229.0 0.0 864
158.28 1224.07 4612.32 -655.82 0.0 9669.0 0.0 864
158.3 1222.9 4619.49 -655.49 0.0 10847.0 0.0 864
158.32 1220.73 4626.41 -655.03 0.0 11702.0 0.0 864
158.33 1217.9 4632.57 -654.52 0.0 12351.0 0.0 864
158.35 1214.65 4637.96 -653.98 0.0 12807.0 0.0 864
158.36 1210.52 4643.33 -646.13 0.0 13111.0 0.0 864
158.37 1205.87 4648.26 -645.84 0.0 13345.0 0.0 864
158.39 1201.57 4652.17 -645.84 0.0 13570.0 0.0 864
158.4 1196.61 4656.04 -645.54 0.0 13752.0 0.0 864
158.42 1191.58 4660.58 -645.54 0.0 13908.0 0.0 864
158.43 1187.46 4664.67 -645.54 0.0 14020.0 0.0 864
158.45 1183.17 4669.28 -645.54 0.0 14161.0 0.0 864
158.46 1179.04 4674.02 -645.54 0.0 14273.0 0.0 864
158.47 1175.02 4678.86 -622.32 0.0 14377.0 0.0 864
158.49 1171.39 4683.4 -622.32 0.0 14481.0 0.0 864
158.5 1167.82 4687.98 -622.32 0.0 14481.0 0.0 864
158.51 1164.29 4692.59 -622.32 0.0 14481.0 0.0 864
158.53 1160.8 4697.23 -622.32 0.0 14481.0 0.0 864
158.54 1157.34 4701.9 -622.32 0.0 14481.0 0.0 864
158.55 1154.19 4706.19 -622.32 0.0 14481.0 0.0 864
158.56 1150.78 4710.89 -622.32 0.0 14481.0 0.0 864
158.58 1147.66 4715.2 -622.32 0.0 14481.0 0.0 864
158.59 1144.28 4719.93 -597.7 0.0 14481.0 0.0 864
158.6 1140.92 4724.66 -597.7 0.0 14519.0 0.0 864
158.61 1137.84 4729.0 -597.7 0.0 14519.0 0.0 864
158.63 1134.77 4733.35 -597.7 0.0 14519.0 0.0 864
158.64 1131.7 4737.71 -597.7 0.0 14519.0 0.0 864
158.65 1128.64 4742.06 -597.7 0.0 14519.0 0.0 864
158.66 1125.59 4746.42 -597.7 0.0 14519.0 0.0 864
158.68 1122.25 4751.18 -597.7 0.0 14519.0 0.0 781
158.69 1119.48 4755.15 -574.53 0.0 14519.0 0.0 781
158.7 1116.16 4759.91 -574.53 0.0 14519.0 0.0 781
158.71 1113.11 4764.28 -574.53 0.0 14595.0 0.0 781
158.73 1110.07 4768.64 -574.53 0.0 14699.0 0.0 781
158.74 1106.74 4773.41 -574.53 0.0 14699.0 0.0 781
158.75 1103.69 4777.77 -574.53 0.0 14699.0 0.0 781
158.76 1100.9 4781.72 -574.53 0.0 14699.0 0.0 781
158.77 1097.83 4786.07 -574.53 0.0 14699.0 0.0 781
158.79 1094.47 4790.81 -574.53 0.0 14699.0 0.0 781
158.8 1091.11 4795.55 -549.67 0.0 14699.0 0.0 781
158.81 1088.03 4799.89 -549.67 0.0 14699.0 0.0 781
158.82 1084.94 4804.23 -549.67 0.0 14699.0 0.0 781
158.83 1081.85 4808.56 -549.67 0.0 14699.0 0.0 781
158.85 1079.03 4812.5 -549.67 0.0 14699.0 0.0 781
158.86 1075.94 4816.83 -549.67 0.0 14699.0 0.0 781
158.87 1073.12 4820.77 -549.67 0.0 14623.0 0.0 781
158.88 1070.02 4825.1 -549.67 0.0 14407.0 0.0 781
158.89 1066.93 4829.43 -526.5 0.0 14119.0 0.0 781
158.91 1063.85 4833.77 -526.5 0.0 13813.0 0.0 781
158.92 1061.07 4837.73 -526.5 0.0 13453.0 0.0 781
158.93 1058.06 4842.13 -526.5 0.0 13086.0 0.0 781
158.94 1054.86 4846.97 -526.5 0.0 12750.0 0.0 781
158.96 1051.99 4851.46 -526.5 0.0 12436.0 0.0 781
158.97 1048.97 4856.42 -526.5 0.0 12148.0 0.0 781
158.98 1046.29 4861.02 -526.5 0.0 11860.0 0.0 781
158.99 1043.48 4866.1 -526.5 0.0 11598.0 0.0 781
159.01 1040.8 4871.25 -526.5 0.0 11231.0 0.0 781
159.02 1038.24 4876.47 -526.15 0.0 10864.0 0.0 781
159.03 1035.82 4881.75 -526.15 0.0 10471.0 0.0 781
159.05 1033.55 4887.09 -526.15 0.0 10087.0 0.0 781
159.06 1031.59 4892.04 -526.15 0.0 9576.0 0.0 781
159.07 1029.47 4897.97 -526.15 0.0 9104.0 0.0 781
159.09 1027.7 4903.5 -526.15 0.0 8606.0 0.0 781
159.1 1026.12 4909.09 -526.15 0.0 8125.0 0.0 781
159.11 1024.85 4914.26 -526.15 0.0 7688.0 0.0 781
159.12 1023.85 4918.99 -526.1 0.0 7164.0 0.0 781
159.14 1022.87 4924.72 -511.37 0.0 6624.0 0.0 781
159.15 1022.1 4930.96 -510.41 0.0 6056.0 0.0 781
159.17 1021.61 4937.24 -508.83 0.0 5602.0 0.0 781
159.18 1021.42 4943.53 -506.55 0.0 5182.0 0.0 781
159.19 1021.5 4949.33 -503.64 0.0 4722.0 0.0 781
159.21 1021.93 4956.1 -499.59 0.0 4324.0 0.0 781
159.22 1022.69 4962.83 -495.37 0.0 3897.0 0.0 781
159.24 1023.67 4969.04 -490.74 0.0 3442.0 0.0 781
159.25 1024.91 4975.21 -486.37 0.0 2969.0 0.0 781
159.27 1026.28 4980.86 -481.21 0.0 2400.0 0.0 781
159.28 1028.04 4986.9 -475.64 0.0 1802.0 0.0 776
159.29 1030.08 4992.85 -469.69 0.0 1176.0 0.0 776
159.31 1032.39 4998.7 -461.87 0.0 335.0 0.0 776
159.33 1035.67 5005.72 -454.62 0.0 65135.0 0.0 776
159.34 1038.89 5011.68 -446.47 0.0 64379.0 0.0 776
159.36 1042.73 5017.84 -437.37 0.0 63573.0 0.0 776
159.38 1047.27 5024.11 -427.91 0.0 62697.0 0.0 776
159.4 1052.25 5030.05 -418.13 0.0 61821.0 0.0 776
159.42 1057.64 5035.6 -406.17 0.0 60822.0 0.0 776
159.44 1064.61 5041.61 -393.25 0.0 59800.0 0.0 776
159.46 1072.5 5047.2 -380.09 0.0 58895.0 0.0 776
159.49 1080.9 5052.02 -365.44 0.0 57883.0 0.0 776
159.51 1090.62 5056.36 -348.73 0.0 56861.0 0.0 776
159.54 1102.16 5060.01 -330.8 0.0 55855.0 0.0 776
159.57 1114.99 5062.48 -312.57 0.0 54792.0 0.0 780
159.61 1128.5 5063.53 -293.13 0.0 53739.0 0.0 780
159.64 1143.49 5062.89 -274.8 0.0 52652.0 0.0 780
159.68 1158.32 5060.58 -256.37 0.0 51758.0 0.0 780
159.71 1174.16 5056.13 -241.02 0.0 50952.0 0.0 780
159.75 1188.58 5050.47 -228.37 0.0 50137.0 0.0 780
159.78 1203.36 5047.9 -218.8 0.0 49502.0 0.0 780
159.81 1217.35 5046.8 -211.53 0.0 49064.0 0.0 780
159.85 1231.86 5046.24 -207.33 0.0 48747.0 0.0 780
159.88 1245.89 5045.85 -206.15 0.0 48550.0 0.0 780
159.91 1260.41 5045.39 -206.15 0.0 48512.0 0.0 780
159.94 1274.43 5044.82 -206.15 0.0 48512.0 0.0 780
159.97 1288.45 5044.14 -206.15 0.0 48512.0 0.0 780
160.0 1301.34 5039.95 -206.15 0.0 48474.0 0.0 780
160.04 1313.27 5033.53 -206.15 0.0 48436.0 0.0 780
160.07 1325.07 5025.07 -206.15 0.0 48321.0 0.0 780
160.1 1335.42 5016.32 -206.15 0.0 48065.0 0.0 780
160.13 1345.61 5006.66 -206.15 0.0 47676.0 0.0 780
160.17 1352.61 4995.54 -174.1 0.0 47388.0 0.0 780
160.2 1350.91 4994.34 -206.1 0.0 47099.0 0.0 780
160.23 1347.65 4992.09 -206.1 0.0 47099.0 0.0 780
160.26 1343.0 4988.94 -206.1 0.0 47252.0 0.0 780
160.29 1336.84 4984.79 -206.1 0.0 47531.0 0.0 780
160.32 1329.2 4979.6 -206.1 0.0 47797.0 0.0 780
160.35 1318.97 4972.44 -206.1 0.0 47797.0 0.0 780
160.38 1307.99 4964.5 -206.1 0.0 47797.0 0.0 780
160.41 1297.47 4956.74 -206.1 0.0 47797.0 0.0 780
160.44 1287.01 4948.91 -206.1 0.0 47797.0 0.0 780
160.47 1276.58 4941.04 -206.1 0.0 47797.0 0.0 780
160.5 1266.94 4933.72 -206.1 0.0 47797.0 0.0 780
160.52 1256.93 4926.09 -206.1 0.0 47797.0 0.0 780
160.55 1247.71 4919.04 -206.1 0.0 47797.0 0.0 780
160.58 1237.71 4911.39 -206.1 0.0 47797.0 0.0 780
160.61 1227.73 4903.73 -206.1 0.0 47797.0 0.0 780
160.64 1217.74 4896.07 -206.1 0.0 47797.0 0.0 780
160.66 1208.53 4889.0 -206.1 0.0 47797.0 0.0 780
160.69 1198.93 4881.63 -206.1 0.0 47797.0 0.0 780
160.72 1189.34 4874.26 -206.1 0.0 48219.0 0.0 780
160.75 1179.74 4866.88 -206.1 0.0 48405.0 0.0 780
160.78 1170.24 4859.39 -206.1 0.0 48443.0 0.0 780
160.8 1160.1 4851.15 -206.1 0.0 48443.0 0.0 780
160.83 1150.43 4843.1 -206.1 0.0 48443.0 0.0 780
160.86 1142.87 4832.44 -206.1 0.0 48443.0 0.0 780
160.89 1137.46 4821.08 -206.1 0.0 48443.0 0.0 780
160.92 1133.45 4809.15 -206.1 0.0 48519.0 0.0 780
160.95 1130.42 4796.94 -206.1 0.0 48760.0 0.0 780
160.98 1128.04 4784.09 -206.1 0.0 49001.0 0.0 780
161.01 1126.29 4771.14 -206.1 0.0 49212.0 0.0 780
161.04 1125.04 4758.13 -206.1 0.0 49327.0 0.0 780
161.07 1124.22 4744.6 -206.1 0.0 49447.0 0.0 780
161.1 1123.76 4731.54 -206.1 0.0 49523.0 0.0 780
161.13 1123.57 4718.47 -206.1 0.0 49738.0 0.0 780
161.16 1123.61 4704.44 -206.1 0.0 49961.0 0.0 934
161.19 1123.94 4689.92 -206.1 0.0 50114.0 0.0 934
161.23 1124.49 4676.38 -206.1 0.0 50329.0 0.0 934
161.26 1125.32 4662.37 -206.1 0.0 50329.0 0.0 934
161.29 1126.46 4647.89 -206.1 0.0 50405.0 0.0 934
161.32 1127.68 4634.4 -206.1 0.0 50405.0 0.0 934
161.35 1129.03 4620.91 -206.1 0.0 50443.0 0.0 934
161.39 1130.54 4606.96 -206.1 0.0 50481.0 0.0 934
161.42 1132.12 4593.01 -206.1 0.0 50481.0 0.0 934
161.45 1133.71 4579.55 -206.1 0.0 50481.0 0.0 934
161.48 1135.35 4566.1 -206.1 0.0 50481.0 0.0 934
161.51 1133.29 4552.22 -206.1 0.0 50481.0 0.0 934
161.54 1129.03 4539.35 -206.1 0.0 50481.0 0.0 934
161.57 1123.33 4527.06 -206.1 0.0 50481.0 0.0 934
161.6 1116.44 4514.83 -206.1 0.0 50481.0 0.0 934
161.63 1108.94 4502.96 -206.1 0.0 50481.0 0.0 934
161.67 1104.52 4490.15 -206.1 0.0 50481.0 0.0 934
161.7 1102.14 4476.81 -206.1 0.0 50481.0 0.0 934
161.72 1101.13 4463.78 -206.1 0.0 50481.0 0.0 936
161.75 1100.97 4451.68 -206.1 0.0 50481.0 0.0 936
161.78 1101.36 4439.1 -206.1 0.0 50481.0 0.0 936
161.81 1102.14 4426.54 -206.1 0.0 50481.0 0.0 936
161.84 1103.18 4414.0 -206.1 0.0 50557.0 0.0 936
161.87 1104.45 4401.0 -206.1 0.0 50748.0 0.0 936
161.9 1105.88 4388.01 -206.1 0.0 51078.0 0.0 936
161.93 1107.5 4375.04 -206.1 0.0 51309.0 0.0 936
161.96 1109.29 4362.59 -206.1 0.0 51347.0 0.0 936
161.98 1111.34 4350.17 -206.1 0.0 51347.0 0.0 936
162.01 1115.89 4339.48 -206.1 0.0 51347.0 0.0 936
162.04 1122.88 4329.02 -206.1 0.0 51347.0 0.0 936
162.07 1130.8 4319.87 -206.1 0.0 51385.0 0.0 936
162.09 1139.86 4311.13 -206.1 0.0 51496.0 0.0 936
162.12 1146.93 4301.32 -206.1 0.0 51663.0 0.0 936
162.15 1152.75 4290.71 -206.1 0.0 51816.0 0.0 936
162.18 1157.87 4279.21 -206.1 0.0 52030.0 0.0 936
162.2 1162.07 4268.38 -206.1 0.0 52106.0 0.0 945
162.23 1165.97 4257.44 -206.1 0.0 52222.0 0.0 945
162.26 1169.96 4245.51 -206.1 0.0 52415.0 0.0 945
162.29 1173.85 4233.54 -206.1 0.0 52749.0 0.0 945
162.31 1177.58 4222.03 -206.1 0.0 52998.0 0.0 945
162.34 1181.27 4211.01 -206.1 0.0 53221.0 0.0 945
162.37 1185.27 4199.59 -206.1 0.0 53426.0 0.0 945
162.39 1189.11 4189.14 -206.1 0.0 53464.0 0.0 945
162.42 1193.12 4178.76 -206.1 0.0 53464.0 0.0 945
162.44 1197.07 4168.87 -206.1 0.0 53464.0 0.0 945
162.47 1199.57 4162.64 -206.1 0.0 53464.0 0.0 945
162.49 1201.01 4159.05 -206.1 0.0 53464.0 0.0 945
162.52 1201.83 4156.99 -206.1 0.0 53464.0 0.0 945
162.54 1202.31 4155.79 -206.1 0.0 53464.0 0.0 945
162.57 1202.62 4155.03 -206.1 0.0 53464.0 0.0 945
162.6 1202.79 4154.6 -206.1 0.0 53464.0 0.0 945
162.62 1203.49 4152.97 -206.1 0.0 53464.0 0.0 945
162.65 1204.8 4149.96 -206.1 0.0 53464.0 0.0 945
162.67 1206.58 4145.88 -206.1 0.0 53464.0 0.0 945
162.7 1209.02 4140.31 -209.16 0.0 53464.0 0.0 945
162.73 1211.88 4133.77 -215.7 0.0 53694.0 0.0 945
162.75 1215.62 4125.25 -215.7 0.0 54012.0 0.0 945
162.78 1219.2 4117.07 -216.03 0.0 54491.0 0.0 945
162.81 1221.85 4108.55 -217.08 0.0 54951.0 0.0 945
162.83 1222.2 4100.37 -218.76 0.0 55290.0 0.0 945
162.86 1222.55 4092.53 -221.0 0.0 55391.0 0.0 945
162.88 1222.88 4084.69 -223.84 0.0 55391.0 0.0 945
162.91 1222.88 4077.19 -227.13 0.0 55391.0 0.0 945
162.93 1222.89 4069.35 -231.16 0.0 55391.0 0.0 945
162.95 1222.9 4061.85 -235.58 0.0 55391.0 0.0 945
162.98 1222.91 4054.35 -240.57 0.0 55391.0 0.0 945
163.0 1222.91 4046.85 -246.1 0.0 55391.0 0.0 945
163.03 1222.92 4039.35 -252.2 0.0 55391.0 0.0 945
163.05 1222.93 4031.86 -258.85 0.0 55391.0 0.0 945
163.07 1222.94 4024.7 -265.72 0.0 55391.0 0.0 945
163.1 1222.95 4017.54 -273.09 0.0 55391.0 0.0 945
163.12 1222.95 4010.04 -281.36 0.0 55391.0 0.0 945
163.15 1222.96 4002.54 -290.19 0.0 55391.0 0.0 945
163.17 1222.97 3995.38 -299.13 0.0 55391.0 0.0 885
163.19 1222.98 3988.23 -308.58 0.0 55391.0 0.0 885
163.21 1222.98 3981.07 -318.54 0.0 55391.0 0.0 885
163.23 1222.99 3974.93 -327.48 0.0 55391.0 0.0 885
163.25 1223.0 3969.14 -336.26 0.0 55391.0 0.0 885
163.27 1223.08 3962.89 -345.92 0.0 55391.0 0.0 885
163.29 1223.31 3956.77 -355.39 0.0 55391.0 0.0 885
163.31 1223.67 3950.44 -365.19 0.0 55276.0 0.0 885
163.32 1224.18 3943.91 -375.32 0.0 54994.0 0.0 885
163.34 1224.79 3937.57 -385.16 0.0 54535.0 0.0 885
163.36 1225.52 3931.05 -395.3 0.0 53935.0 0.0 885
163.38 1226.36 3924.33 -405.73 0.0 53273.0 0.0 885
163.39 1227.24 3917.86 -415.77 0.0 52447.0 0.0 885
163.41 1228.34 3910.31 -427.47 0.0 51670.0 0.0 885
163.43 1229.45 3902.99 -438.78 0.0 50975.0 0.0 885
163.44 1230.47 3895.94 -449.65 0.0 50346.0 0.0 873
163.46 1231.39 3888.73 -460.78 0.0 49684.0 0.0 873
163.48 1232.19 3881.43 -472.17 0.0 49088.0 0.0 873
163.49 1232.84 3874.12 -483.81 0.0 48452.0 0.0 873
163.51 1233.38 3866.31 -496.52 0.0 47958.0 0.0 873
163.53 1233.75 3858.48 -509.53 0.0 47618.0 0.0 873
163.55 1233.92 3851.63 -521.15 0.0 47356.0 0.0 873
163.57 1233.96 3843.31 -535.56 0.0 47118.0 0.0 873
163.58 1233.77 3834.49 -551.18 0.0 46977.0 0.0 873
163.6 1233.42 3826.66 -565.38 0.0 46907.0 0.0 873
163.62 1232.88 3818.84 -579.87 0.0 46907.0 0.0 873
163.64 1232.13 3810.55 -595.59 0.0 46907.0 0.0 873
163.66 1231.29 3803.25 -609.74 0.0 46907.0 0.0 873
163.67 1230.17 3794.99 -626.09 0.0 46907.0 0.0 873
163.69 1228.86 3786.76 -642.76 0.0 46907.0 0.0 873
163.71 1227.46 3779.05 -658.77 0.0 46983.0 0.0 873
163.73 1225.63 3771.55 -664.99 0.0 47053.0 0.0 873
163.74 1222.56 3764.44 -664.99 0.0 47158.0 0.0 873
163.76 1218.68 3757.73 -665.77 0.0 47196.0 0.0 873
163.78 1213.57 3750.68 -666.84 0.0 47271.0 0.0 873
163.8 1208.26 3744.39 -667.89 0.0 47383.0 0.0 873
163.82 1203.68 3737.55 -668.94 0.0 47459.0 0.0 873
163.84 1199.55 3729.89 -670.04 0.0 47571.0 0.0 873
163.86 1196.17 3722.39 -670.87 0.0 47721.0 0.0 873
163.88 1193.23 3714.7 -671.3 0.0 47721.0 0.0 873
163.9 1190.68 3706.88 -671.3 0.0 47721.0 0.0 873
163.92 1188.44 3698.96 -671.95 0.0 47759.0 0.0 873
163.93 1186.43 3690.98 -672.23 0.0 47830.0 0.0 873
163.95 1184.62 3682.96 -671.34 0.0 47936.0 0.0 873
163.97 1182.8 3673.94 -670.47 0.0 48164.0 0.0 873
163.99 1181.24 3665.37 -670.47 0.0 48271.0 0.0 873
164.02 1179.92 3657.25 -670.19 0.0 48397.0 0.0 873
164.03 1178.55 3647.67 -670.19 0.0 48540.0 0.0 873
164.05 1177.51 3639.5 -670.19 0.0 48616.0 0.0 873
164.07 1176.54 3630.85 -669.81 0.0 48687.0 0.0 873
164.09 1175.73 3622.66 -669.81 0.0 48763.0 0.0 873
164.11 1174.98 3613.98 -669.81 0.0 48906.0 0.0 873
164.13 1174.36 3605.77 -669.81 0.0 49032.0 0.0 873
164.16 1173.76 3596.11 -669.81 0.0 49070.0 0.0 873
164.18 1173.24 3585.48 -669.81 0.0 49070.0 0.0 886
164.21 1172.86 3575.32 -669.81 0.0 49108.0 0.0 886
164.23 1172.53 3564.19 -671.35 0.0 49108.0 0.0 886
164.26 1172.28 3552.58 -671.35 0.0 49108.0 0.0 886
164.28 1172.09 3541.45 -671.35 0.0 49108.0 0.0 886
164.3 1171.96 3531.29 -671.79 0.0 49108.0 0.0 886
164.33 1171.84 3521.12 -671.79 0.0 49070.0 0.0 886
164.35 1171.75 3511.44 -671.79 0.0 48887.0 0.0 886
164.37 1171.66 3500.8 -671.79 0.0 48624.0 0.0 886
164.39 1171.52 3490.63 -671.79 0.0 48624.0 0.0 886
164.42 1171.3 3480.96 -672.28 0.0 48624.0 0.0 886
164.44 1171.01 3471.28 -672.28 0.0 48624.0 0.0 886
164.46 1170.68 3461.61 -672.28 0.0 48624.0 0.0 886
164.48 1170.3 3451.93 -672.28 0.0 48624.0 0.0 886
164.51 1169.91 3442.74 -672.28 0.0 48624.0 0.0 886
164.53 1167.25 3432.43 -672.76 0.0 48624.0 0.0 886
164.55 1164.0 3424.35 -672.76 0.0 48624.0 0.0 886
164.57 1159.39 3415.84 -672.76 0.0 48624.0 0.0 886
164.59 1154.37 3408.14 -672.76 0.0 48624.0 0.0 886
164.61 1148.88 3400.76 -672.76 0.0 48624.0 0.0 886
164.63 1142.73 3393.28 -673.1 0.0 48624.0 0.0 886
164.65 1136.3 3386.04 -673.1 0.0 48624.0 0.0 886
164.68 1130.02 3379.33 -673.1 0.0 48624.0 0.0 886
164.7 1124.71 3371.24 -673.1 0.0 48624.0 0.0 886
164.72 1120.66 3362.98 -673.1 0.0 48624.0 0.0 886
164.74 1117.43 3354.37 -673.1 0.0 48624.0 0.0 886
164.76 1114.85 3345.54 -673.1 0.0 48624.0 0.0 886
164.78 1112.68 3336.11 -673.1 0.0 48624.0 0.0 886
164.8 1111.07 3327.55 -673.1 0.0 48624.0 0.0 886
164.82 1109.6 3317.98 -673.1 0.0 48624.0 0.0 886
164.84 1108.43 3308.86 -673.1 0.0 48624.0 0.0 886
164.87 1107.43 3299.72 -673.1 0.0 48624.0 0.0 886
164.89 1106.52 3290.08 -673.1 0.0 48777.0 0.0 886
164.91 1105.76 3280.92 -673.1 0.0 48853.0 0.0 886
164.93 1105.06 3271.26 -673.1 0.0 48929.0 0.0 886
164.95 1104.5 3262.08 -673.1 0.0 49005.0 0.0 886
164.97 1103.98 3251.93 -673.1 0.0 49124.0 0.0 886
165.0 1103.6 3242.74 -673.1 0.0 49124.0 0.0 886
165.02 1103.3 3233.55 -673.1 0.0 49200.0 0.0 883
165.04 1103.06 3223.87 -673.1 0.0 49200.0 0.0 883
165.06 1102.89 3214.68 -673.1 0.0 49200.0 0.0 883
165.08 1102.77 3205.0 -673.1 0.0 49200.0 0.0 883
165.1 1102.7 3195.32 -673.1 0.0 49238.0 0.0 883
165.13 1102.65 3186.13 -673.1 0.0 49363.0 0.0 883
165.15 1102.64 3176.45 -673.1 0.0 49592.0 0.0 883
165.17 1102.68 3165.8 -673.1 0.0 49825.0 0.0 883
165.2 1102.83 3155.63 -673.1 0.0 50175.0 0.0 883
165.22 1103.11 3145.47 -673.1 0.0 50592.0 0.0 883
165.24 1103.55 3135.8 -673.1 0.0 51118.0 0.0 883
165.26 1104.25 3125.67 -673.1 0.0 51600.0 0.0 883
165.29 1103.22 3115.55 -673.1 0.0 52067.0 0.0 883
165.31 1101.02 3105.63 -673.1 0.0 52587.0 0.0 883
165.34 1097.9 3095.45 -673.1 0.0 53046.0 0.0 883
165.36 1094.34 3085.42 -673.1 0.0 53526.0 0.0 883
165.38 1090.4 3075.0 -673.1 0.0 53954.0 0.0 883
165.41 1086.62 3065.05 -673.1 0.0 54466.0 0.0 883
165.44 1082.78 3054.6 -673.1 0.0 54914.0 0.0 883
165.46 1079.17 3044.07 -673.1 0.0 55465.0 0.0 883
165.48 1075.99 3033.91 -673.1 0.0 56041.0 0.0 883
165.51 1073.04 3023.17 -673.1 0.0 56653.0 0.0 869
165.54 1070.62 3012.8 -673.1 0.0 57388.0 0.0 869
165.56 1068.54 3001.38 -673.1 0.0 58062.0 0.0 869
165.58 1067.16 2990.82 -673.1 0.0 58720.0 0.0 869
165.6 1066.37 2980.68 -673.1 0.0 59416.0 0.0 869
165.63 1066.13 2971.01 -673.1 0.0 60176.0 0.0 869
165.65 1066.48 2960.85 -673.1 0.0 60890.0 0.0 869
165.67 1067.31 2951.69 -673.1 0.0 61351.0 0.0 869
165.69 1068.5 2943.55 -673.1 0.0 61585.0 0.0 860
165.71 1070.35 2934.54 -673.1 0.0 61623.0 0.0 860
165.73 1072.93 2924.71 -673.1 0.0 62198.0 0.0 860
165.75 1075.9 2914.99 -673.1 0.0 62864.0 0.0 860
165.77 1080.08 2907.35 -673.1 0.0 63353.0 0.0 860
165.79 1085.19 2900.89 -673.1 0.0 63667.0 0.0 860
165.81 1091.16 2896.47 -673.1 0.0 63911.0 0.0 860
165.83 1097.74 2893.74 -673.1 0.0 64075.0 0.0 860
165.85 1104.34 2892.47 -673.1 0.0 64140.0 0.0 860
165.86 1111.27 2892.32 -673.1 0.0 64201.0 0.0 860
165.88 1118.04 2893.06 -673.1 0.0 64201.0 0.0 860
165.9 1125.07 2894.6 -673.1 0.0 64201.0 0.0 860
165.92 1132.91 2897.11 -673.1 0.0 64201.0 0.0 860
165.93 1140.53 2900.2 -673.1 0.0 64201.0 0.0 860
165.95 1147.11 2903.27 -673.1 0.0 64201.0 0.0 869
165.97 1153.97 2906.86 -673.1 0.0 64201.0 0.0 869
165.99 1160.7 2910.7 -673.1 0.0 64201.0 0.0 869
166.0 1167.72 2914.99 -673.1 0.0 64201.0 0.0 869
166.02 1173.43 2918.64 -673.1 0.0 64201.0 0.0 869
166.04 1180.67 2923.48 -673.1 0.0 64201.0 0.0 869
166.06 1186.66 2927.59 -673.1 0.0 64201.0 0.0 869
166.07 1193.6 2931.01 -673.1 0.0 64277.0 0.0 869
166.09 1200.9 2933.6 -673.1 0.0 64339.0 0.0 869
166.11 1207.93 2935.42 -673.1 0.0 64409.0 0.0 869
166.13 1216.03 2936.84 -673.1 0.0 64479.0 0.0 869
166.14 1224.21 2937.76 -673.1 0.0 64541.0 0.0 869
166.16 1231.45 2938.28 -673.1 0.0 64611.0 0.0 869
166.18 1239.67 2938.57 -673.1 0.0 64710.0 0.0 869
166.2 1247.42 2938.64 -673.1 0.0 64710.0 0.0 869
166.22 1255.65 2938.56 -673.1 0.0 64786.0 0.0 869
166.24 1263.87 2938.35 -673.1 0.0 64786.0 0.0 869
166.25 1272.09 2938.06 -673.1 0.0 64786.0 0.0 869
166.27 1279.83 2937.73 -673.1 0.0 64786.0 0.0 869
166.29 1288.05 2937.33 -673.1 0.0 64786.0 0.0 869
166.31 1296.27 2936.88 -673.1 0.0 64786.0 0.0 869
166.33 1303.51 2936.46 -673.1 0.0 64786.0 0.0 869
166.35 1312.21 2935.93 -673.1 0.0 64786.0 0.0 869
166.36 1319.94 2935.44 -673.1 0.0 64786.0 0.0 869
166.38 1328.15 2934.91 -673.1 0.0 64786.0 0.0 869
166.4 1336.36 2934.36 -673.1 0.0 64786.0 0.0 869
166.42 1344.08 2933.83 -673.1 0.0 64786.0 0.0 869
166.44 1351.81 2933.3 -673.1 0.0 64786.0 0.0 869
166.46 1360.02 2932.73 -673.1 0.0 64786.0 0.0 869
166.47 1368.23 2932.16 -673.1 0.0 64786.0 0.0 869
166.49 1375.95 2931.61 -673.1 0.0 64786.0 0.0 869
166.51 1383.68 2931.06 -673.1 0.0 64786.0 0.0 869
166.53 1391.4 2930.51 -673.1 0.0 64786.0 0.0 869
166.55 1399.61 2929.93 -673.1 0.0 64786.0 0.0 869
166.56 1408.3 2929.3 -673.1 0.0 64786.0 0.0 869
166.58 1415.54 2928.79 -673.1 0.0 64786.0 0.0 869
166.6 1423.74 2928.2 -673.1 0.0 64786.0 0.0 816
166.62 1431.95 2927.61 -673.1 0.0 64786.0 0.0 816
166.64 1440.64 2926.98 -673.1 0.0 64786.0 0.0 816
166.66 1448.37 2926.42 -673.1 0.0 64786.0 0.0 816
166.67 1456.57 2925.83 -673.1 0.0 64786.0 0.0 816
166.69 1463.81 2925.31 -673.1 0.0 64786.0 0.0 816
166.71 1472.5 2924.68 -673.1 0.0 64786.0 0.0 816
166.73 1481.19 2924.06 -673.1 0.0 64786.0 0.0 816
166.75 1488.43 2923.53 -673.1 0.0 64786.0 0.0 816
166.77 1497.12 2922.91 -673.1 0.0 64786.0 0.0 816
166.79 1504.85 2922.35 -673.1 0.0 64786.0 0.0 816
166.8 1513.05 2921.76 -673.1 0.0 64786.0 0.0 816
166.82 1521.26 2921.16 -673.1 0.0 64786.0 0.0 816
166.84 1529.47 2920.57 -673.1 0.0 64786.0 0.0 816
166.86 1537.19 2920.01 -673.1 0.0 64786.0 0.0 816
166.88 1545.4 2919.42 -673.1 0.0 64786.0 0.0 816
166.9 1554.09 2918.79 -673.1 0.0 64786.0 0.0 816
166.91 1561.81 2918.24 -673.1 0.0 64786.0 0.0 816
166.93 1569.53 2917.68 -673.1 0.0 64824.0 0.0 816
166.95 1577.74 2917.08 -673.1 0.0 64824.0 0.0 816
166.97 1585.47 2916.53 -673.1 0.0 64862.0 0.0 816
166.99 1593.67 2915.95 -673.1 0.0 64862.0 0.0 816
167.01 1602.36 2915.35 -673.1 0.0 64862.0 0.0 816
167.03 1610.09 2914.82 -673.1 0.0 64862.0 0.0 816
167.04 1618.78 2914.23 -673.1 0.0 64862.0 0.0 816
167.06 1626.99 2913.68 -673.1 0.0 64862.0 0.0 816
167.08 1635.68 2913.1 -673.1 0.0 64862.0 0.0 816
167.1 1644.38 2912.53 -673.1 0.0 64862.0 0.0 816
167.12 1652.59 2911.99 -673.1 0.0 64862.0 0.0 816
167.14 1661.76 2911.38 -673.1 0.0 64862.0 0.0 816
167.16 1669.97 2910.85 -673.1 0.0 64862.0 0.0 816
167.18 1678.67 2910.28 -673.1 0.0 64862.0 0.0 816
167.2 1687.36 2909.71 -673.1 0.0 64862.0 0.0 816
167.22 1696.05 2909.14 -673.1 0.0 64862.0 0.0 816
167.24 1705.71 2908.51 -673.1 0.0 64862.0 0.0 816
167.26 1713.92 2907.98 -673.1 0.0 64862.0 0.0 816
167.28 1722.62 2907.42 -673.1 0.0 64938.0 0.0 816
167.3 1731.31 2906.85 -673.1 0.0 65003.0 0.0 816
167.32 1739.04 2906.36 -673.1 0.0 65077.0 0.0 816
167.34 1747.74 2905.83 -673.1 0.0 65151.0 0.0 816
167.36 1756.43 2905.34 -673.1 0.0 65151.0 0.0 816
167.38 1764.65 2904.91 -673.1 0.0 65151.0 0.0 816
167.4 1774.32 2904.43 -673.1 0.0 65151.0 0.0 816
167.42 1783.99 2903.99 -673.1 0.0 65151.0 0.0 816
167.44 1791.73 2903.65 -673.1 0.0 65151.0 0.0 816
167.46 1800.43 2903.28 -673.1 0.0 65151.0 0.0 816
167.48 1808.65 2902.94 -673.1 0.0 65151.0 0.0 816
167.49 1816.39 2902.63 -673.13 0.0 65151.0 0.0 816
167.51 1824.61 2902.3 -673.13 0.0 65151.0 0.0 816
167.53 1832.35 2902.0 -672.82 0.0 65151.0 0.0 816
167.55 1840.09 2901.7 -672.82 0.0 65151.0 0.0 816
167.57 1847.82 2901.4 -672.82 0.0 65151.0 0.0 816
167.58 1856.05 2901.08 -672.82 0.0 65151.0 0.0 816
167.6 1863.79 2900.79 -672.51 0.0 65151.0 0.0 816
167.62 1871.52 2900.5 -672.51 0.0 65151.0 0.0 816
167.64 1878.78 2900.22 -672.51 0.0 65151.0 0.0 816
167.65 1886.52 2899.93 -672.51 0.0 65151.0 0.0 816
167.67 1893.77 2899.66 -672.21 0.0 65151.0 0.0 816
167.69 1901.51 2899.37 -672.21 0.0 65151.0 0.0 816
167.7 1908.77 2899.1 -672.21 0.0 65151.0 0.0 816
167.72 1916.5 2898.81 -672.21 0.0 65113.0 0.0 816
167.74 1923.76 2898.54 -671.92 0.0 65113.0 0.0 816
167.76 1931.5 2898.24 -671.92 0.0 65113.0 0.0 939
167.77 1939.72 2897.93 -671.92 0.0 65113.0 0.0 939
167.79 1946.97 2897.64 -671.92 0.0 65113.0 0.0 939
167.81 1954.23 2897.36 -671.62 0.0 65113.0 0.0 939
167.82 1961.97 2897.05 -671.62 0.0 65113.0 0.0 939
167.84 1968.74 2896.78 -671.62 0.0 65113.0 0.0 939
167.86 1976.47 2896.47 -670.36 0.0 65113.0 0.0 939
167.87 1983.24 2896.2 -670.36 0.0 65113.0 0.0 939
167.89 1990.02 2895.93 -670.36 0.0 65113.0 0.0 939
167.9 1997.27 2895.64 -670.05 0.0 65113.0 0.0 939
167.92 2004.04 2895.36 -670.05 0.0 65113.0 0.0 939
167.93 2010.33 2895.11 -670.05 0.0 65113.0 0.0 939
167.95 2017.58 2894.82 -670.05 0.0 65113.0 0.0 939
167.96 2023.87 2894.56 -670.05 0.0 65113.0 0.0 939
167.98 2031.12 2894.27 -669.76 0.0 65113.0 0.0 939
168.0 2037.89 2893.99 -669.76 0.0 65113.0 0.0 939
168.01 2044.66 2893.72 -669.76 0.0 65113.0 0.0 939
168.03 2051.43 2893.44 -669.76 0.0 65113.0 0.0 939
168.04 2058.2 2893.17 -669.76 0.0 65113.0 0.0 939
168.06 2064.97 2892.89 -669.76 0.0 65113.0 0.0 939
168.07 2072.11 2891.56 -669.76 0.0 65113.0 0.0 939
168.09 2078.59 2889.57 -669.76 0.0 65113.0 0.0 939
168.11 2085.71 2886.53 -670.19 0.0 65113.0 0.0 939
168.13 2092.95 2882.63 -670.19 0.0 65113.0 0.0 939
168.14 2099.51 2878.5 -671.08 0.0 65113.0 0.0 939
168.16 2105.06 2874.62 -671.68 0.0 65113.0 0.0 939
168.17 2110.46 2870.52 -672.21 0.0 65113.0 0.0 939
168.19 2115.72 2866.26 -673.46 0.0 65113.0 0.0 939
168.2 2120.87 2861.85 -674.73 0.0 65113.0 0.0 939
168.22 2125.93 2857.34 -674.35 0.0 65113.0 0.0 939
168.24 2131.25 2852.4 -674.07 0.0 65113.0 0.0 939
168.25 2136.15 2847.73 -673.73 0.0 65113.0 0.0 939
168.27 2141.68 2842.31 -673.35 0.0 65113.0 0.0 939
168.29 2146.82 2837.18 -672.99 0.0 65113.0 0.0 939
168.3 2151.58 2832.35 -672.6 0.0 65113.0 0.0 939
168.32 2156.64 2827.15 -672.16 0.0 65113.0 0.0 939
168.34 2162.01 2821.57 -671.69 0.0 65113.0 0.0 939
168.35 2167.02 2816.32 -671.24 0.0 65496.0 0.0 939
168.37 2172.02 2811.05 -670.87 0.0 520.0 0.0 939
168.39 2177.37 2805.45 -670.48 0.0 1113.0 0.0 939
168.4 2182.81 2799.94 -669.98 0.0 1576.0 0.0 939
168.42 2188.02 2794.88 -669.43 0.0 1938.0 0.0 939
168.44 2194.44 2790.55 -668.87 0.0 2185.0 0.0 939
168.45 2200.97 2787.39 -667.9 0.0 2370.0 0.0 939
168.47 2207.85 2785.05 -667.22 0.0 2567.0 0.0 939
168.49 2215.41 2783.39 -666.52 0.0 2752.0 0.0 939
168.51 2222.61 2782.47 -666.01 0.0 2906.0 0.0 939
168.52 2229.86 2782.08 -666.01 0.0 3136.0 0.0 939
168.54 2237.6 2782.2 -666.01 0.0 3333.0 0.0 939
168.56 2245.33 2782.76 -666.51 0.0 3497.0 0.0 939
168.58 2253.01 2783.72 -666.94 0.0 3661.0 0.0 939
168.59 2260.65 2785.01 -667.43 0.0 3792.0 0.0 939
168.61 2268.23 2786.58 -667.98 0.0 3956.0 0.0 939
168.63 2275.76 2788.4 -668.58 0.0 4120.0 0.0 939
168.65 2283.23 2790.44 -669.2 0.0 4284.0 0.0 939
168.66 2290.64 2792.68 -669.68 0.0 4481.0 0.0 939
168.68 2298.0 2795.09 -670.28 0.0 4666.0 0.0 939
168.7 2304.85 2797.51 -671.06 0.0 4867.0 0.0 939
168.71 2311.19 2799.89 -671.83 0.0 5068.0 0.0 929
168.73 2317.49 2802.39 -672.6 0.0 5241.0 0.0 929
168.74 2323.74 2805.01 -673.39 0.0 5348.0 0.0 929
168.76 2329.49 2807.55 -674.12 0.0 5487.0 0.0 929
168.77 2335.64 2810.4 -674.92 0.0 5598.0 0.0 929
168.78 2341.74 2813.34 -675.72 0.0 5598.0 0.0 929
168.8 2346.94 2815.94 -676.41 0.0 5636.0 0.0 929
168.82 2353.39 2819.28 -677.27 0.0 5688.0 0.0 929
168.83 2358.94 2822.23 -678.03 0.0 5744.0 0.0 929
168.85 2364.89 2825.47 -678.54 0.0 5744.0 0.0 929
168.86 2370.39 2828.53 -678.99 0.0 5744.0 0.0 929
168.88 2376.29 2831.87 -679.49 0.0 5744.0 0.0 929
168.89 2382.16 2835.25 -679.99 0.0 5744.0 0.0 929
168.91 2387.6 2838.41 -680.46 0.0 5744.0 0.0 929
168.92 2393.44 2841.84 -680.96 0.0 5744.0 0.0 929
168.94 2399.28 2845.29 -681.47 0.0 5744.0 0.0 929
168.95 2405.1 2848.76 -681.98 0.0 5744.0 0.0 929
168.97 2410.91 2852.25 -682.48 0.0 5744.0 0.0 929
168.98 2416.71 2855.74 -682.48 0.0 5553.0 0.0 929
169.0 2422.93 2859.5 -682.93 0.0 5250.0 0.0 929
169.02 2429.15 2863.24 -682.93 0.0 4894.0 0.0 929
169.04 2435.82 2867.18 -682.93 0.0 4571.0 0.0 929
169.05 2442.53 2871.03 -682.93 0.0 4312.0 0.0 929
169.07 2449.32 2874.76 -682.93 0.0 3924.0 0.0 929
169.09 2456.17 2878.37 -682.6 0.0 3439.0 0.0 929
169.11 2463.1 2881.82 -682.6 0.0 2717.0 0.0 929
169.12 2470.57 2885.28 -682.34 0.0 1989.0 0.0 929
169.14 2477.25 2888.11 -682.34 0.0 1147.0 0.0 929
169.16 2484.51 2890.82 -682.04 0.0 449.0 0.0 929
169.17 2491.42 2893.03 -682.04 0.0 65290.0 0.0 929
169.19 2498.44 2894.88 -682.04 0.0 64726.0 0.0 929
169.21 2505.08 2896.27 -682.04 0.0 64133.0 0.0 929
169.22 2511.77 2897.32 -682.04 0.0 63710.0 0.0 929
169.24 2518.99 2898.05 -682.04 0.0 63428.0 0.0 929
169.25 2525.76 2898.39 -682.04 0.0 62672.0 0.0 929
169.27 2533.02 2898.4 -682.04 0.0 61938.0 0.0 929
169.28 2539.79 2898.07 -682.04 0.0 61204.0 0.0 929
169.3 2546.53 2897.38 -682.04 0.0 60539.0 0.0 929
169.32 2553.69 2896.21 -682.04 0.0 60059.0 0.0 929
169.33 2560.31 2894.73 -682.04 0.0 59511.0 0.0 929
169.35 2568.2 2892.41 -682.04 0.0 58997.0 0.0 929
169.37 2575.94 2889.6 -682.04 0.0 58574.0 0.0 929
169.39 2582.18 2886.97 -682.04 0.0 58155.0 0.0 929
169.4 2589.14 2883.57 -681.66 0.0 57874.0 0.0 929
169.42 2595.09 2880.32 -681.66 0.0 57573.0 0.0 929
169.43 2601.29 2876.56 -681.34 0.0 57405.0 0.0 929
169.45 2606.94 2872.82 -681.34 0.0 57315.0 0.0 929
169.47 2612.84 2868.59 -680.98 0.0 57203.0 0.0 929
169.48 2618.22 2864.47 -680.98 0.0 57203.0 0.0 929
169.5 2623.87 2859.9 -680.68 0.0 57127.0 0.0 929
169.51 2629.04 2855.52 -680.68 0.0 57005.0 0.0 929
169.53 2635.13 2851.57 -680.68 0.0 56891.0 0.0 929
169.54 2641.14 2848.45 -680.38 0.0 56679.0 0.0 929
169.56 2646.92 2845.96 -680.38 0.0 56374.0 0.0 929
169.57 2653.76 2843.53 -680.38 0.0 56109.0 0.0 929
169.59 2659.77 2841.68 -680.38 0.0 55743.0 0.0 913
169.61 2666.78 2839.78 -680.38 0.0 55430.0 0.0 913
169.62 2673.36 2838.14 -680.38 0.0 55088.0 0.0 913
169.64 2679.95 2836.58 -681.01 0.0 54599.0 0.0 913
169.66 2687.02 2834.92 -681.01 0.0 54141.0 0.0 913
169.67 2694.08 2833.22 -680.75 0.0 53587.0 0.0 913
169.69 2701.58 2831.3 -680.75 0.0 52935.0 0.0 913
169.71 2709.03 2829.21 -680.75 0.0 52251.0 0.0 913
169.73 2716.42 2826.89 -680.75 0.0 51632.0 0.0 913
169.74 2723.72 2824.29 -680.47 0.0 51043.0 0.0 913
169.76 2730.77 2820.05 -680.47 0.0 50535.0 0.0 913
169.78 2736.98 2814.65 -680.17 0.0 50209.0 0.0 913
169.8 2742.04 2808.79 -680.17 0.0 49924.0 0.0 913
169.81 2745.89 2803.22 -679.88 0.0 49729.0 0.0 913
169.83 2749.59 2796.41 -679.88 0.0 49556.0 0.0 913
169.85 2752.82 2788.84 -679.88 0.0 49491.0 0.0 913
169.87 2755.32 2781.51 -679.88 0.0 49381.0 0.0 913
169.89 2757.57 2773.1 -679.88 0.0 49381.0 0.0 913
169.91 2759.35 2764.57 -679.88 0.0 49305.0 0.0 913
169.93 2760.78 2755.98 -679.88 0.0 49305.0 0.0 913
169.95 2761.91 2747.34 -679.88 0.0 49267.0 0.0 913
169.97 2762.85 2738.19 -679.88 0.0 49197.0 0.0 913
169.99 2763.52 2729.99 -679.27 0.0 49197.0 0.0 913
170.01 2764.08 2721.3 -670.51 0.0 49197.0 0.0 913
170.03 2764.52 2712.6 -670.51 0.0 49197.0 0.0 913
170.05 2764.86 2704.37 -670.51 0.0 49197.0 0.0 913
170.07 2765.14 2695.67 -670.51 0.0 49197.0 0.0 913
170.09 2765.37 2686.47 -645.49 0.0 49197.0 0.0 913
170.11 2765.56 2677.28 -645.49 0.0 49197.0 0.0 913
170.13 2765.71 2668.08 -645.49 0.0 49197.0 0.0 913
170.15 2765.82 2659.86 -645.49 0.0 49197.0 0.0 913
170.17 2765.92 2651.15 -645.49 0.0 49197.0 0.0 913
170.19 2766.01 2642.43 -622.32 0.0 49197.0 0.0 913
170.21 2766.08 2634.21 -622.32 0.0 49197.0 0.0 913
170.23 2766.15 2625.49 -622.32 0.0 49197.0 0.0 913
170.25 2766.21 2616.3 -622.32 0.0 49197.0 0.0 913
170.27 2766.26 2608.07 -597.7 0.0 49197.0 0.0 913
170.29 2766.31 2599.36 -597.7 0.0 49197.0 0.0 913
170.31 2766.36 2590.65 -597.7 0.0 49197.0 0.0 913
170.32 2766.4 2581.94 -597.7 0.0 49197.0 0.0 948
170.34 2766.45 2573.71 -574.53 0.0 49197.0 0.0 948
170.36 2766.49 2565.0 -574.53 0.0 49197.0 0.0 948
170.38 2766.53 2556.77 -574.53 0.0 49197.0 0.0 948
170.4 2766.57 2547.57 -574.53 0.0 49159.0 0.0 948
170.42 2766.61 2538.38 -574.53 0.0 49159.0 0.0 948
170.44 2766.64 2530.15 -549.67 0.0 49159.0 0.0 948
170.46 2766.66 2521.44 -549.67 0.0 49044.0 0.0 948
170.48 2766.68 2512.24 -549.67 0.0 48752.0 0.0 948
170.5 2766.68 2503.53 -549.67 0.0 48485.0 0.0 948
170.52 2766.6 2494.82 -526.5 0.0 48339.0 0.0 948
170.54 2766.41 2486.11 -526.5 0.0 48202.0 0.0 948
170.56 2766.12 2477.88 -526.5 0.0 48056.0 0.0 948
170.58 2765.71 2469.18 -526.5 0.0 47983.0 0.0 948
170.6 2765.19 2460.48 -526.5 0.0 47945.0 0.0 948
170.62 2764.52 2451.31 -526.5 0.0 47872.0 0.0 948
170.64 2763.79 2442.63 -526.15 0.0 47872.0 0.0 948
170.66 2763.04 2434.44 -526.15 0.0 47796.0 0.0 948
170.68 2762.13 2425.29 -526.15 0.0 47652.0 0.0 948
170.7 2761.21 2416.62 -526.15 0.0 47652.0 0.0 948
170.72 2760.27 2408.45 -526.15 0.0 47652.0 0.0 948
170.74 2759.22 2399.8 -526.15 0.0 47652.0 0.0 948
170.76 2758.12 2391.16 -526.15 0.0 47652.0 0.0 948
170.78 2757.05 2383.0 -526.15 0.0 47652.0 0.0 948
170.8 2755.9 2374.37 -526.15 0.0 47652.0 0.0 948
170.82 2754.72 2365.73 -526.15 0.0 47652.0 0.0 948
170.84 2753.59 2357.58 -526.15 0.0 47652.0 0.0 948
170.86 2752.38 2348.96 -525.14 0.0 47652.0 0.0 948
170.87 2751.24 2340.81 -525.14 0.0 47652.0 0.0 948
170.89 2750.22 2333.62 -525.14 0.0 47652.0 0.0 948
170.9 2749.26 2326.91 -525.14 0.0 47652.0 0.0 948
170.92 2748.24 2319.72 -525.14 0.0 47652.0 0.0 948
170.93 2747.28 2313.02 -525.14 0.0 47652.0 0.0 948
170.95 2746.32 2306.31 -522.98 0.0 47652.0 0.0 948
170.97 2745.28 2299.12 -522.15 0.0 47652.0 0.0 948
170.98 2744.32 2292.42 -522.15 0.0 47652.0 0.0 948
171.0 2743.35 2285.71 -522.15 0.0 47652.0 0.0 948
171.01 2742.39 2279.0 -522.15 0.0 47652.0 0.0 948
171.03 2741.35 2271.82 -522.15 0.0 47652.0 0.0 948
171.05 2740.38 2265.11 -522.15 0.0 47652.0 0.0 948
171.06 2739.34 2257.92 -522.15 0.0 47652.0 0.0 948
171.08 2738.23 2250.26 -522.15 0.0 47576.0 0.0 948
171.1 2737.13 2242.6 -522.15 0.0 47416.0 0.0 948
171.12 2736.01 2234.93 -522.15 0.0 47176.0 0.0 948
171.13 2734.7 2226.32 -522.15 0.0 47056.0 0.0 948
171.15 2733.56 2219.15 -522.15 0.0 46864.0 0.0 948
171.17 2733.47 2211.41 -522.15 0.0 46615.0 0.0 948
171.19 2734.38 2203.23 -522.15 0.0 46375.0 0.0 948
171.2 2735.78 2196.1 -522.15 0.0 45985.0 0.0 948
171.22 2737.62 2189.08 -522.15 0.0 45595.0 0.0 948
171.24 2739.76 2182.14 -522.15 0.0 45287.0 0.0 948
171.25 2741.93 2175.72 -522.15 0.0 44913.0 0.0 948
171.27 2744.71 2167.98 -522.15 0.0 44613.0 0.0 948
171.29 2747.21 2161.16 -522.15 0.0 44325.0 0.0 948
171.31 2749.87 2153.89 -522.15 0.0 44145.0 0.0 865
171.32 2752.33 2147.06 -522.15 0.0 43995.0 0.0 865
171.34 2754.74 2140.21 -522.15 0.0 43891.0 0.0 865
171.35 2756.78 2134.26 -522.15 0.0 43831.0 0.0 865
171.37 2759.06 2127.37 -522.15 0.0 43831.0 0.0 865
171.38 2761.0 2121.38 -522.15 0.0 43831.0 0.0 865
171.4 2763.04 2114.92 -522.15 0.0 43831.0 0.0 865
171.41 2765.18 2107.98 -522.15 0.0 43831.0 0.0 865
171.43 2767.16 2101.5 -522.15 0.0 43831.0 0.0 865
171.44 2769.1 2095.01 -522.15 0.0 43831.0 0.0 865
171.46 2771.03 2088.52 -522.15 0.0 43831.0 0.0 865
171.47 2772.81 2082.48 -522.15 0.0 43831.0 0.0 865
171.49 2774.71 2075.98 -522.15 0.0 43831.0 0.0 865
171.51 2776.6 2069.47 -522.15 0.0 43907.0 0.0 865
171.52 2778.61 2062.49 -522.15 0.0 44067.0 0.0 865
171.53 2779.59 2056.28 -522.15 0.0 44307.0 0.0 865
171.55 2779.91 2049.99 -522.15 0.0 44710.0 0.0 865
171.56 2779.63 2043.22 -522.15 0.0 45137.0 0.0 865
171.58 2778.97 2036.97 -522.15 0.0 45564.0 0.0 865
171.59 2778.01 2030.75 -522.15 0.0 46053.0 0.0 865
171.61 2776.75 2024.09 -522.15 0.0 46587.0 0.0 865
171.62 2775.47 2017.93 -522.15 0.0 47095.0 0.0 865
171.64 2774.14 2011.78 -522.15 0.0 47588.0 0.0 865
171.65 2772.63 2004.68 -522.15 0.0 48015.0 0.0 865
171.67 2771.38 1998.51 -522.15 0.0 48362.0 0.0 865
171.68 2770.23 1992.33 -522.15 0.0 48621.0 0.0 865
171.7 2769.12 1985.64 -522.15 0.0 48851.0 0.0 865
171.71 2768.14 1978.94 -522.15 0.0 48966.0 0.0 865
171.73 2767.31 1972.21 -524.91 0.0 49110.0 0.0 865
171.74 2766.61 1965.47 -524.91 0.0 49190.0 0.0 865
171.76 2766.06 1959.2 -524.91 0.0 49305.0 0.0 865
171.77 2765.58 1952.44 -524.91 0.0 49358.0 0.0 865
171.79 2765.23 1946.16 -524.91 0.0 49411.0 0.0 865
171.81 2764.96 1939.88 -524.91 0.0 49411.0 0.0 865
171.82 2764.72 1931.65 -524.91 0.0 49411.0 0.0 865
171.84 2764.6 1925.36 -526.1 0.0 49449.0 0.0 865
171.85 2764.52 1918.59 -526.1 0.0 49449.0 0.0 865
171.86 2764.49 1912.78 -526.1 0.0 49449.0 0.0 865
171.88 2764.49 1906.97 -526.1 0.0 49449.0 0.0 865
171.89 2764.52 1901.16 -526.1 0.0 49449.0 0.0 865
171.9 2764.56 1895.84 -526.1 0.0 49449.0 0.0 865
171.91 2764.62 1890.03 -526.1 0.0 49449.0 0.0 865
171.93 2764.7 1884.22 -526.1 0.0 49449.0 0.0 865
171.94 2764.79 1878.9 -526.1 0.0 49449.0 0.0 865
171.95 2764.89 1873.09 -526.1 0.0 49449.0 0.0 865
171.96 2765.0 1867.77 -526.1 0.0 49679.0 0.0 865
171.98 2765.11 1862.45 -526.1 0.0 49679.0 0.0 865
171.99 2765.25 1856.64 -526.1 0.0 49679.0 0.0 865
172.0 2765.42 1850.83 -526.1 0.0 49679.0 0.0 865
172.02 2765.6 1845.51 -526.1 0.0 49679.0 0.0 865
172.03 2765.8 1839.71 -526.1 0.0 49679.0 0.0 865
172.04 2766.0 1834.39 -526.1 0.0 49679.0 0.0 865
172.05 2766.21 1829.07 -526.1 0.0 49679.0 0.0 865
172.06 2766.43 1823.75 -526.1 0.0 49679.0 0.0 865
172.08 2766.65 1818.43 -526.1 0.0 49679.0 0.0 865
172.09 2766.86 1813.59 -526.1 0.0 49717.0 0.0 865
172.1 2767.12 1807.79 -526.1 0.0 49763.0 0.0 865
172.11 2767.36 1802.47 -526.1 0.0 49809.0 0.0 865
172.12 2767.61 1797.16 -526.1 0.0 49855.0 0.0 865
172.14 2767.88 1791.84 -526.1 0.0 49897.0 0.0 865
172.15 2768.13 1787.01 -526.1 0.0 49943.0 0.0 865
172.16 2768.42 1781.69 -526.1 0.0 49985.0 0.0 865
172.17 2768.7 1776.86 -526.1 0.0 50027.0 0.0 865
172.18 2768.99 1772.03 -526.1 0.0 50027.0 0.0 865
172.19 2769.3 1767.2 -526.1 0.0 50103.0 0.0 865
172.2 2769.65 1761.88 -526.1 0.0 50134.0 0.0 865
172.21 2769.96 1757.54 -526.1 0.0 50176.0 0.0 865
172.23 2770.31 1752.71 -526.1 0.0 50176.0 0.0 865
172.24 2770.71 1747.4 -526.1 0.0 50252.0 0.0 865
172.25 2771.1 1742.58 -526.1 0.0 50294.0 0.0 892
172.26 2771.5 1737.75 -526.1 0.0 50336.0 0.0 892
172.27 2771.91 1732.93 -526.1 0.0 50373.0 0.0 892
172.28 2772.3 1728.59 -526.1 0.0 50373.0 0.0 892
172.29 2772.75 1723.77 -526.1 0.0 50335.0 0.0 892
172.3 2773.22 1718.96 -526.1 0.0 50293.0 0.0 892
172.31 2773.69 1714.14 -526.1 0.0 50251.0 0.0 892
172.32 2774.18 1709.32 -526.1 0.0 50214.0 0.0 892
172.33 2774.61 1704.99 -526.1 0.0 50168.0 0.0 892
172.35 2775.15 1699.69 -526.1 0.0 50126.0 0.0 892
172.36 2775.63 1694.88 -526.1 0.0 50089.0 0.0 892
172.37 2776.07 1690.54 -526.1 0.0 50047.0 0.0 892
172.38 2776.54 1685.73 -526.1 0.0 50047.0 0.0 892
172.39 2777.01 1680.91 -526.1 0.0 50009.0 0.0 892
172.4 2777.47 1676.09 -526.1 0.0 50009.0 0.0 892
172.41 2777.92 1671.27 -526.1 0.0 49971.0 0.0 892
172.42 2778.4 1665.97 -526.1 0.0 49971.0 0.0 892
172.43 2778.84 1661.15 -526.1 0.0 49933.0 0.0 892
172.44 2779.27 1656.33 -526.1 0.0 49933.0 0.0 892
172.46 2779.68 1651.51 -526.1 0.0 49895.0 0.0 892
172.47 2780.09 1646.68 -526.1 0.0 49895.0 0.0 892
172.48 2780.5 1641.86 -526.1 0.0 49895.0 0.0 892
172.49 2780.89 1637.04 -526.1 0.0 49895.0 0.0 892
172.5 2781.28 1632.21 -526.1 0.0 49895.0 0.0 892
172.51 2781.66 1627.39 -526.1 0.0 49895.0 0.0 892
172.52 2782.04 1622.56 -526.1 0.0 49895.0 0.0 892
172.53 2782.41 1617.74 -526.1 0.0 49895.0 0.0 892
172.55 2782.77 1612.91 -526.1 0.0 49895.0 0.0 892
172.56 2783.21 1607.12 -526.1 0.0 49895.0 0.0 892
172.57 2783.57 1602.29 -526.1 0.0 49895.0 0.0 892
172.58 2783.97 1596.98 -526.1 0.0 49895.0 0.0 892
172.59 2784.36 1591.67 -526.1 0.0 49895.0 0.0 892
172.61 2784.75 1586.36 -526.1 0.0 49895.0 0.0 892
172.62 2785.17 1580.57 -526.1 0.0 49895.0 0.0 892
172.63 2785.59 1574.78 -526.1 0.0 49895.0 0.0 892
172.64 2785.98 1569.47 -526.1 0.0 49895.0 0.0 892
172.66 2786.4 1563.68 -526.1 0.0 49895.0 0.0 892
172.67 2786.78 1558.37 -526.1 0.0 49895.0 0.0 892
172.68 2787.23 1552.09 -526.1 0.0 49895.0 0.0 892
172.7 2787.65 1546.3 -526.1 0.0 49895.0 0.0 892
172.71 2788.1 1540.02 -526.1 0.0 49895.0 0.0 892
172.73 2788.55 1533.74 -526.1 0.0 49895.0 0.0 889
172.75 2789.0 1527.47 -526.1 0.0 49895.0 0.0 889
172.78 2789.65 1518.3 -526.1 0.0 49857.0 0.0 889
