9.9 728.0 -328.0 -209.0 0.0 19624.0 0.0 927
10.06 728.0 -328.0 -206.85 0.0 19624.0 0.0 927
10.09 728.0 -328.0 -206.15 0.0 19624.0 0.0 927
10.12 727.22 -325.58 -206.15 0.0 19624.0 0.0 927
10.16 725.6 -320.52 -206.15 0.0 19624.0 0.0 927
10.19 723.35 -313.5 -206.15 0.0 19624.0 0.0 927
10.22 720.36 -304.21 -206.15 0.0 19624.0 0.0 927
10.26 716.51 -292.21 -206.15 0.0 19624.0 0.0 927
10.3 711.71 -277.26 -206.15 0.0 20007.0 0.0 927
10.33 706.83 -262.05 -206.15 0.0 20232.0 0.0 927
10.36 702.37 -248.74 -206.15 0.0 20308.0 0.0 927
10.39 697.86 -235.96 -206.15 0.0 20308.0 0.0 927
10.42 693.71 -224.6 -206.15 0.0 20308.0 0.0 917
10.44 689.46 -213.26 -206.15 0.0 20308.0 0.0 917
10.47 682.64 -203.27 -206.15 0.0 20308.0 0.0 917
10.5 674.22 -194.58 -206.15 0.0 20308.0 0.0 917
10.52 664.82 -186.96 -206.15 0.0 20308.0 0.0 917
10.55 655.24 -180.4 -206.15 0.0 20308.0 0.0 917
10.58 644.87 -174.16 -206.15 0.0 20308.0 0.0 917
10.61 634.25 -168.35 -206.15 0.0 20308.0 0.0 917
10.63 623.92 -163.06 -206.15 0.0 20232.0 0.0 917
10.66 613.48 -157.96 -206.15 0.0 20232.0 0.0 917
10.68 603.42 -153.18 -206.15 0.0 20117.0 0.0 917
10.71 592.45 -148.08 -206.15 0.0 19962.0 0.0 917
10.74 581.47 -143.0 -206.15 0.0 19768.0 0.0 917
10.77 570.5 -137.89 -206.15 0.0 19692.0 0.0 917
10.79 560.01 -132.91 -206.15 0.0 19506.0 0.0 917
10.82 549.55 -127.85 -206.15 0.0 19353.0 0.0 917
10.85 538.29 -122.24 -206.15 0.0 19167.0 0.0 917
10.87 527.95 -116.94 -206.15 0.0 18895.0 0.0 917
10.9 517.26 -111.27 -206.15 0.0 18612.0 0.0 917
10.93 508.04 -102.71 -206.15 0.0 18254.0 0.0 917
10.96 501.29 -93.86 -206.15 0.0 17918.0 0.0 917
10.98 495.59 -83.73 -206.15 0.0 17668.0 0.0 917
11.01 491.17 -73.52 -206.15 0.0 17454.0 0.0 917
11.03 487.6 -62.98 -206.15 0.0 17378.0 0.0 917
11.06 484.8 -52.7 -206.15 0.0 17235.0 0.0 917
11.08 482.41 -41.83 -206.15 0.0 17159.0 0.0 917
11.1 480.51 -31.35 -206.15 0.0 17057.0 0.0 917
11.13 478.92 -20.82 -206.15 0.0 16878.0 0.0 917
11.15 477.52 -9.78 -206.15 0.0 16731.0 0.0 917
11.18 476.45 0.33 -206.15 0.0 16560.0 0.0 917
11.2 475.55 10.94 -206.15 0.0 16313.0 0.0 925
11.23 474.82 22.05 -206.15 0.0 16043.0 0.0 925
11.25 474.33 32.68 -206.15 0.0 15739.0 0.0 925
11.27 474.07 43.33 -206.15 0.0 15514.0 0.0 925
11.3 474.06 53.49 -206.15 0.0 15293.0 0.0 925
11.32 474.34 65.1 -206.15 0.0 15293.0 0.0 925
11.34 474.71 73.81 -206.15 0.0 15293.0 0.0 925
11.37 475.38 84.92 -206.15 0.0 15293.0 0.0 925
11.39 476.03 94.09 -206.15 0.0 15293.0 0.0 925
11.41 476.93 105.19 -206.15 0.0 15369.0 0.0 925
11.43 477.77 114.83 -206.15 0.0 15369.0 0.0 925
11.46 478.63 124.47 -206.15 0.0 15445.0 0.0 925
11.48 479.51 134.11 -206.15 0.0 15445.0 0.0 925
11.5 480.44 144.23 -206.15 0.0 15445.0 0.0 925
11.52 481.27 153.39 -206.15 0.0 15445.0 0.0 925
11.54 482.11 162.55 -206.15 0.0 15445.0 0.0 925
11.57 482.98 172.19 -206.15 0.0 15598.0 0.0 925
11.59 483.99 183.28 -206.15 0.0 15743.0 0.0 925
11.62 484.86 193.4 -206.15 0.0 15955.0 0.0 925
11.64 485.75 204.5 -206.15 0.0 16090.0 0.0 925
11.67 486.48 215.12 -206.15 0.0 16338.0 0.0 925
11.69 487.12 226.24 -206.15 0.0 16645.0 0.0 930
11.71 487.53 235.42 -206.15 0.0 17199.0 0.0 930
11.73 487.79 245.1 -206.15 0.0 17938.0 0.0 930
11.75 487.8 254.78 -206.15 0.0 18862.0 0.0 930
11.77 487.44 264.45 -206.15 0.0 19784.0 0.0 930
11.8 486.65 273.62 -206.15 0.0 20616.0 0.0 930
11.82 485.25 283.19 -206.15 0.0 21489.0 0.0 930
11.84 483.09 293.13 -206.15 0.0 22043.0 0.0 930
11.86 480.38 302.42 -206.15 0.0 22479.0 0.0 930
11.89 476.88 311.96 -206.15 0.0 22787.0 0.0 930
11.91 473.03 320.84 -206.15 0.0 23029.0 0.0 930
11.93 468.48 329.93 -206.15 0.0 23174.0 0.0 930
11.96 463.52 338.81 -206.15 0.0 23266.0 0.0 930
11.98 458.51 347.08 -206.15 0.0 23266.0 0.0 930
12.0 452.98 355.61 -206.15 0.0 23266.0 0.0 930
12.02 447.82 363.23 -206.15 0.0 23266.0 0.0 930
12.04 441.98 371.54 -206.15 0.0 23266.0 0.0 930
12.07 436.6 379.01 -206.15 0.0 23266.0 0.0 930
12.09 430.88 386.81 -206.15 0.0 23266.0 0.0 930
12.11 425.1 394.58 -206.15 0.0 23266.0 0.0 930
12.13 419.28 402.32 -230.11 0.0 23266.0 0.0 930
12.15 413.44 410.03 -232.38 0.0 23457.0 0.0 930
12.18 407.57 417.73 -232.0 0.0 23764.0 0.0 930
12.2 401.65 425.39 -231.52 0.0 24271.0 0.0 930
12.22 395.64 432.97 -231.02 0.0 24819.0 0.0 930
12.24 389.14 440.79 -254.65 0.0 24819.0 0.0 930
12.26 382.74 448.06 -256.54 0.0 24819.0 0.0 930
12.29 376.52 454.83 -256.09 0.0 24819.0 0.0 930
12.31 369.86 461.85 -255.54 0.0 24819.0 0.0 930
12.33 363.45 468.44 -255.01 0.0 24819.0 0.0 930
12.35 356.98 474.98 -278.64 0.0 24819.0 0.0 930
12.37 349.83 482.2 -271.04 0.0 24819.0 0.0 930
12.4 342.67 489.41 -263.95 0.0 24819.0 0.0 930
12.42 335.16 496.96 -257.06 0.0 24819.0 0.0 930
12.44 327.98 504.16 -251.0 0.0 24819.0 0.0 930
12.46 320.8 511.35 -245.45 0.0 24819.0 0.0 930
12.48 314.3 517.85 -240.87 0.0 24819.0 0.0 930
12.5 308.13 524.01 -236.91 0.0 24819.0 0.0 930
12.52 302.3 529.82 -233.51 0.0 24819.0 0.0 930
12.54 296.13 535.97 -230.28 0.0 24819.0 0.0 930
12.56 289.95 542.11 -227.41 0.0 24819.0 0.0 930
12.58 283.77 548.25 -224.92 0.0 24819.0 0.0 930
12.6 277.93 554.04 -222.91 0.0 24819.0 0.0 932
12.62 272.43 559.49 -221.33 0.0 24819.0 0.0 932
12.64 266.58 565.28 -219.96 0.0 24819.0 0.0 932
12.66 260.38 571.4 -212.92 0.0 24819.0 0.0 932
12.67 254.53 577.19 -206.61 0.0 24819.0 0.0 932
12.69 248.67 582.97 -200.64 0.0 24819.0 0.0 932
12.71 242.82 588.75 -194.99 0.0 24819.0 0.0 932
12.73 236.96 594.53 -189.68 0.0 24819.0 0.0 932
12.75 230.06 601.32 -183.86 0.0 24819.0 0.0 932
12.77 224.88 606.41 -179.79 0.0 24819.0 0.0 932
12.79 219.01 612.18 -175.5 0.0 24819.0 0.0 932
12.81 213.14 617.94 -171.54 0.0 24819.0 0.0 932
12.83 207.27 623.7 -167.91 0.0 24819.0 0.0 932
12.84 201.39 629.47 -164.61 0.0 24819.0 0.0 932
12.86 195.52 635.22 -161.64 0.0 24819.0 0.0 932
12.88 189.64 640.98 -159.01 0.0 24819.0 0.0 932
12.9 184.45 646.06 -156.96 0.0 24819.0 0.0 932
12.92 178.56 651.81 -154.95 0.0 24819.0 0.0 932
12.94 172.68 657.56 -153.27 0.0 24819.0 0.0 932
12.95 166.09 663.98 -151.79 0.0 24819.0 0.0 932
12.97 160.55 669.39 -150.87 0.0 24819.0 0.0 932
12.99 154.66 675.13 -150.21 0.0 24819.0 0.0 932
13.01 149.11 680.54 -149.89 0.0 24819.0 0.0 932
13.03 143.22 686.28 -149.88 0.0 24819.0 0.0 932
13.05 137.32 692.02 -150.19 0.0 24819.0 0.0 932
13.06 131.77 697.42 -150.79 0.0 24819.0 0.0 932
13.08 126.21 702.82 -151.69 0.0 24819.0 0.0 932
13.1 120.31 708.55 -152.96 0.0 24819.0 0.0 932
13.12 114.76 713.95 -154.47 0.0 25279.0 0.0 932
13.14 108.85 719.68 -156.39 0.0 25670.0 0.0 932
13.16 102.94 725.4 -158.64 0.0 26001.0 0.0 932
13.17 97.37 730.78 -161.06 0.0 26392.0 0.0 932
13.19 91.43 736.48 -163.96 0.0 26797.0 0.0 932
13.21 85.82 741.82 -166.99 0.0 27202.0 0.0 932
13.23 80.19 747.13 -170.31 0.0 27570.0 0.0 932
13.24 74.52 752.41 -173.93 0.0 27791.0 0.0 932
13.26 68.82 757.65 -177.84 0.0 27791.0 0.0 932
13.28 63.08 762.85 -182.05 0.0 27791.0 0.0 932
13.3 57.31 768.01 -186.55 0.0 27791.0 0.0 932
13.31 51.86 772.82 -191.03 0.0 27791.0 0.0 932
13.33 45.65 778.21 -196.43 0.0 27791.0 0.0 932
13.35 40.51 782.63 -201.13 0.0 27791.0 0.0 932
13.37 34.6 787.63 -206.77 0.0 27791.0 0.0 932
13.38 28.63 792.57 -207.92 0.0 27791.0 0.0 932
13.4 22.83 796.92 -206.15 0.0 27791.0 0.0 932
13.41 16.88 801.09 -206.15 0.0 27791.0 0.0 932
13.43 10.83 805.1 -206.15 0.0 27791.0 0.0 932
13.45 4.69 808.98 -206.15 0.0 27791.0 0.0 932
13.46 -1.09 812.52 -206.15 0.0 27791.0 0.0 932
13.48 -7.33 816.22 -206.15 0.0 27791.0 0.0 932
13.5 -14.04 820.09 -206.15 0.0 27791.0 0.0 932
13.52 -20.79 823.89 -206.15 0.0 27791.0 0.0 932
13.53 -27.98 827.88 -206.15 0.0 27791.0 0.0 890
13.56 -34.78 831.59 -206.15 0.0 27791.0 0.0 890
13.57 -43.3 836.18 -206.15 0.0 27791.0 0.0 890
13.59 -49.7 839.6 -206.15 0.0 27791.0 0.0 890
13.6 -55.69 842.78 -206.15 0.0 27791.0 0.0 890
13.62 -61.68 845.95 -206.15 0.0 27791.0 0.0 890
13.64 -68.53 849.56 -206.15 0.0 27791.0 0.0 890
13.65 -74.1 852.48 -206.15 0.0 27791.0 0.0 890
13.67 -80.96 856.08 -206.15 0.0 27791.0 0.0 890
13.68 -86.97 859.21 -206.15 0.0 27791.0 0.0 890
13.7 -92.98 862.35 -206.15 0.0 27791.0 0.0 890
13.72 -99.42 865.7 -206.15 0.0 27791.0 0.0 890
13.73 -105.79 867.99 -206.15 0.0 27791.0 0.0 890
13.75 -112.87 869.59 -206.15 0.0 27791.0 0.0 890
13.77 -119.59 870.46 -206.15 0.0 27791.0 0.0 890
13.78 -127.33 870.77 -206.15 0.0 27791.0 0.0 890
13.8 -134.11 870.62 -206.15 0.0 27791.0 0.0 890
13.82 -141.82 869.99 -206.15 0.0 27791.0 0.0 890
13.83 -149.03 869.09 -206.15 0.0 27944.0 0.0 890
13.85 -155.72 868.02 -206.15 0.0 27944.0 0.0 890
13.86 -163.32 866.54 -206.15 0.0 27944.0 0.0 890
13.88 -169.94 865.09 -206.15 0.0 27944.0 0.0 890
13.9 -176.53 863.52 -206.15 0.0 27944.0 0.0 890
13.91 -183.56 861.71 -206.15 0.0 27944.0 0.0 890
13.93 -190.1 859.93 -206.15 0.0 27944.0 0.0 890
13.94 -197.55 857.81 -206.1 0.0 27944.0 0.0 890
13.96 -203.59 856.05 -190.1 0.0 27944.0 0.0 890
13.97 -210.54 853.96 -190.1 0.0 27944.0 0.0 890
13.99 -216.56 852.11 -190.1 0.0 27944.0 0.0 890
14.0 -223.24 850.99 -190.1 0.0 27944.0 0.0 876
14.03 -230.0 850.61 -190.1 0.0 27944.0 0.0 876
14.04 -239.66 851.32 -174.1 0.0 27944.0 0.0 876
14.06 -246.37 852.28 -174.1 0.0 27944.0 0.0 876
14.07 -253.01 853.63 -174.1 0.0 27944.0 0.0 876
14.09 -260.04 855.43 -174.1 0.0 27944.0 0.0 876
14.1 -266.07 857.21 -174.1 0.0 27944.0 0.0 876
14.12 -272.96 859.5 -174.1 0.0 27944.0 0.0 876
14.13 -278.89 861.63 -174.1 0.0 27944.0 0.0 876
14.15 -285.21 864.05 -174.1 0.0 27944.0 0.0 876
14.17 -292.83 867.16 -174.1 0.0 27944.0 0.0 876
14.18 -299.07 869.8 -174.1 0.0 27944.0 0.0 876
14.2 -305.28 872.51 -174.1 0.0 27944.0 0.0 876
14.21 -311.02 875.08 -174.1 0.0 27944.0 0.0 876
14.23 -317.19 877.9 -174.1 0.0 27944.0 0.0 876
14.24 -322.9 880.54 -174.1 0.0 27944.0 0.0 876
14.26 -329.03 883.42 -174.1 0.0 27944.0 0.0 876
14.27 -335.15 886.33 -174.1 0.0 27944.0 0.0 876
14.29 -341.26 889.26 -174.1 0.0 27944.0 0.0 876
14.3 -346.93 891.99 -174.1 0.0 27944.0 0.0 876
14.32 -353.02 894.95 -174.1 0.0 27944.0 0.0 876
14.33 -359.55 898.13 -174.1 0.0 27944.0 0.0 876
14.35 -365.2 900.9 -174.1 0.0 27944.0 0.0 876
14.36 -371.28 903.89 -174.1 0.0 27944.0 0.0 876
14.38 -376.93 906.67 -174.1 0.0 27944.0 0.0 876
14.39 -383.44 909.88 -174.1 0.0 27944.0 0.0 876
14.41 -389.08 912.67 -174.1 0.0 27944.0 0.0 876
14.43 -395.98 914.93 -174.1 0.0 27944.0 0.0 876
14.44 -402.13 916.24 -174.1 0.0 27944.0 0.0 876
14.46 -408.86 917.03 -174.1 0.0 27944.0 0.0 876
14.47 -415.63 917.29 -174.1 0.0 27944.0 0.0 876
14.49 -421.92 917.15 -174.1 0.0 27944.0 0.0 876
14.5 -428.68 916.63 -174.1 0.0 27944.0 0.0 876
14.52 -434.93 915.89 -174.1 0.0 27944.0 0.0 876
14.53 -442.1 914.75 -174.1 0.0 27944.0 0.0 876
14.55 -448.75 913.48 -174.1 0.0 27944.0 0.0 876
14.56 -455.38 912.05 -174.1 0.0 27944.0 0.0 876
14.58 -461.5 910.61 -174.1 0.0 27944.0 0.0 876
14.59 -468.07 908.95 -174.1 0.0 27944.0 0.0 876
14.61 -474.62 907.2 -174.1 0.0 27944.0 0.0 876
14.62 -481.14 905.38 -174.1 0.0 27944.0 0.0 876
14.64 -487.85 904.4 -174.1 0.0 27944.0 0.0 876
14.66 -495.1 904.17 -174.1 0.0 27944.0 0.0 876
14.67 -502.35 904.63 -174.1 0.0 27944.0 0.0 876
14.69 -509.06 905.53 -174.1 0.0 27637.0 0.0 876
14.71 -516.18 906.96 -174.1 0.0 27223.0 0.0 876
14.72 -523.21 908.78 -174.1 0.0 26745.0 0.0 876
14.74 -530.08 912.13 -174.1 0.0 26327.0 0.0 876
14.75 -535.63 915.97 -174.1 0.0 26005.0 0.0 876
14.77 -540.61 920.56 -174.1 0.0 25748.0 0.0 876
14.78 -545.02 925.71 -174.1 0.0 25599.0 0.0 876
14.8 -548.62 930.87 -174.1 0.0 25471.0 0.0 876
14.81 -551.98 936.75 -174.1 0.0 25471.0 0.0 876
14.83 -554.87 942.88 -174.1 0.0 25433.0 0.0 876
14.85 -557.36 949.18 -174.1 0.0 25365.0 0.0 876
14.86 -559.65 956.07 -174.1 0.0 25306.0 0.0 876
14.88 -561.38 962.12 -174.1 0.0 25238.0 0.0 876
14.89 -563.1 969.17 -174.1 0.0 25238.0 0.0 876
14.91 -564.49 975.8 -174.1 0.0 25200.0 0.0 876
14.93 -565.86 983.43 -174.1 0.0 25132.0 0.0 876
14.94 -566.98 990.6 -174.1 0.0 25059.0 0.0 876
14.96 -568.01 998.28 -174.1 0.0 25021.0 0.0 872
14.98 -568.95 1006.45 -174.1 0.0 25021.0 0.0 872
15.0 -570.91 1013.94 -174.1 0.0 25021.0 0.0 882
15.02 -573.71 1021.16 -174.1 0.0 24983.0 0.0 882
15.03 -577.17 1028.09 -174.1 0.0 24983.0 0.0 882
15.05 -581.13 1034.75 -174.1 0.0 24945.0 0.0 882
15.07 -585.18 1040.77 -174.1 0.0 24872.0 0.0 882
15.08 -589.8 1046.99 -174.1 0.0 24726.0 0.0 882
15.1 -594.63 1053.03 -174.1 0.0 24589.0 0.0 882
15.12 -599.31 1058.59 -174.1 0.0 24443.0 0.0 882
15.14 -604.39 1064.43 -174.1 0.0 24370.0 0.0 882
15.15 -609.55 1070.21 -174.1 0.0 24233.0 0.0 882
15.17 -614.42 1075.59 -174.1 0.0 24117.0 0.0 882
15.19 -619.96 1081.67 -174.1 0.0 23980.0 0.0 882
15.21 -624.86 1087.03 -174.1 0.0 23774.0 0.0 882
15.23 -630.71 1093.49 -174.1 0.0 23541.0 0.0 882
15.24 -636.2 1099.61 -174.1 0.0 23285.0 0.0 882
15.26 -641.32 1105.43 -174.1 0.0 23065.0 0.0 882
15.28 -646.36 1111.3 -174.1 0.0 22900.0 0.0 882
15.3 -651.93 1118.0 -174.1 0.0 22823.0 0.0 882
15.32 -657.1 1124.41 -174.1 0.0 22785.0 0.0 882
15.34 -662.17 1130.88 -174.1 0.0 22785.0 0.0 872
15.36 -667.47 1137.8 -174.1 0.0 22785.0 0.0 872
15.37 -672.13 1143.99 -174.1 0.0 22785.0 0.0 872
15.39 -677.03 1150.6 -174.1 0.0 22785.0 0.0 872
15.41 -681.89 1157.23 -174.1 0.0 22709.0 0.0 882
15.43 -686.73 1163.89 -174.1 0.0 22557.0 0.0 882
15.45 -691.54 1170.56 -174.1 0.0 22329.0 0.0 882
15.47 -696.3 1177.28 -174.1 0.0 22007.0 0.0 882
15.49 -701.26 1184.44 -174.1 0.0 21741.0 0.0 882
15.51 -705.85 1191.27 -174.1 0.0 21513.0 0.0 882
15.53 -710.32 1198.17 -174.1 0.0 21361.0 0.0 882
15.55 -714.67 1205.16 -174.1 0.0 21281.0 0.0 882
15.56 -719.13 1212.64 -205.1 0.0 21205.0 0.0 882
15.58 -723.24 1219.77 -205.1 0.0 21205.0 0.0 882
15.6 -727.03 1226.52 -205.1 0.0 21205.0 0.0 882
15.62 -730.97 1233.74 -205.1 0.0 21205.0 0.0 882
15.64 -735.08 1241.43 -205.1 0.0 21205.0 0.0 882
15.66 -738.7 1248.28 -205.1 0.0 21205.0 0.0 882
15.68 -742.5 1255.57 -205.1 0.0 21205.0 0.0 882
15.69 -746.27 1262.88 -206.1 0.0 21205.0 0.0 882
15.71 -749.8 1269.78 -206.1 0.0 21167.0 0.0 882
15.73 -753.54 1277.11 -206.1 0.0 21167.0 0.0 877
15.75 -756.81 1283.59 -206.1 0.0 21129.0 0.0 877
15.76 -760.3 1290.5 -206.1 0.0 21129.0 0.0 877
15.78 -763.76 1297.43 -206.1 0.0 21167.0 0.0 877
15.8 -767.43 1304.79 -206.1 0.0 21205.0 0.0 877
15.82 -771.31 1312.6 -206.1 0.0 21205.0 0.0 877
15.84 -775.18 1320.4 -206.1 0.0 21205.0 0.0 877
15.86 -778.85 1327.76 -206.1 0.0 21205.0 0.0 877
15.88 -782.51 1335.13 -206.1 0.0 21205.0 0.0 877
15.89 -785.96 1342.06 -206.1 0.0 21205.0 0.0 877
15.91 -789.41 1349.0 -206.1 0.0 21205.0 0.0 877
15.93 -792.43 1355.06 -206.1 0.0 21205.0 0.0 877
15.94 -795.67 1361.56 -206.1 0.0 21205.0 0.0 877
15.96 -798.91 1368.06 -206.1 0.0 21205.0 0.0 877
15.98 -802.14 1374.56 -206.1 0.0 21205.0 0.0 877
15.99 -805.38 1381.06 -206.1 0.0 21205.0 0.0 877
16.01 -808.61 1387.56 -206.1 0.0 21205.0 0.0 877
16.03 -812.07 1394.49 -206.1 0.0 21205.0 0.0 877
16.04 -815.09 1400.56 -206.1 0.0 21205.0 0.0 877
16.06 -818.11 1406.62 -206.1 0.0 21205.0 0.0 877
16.07 -821.13 1412.69 -206.1 0.0 21205.0 0.0 877
16.09 -824.36 1419.18 -206.1 0.0 21205.0 0.0 877
16.1 -827.17 1424.82 -206.1 0.0 21205.0 0.0 877
16.12 -830.62 1431.75 -206.1 0.0 21205.0 0.0 877
16.13 -833.64 1437.81 -206.1 0.0 21205.0 0.0 877
16.15 -836.45 1443.45 -206.1 0.0 21205.0 0.0 877
16.16 -839.47 1449.51 -206.1 0.0 21205.0 0.0 877
16.18 -842.27 1455.14 -206.1 0.0 21205.0 0.0 877
16.19 -845.08 1460.78 -206.1 0.0 21205.0 0.0 877
16.21 -848.32 1467.27 -206.1 0.0 21205.0 0.0 877
16.22 -850.91 1472.47 -206.1 0.0 21205.0 0.0 877
16.24 -853.71 1478.1 -206.1 0.0 21205.0 0.0 877
16.25 -856.73 1484.17 -206.1 0.0 21205.0 0.0 877
16.27 -859.54 1489.8 -206.1 0.0 21205.0 0.0 877
16.28 -862.34 1495.43 -206.1 0.0 21435.0 0.0 877
16.3 -865.58 1501.93 -206.1 0.0 21622.0 0.0 877
16.31 -868.62 1507.99 -206.1 0.0 21818.0 0.0 877
16.33 -871.04 1512.73 -206.1 0.0 22119.0 0.0 877
16.34 -874.4 1519.17 -206.1 0.0 22487.0 0.0 877
16.36 -877.84 1525.56 -206.1 0.0 22922.0 0.0 877
16.37 -881.4 1531.89 -206.1 0.0 23421.0 0.0 877
16.39 -884.84 1537.72 -206.1 0.0 23956.0 0.0 891
16.41 -888.7 1543.88 -206.1 0.0 24558.0 0.0 891
16.42 -892.75 1549.9 -206.1 0.0 25089.0 0.0 891
16.44 -896.72 1555.39 -206.1 0.0 25682.0 0.0 891
16.45 -900.9 1560.72 -206.1 0.0 26117.0 0.0 891
16.47 -904.97 1565.52 -206.1 0.0 26407.0 0.0 891
16.48 -909.22 1570.16 -206.1 0.0 26622.0 0.0 891
16.5 -913.99 1574.97 -206.1 0.0 26879.0 0.0 891
16.51 -918.57 1579.29 -206.1 0.0 27050.0 0.0 891
16.53 -923.29 1583.45 -206.1 0.0 27164.0 0.0 891
16.54 -928.12 1587.48 -206.1 0.0 27164.0 0.0 891
16.55 -933.07 1591.37 -206.1 0.0 27164.0 0.0 891
16.57 -938.09 1595.15 -206.1 0.0 27164.0 0.0 891
16.58 -943.19 1598.85 -206.1 0.0 27164.0 0.0 891
16.6 -948.74 1602.73 -206.1 0.0 27164.0 0.0 891
16.61 -953.94 1606.27 -206.1 0.0 27164.0 0.0 891
16.63 -959.18 1609.76 -206.1 0.0 27164.0 0.0 891
16.64 -964.03 1612.95 -206.1 0.0 27164.0 0.0 891
16.65 -969.32 1616.36 -206.1 0.0 27164.0 0.0 891
16.67 -974.63 1619.73 -206.1 0.0 27164.0 0.0 891
16.68 -979.96 1623.08 -206.1 0.0 27164.0 0.0 891
16.7 -984.88 1626.16 -206.1 0.0 27164.0 0.0 891
16.71 -990.23 1629.47 -206.1 0.0 27164.0 0.0 891
16.72 -995.18 1632.52 -206.1 0.0 27088.0 0.0 891
16.74 -1000.55 1635.8 -206.1 0.0 26902.0 0.0 891
16.75 -1005.5 1638.83 -206.1 0.0 26615.0 0.0 891
16.76 -1010.86 1642.12 -206.1 0.0 26323.0 0.0 891
16.78 -1015.79 1645.19 -206.1 0.0 25920.0 0.0 891
16.79 -1021.1 1648.57 -206.1 0.0 25548.0 0.0 891
16.81 -1025.95 1651.76 -206.1 0.0 25145.0 0.0 891
16.82 -1031.14 1655.32 -206.1 0.0 24800.0 0.0 891
16.83 -1036.26 1658.99 -206.1 0.0 24282.0 0.0 891
16.85 -1041.28 1662.78 -206.1 0.0 23793.0 0.0 891
16.86 -1046.19 1666.71 -206.1 0.0 23333.0 0.0 891
16.88 -1050.98 1670.79 -206.1 0.0 22806.0 0.0 891
16.89 -1055.98 1675.37 -206.1 0.0 22381.0 0.0 891
16.91 -1060.12 1679.43 -206.1 0.0 21956.0 0.0 891
16.92 -1064.13 1683.64 -206.1 0.0 21496.0 0.0 891
16.93 -1068.29 1688.36 -206.1 0.0 21000.0 0.0 891
16.95 -1072.55 1693.63 -206.1 0.0 20511.0 0.0 891
16.96 -1076.31 1698.67 -206.1 0.0 19953.0 0.0 891
16.98 -1080.11 1704.28 -206.1 0.0 19457.0 0.0 891
17.0 -1083.66 1710.06 -206.1 0.0 18899.0 0.0 891
17.01 -1087.72 1715.48 -206.1 0.0 18368.0 0.0 891
17.03 -1092.5 1720.95 -206.1 0.0 17872.0 0.0 891
17.04 -1097.18 1725.84 -206.1 0.0 17345.0 0.0 891
17.06 -1102.02 1730.59 -206.1 0.0 16743.0 0.0 891
17.07 -1107.63 1735.93 -206.1 0.0 16283.0 0.0 891
17.09 -1112.2 1740.25 -206.1 0.0 15880.0 0.0 891
17.1 -1116.74 1744.61 -206.1 0.0 15535.0 0.0 891
17.12 -1121.23 1749.02 -206.1 0.0 15101.0 0.0 891
17.14 -1125.98 1753.84 -206.1 0.0 14605.0 0.0 891
17.15 -1131.28 1759.49 -206.1 0.0 14231.0 0.0 891
17.17 -1135.48 1764.18 -206.1 0.0 13921.0 0.0 891
17.18 -1139.86 1769.35 -206.1 0.0 13576.0 0.0 891
17.2 -1143.8 1774.25 -206.1 0.0 13244.0 0.0 891
17.21 -1148.17 1780.05 -206.1 0.0 12965.0 0.0 891
17.23 -1152.09 1785.58 -206.1 0.0 12633.0 0.0 891
17.24 -1156.1 1791.63 -206.1 0.0 12335.0 0.0 891
17.26 -1159.93 1797.8 -206.1 0.0 12052.0 0.0 891
17.28 -1163.79 1804.51 -206.1 0.0 11804.0 0.0 891
17.3 -1167.01 1810.47 -206.1 0.0 11379.0 0.0 891
17.31 -1170.48 1817.4 -206.1 0.0 11014.0 0.0 793
17.33 -1173.53 1823.98 -206.1 0.0 10554.0 0.0 793
17.35 -1176.54 1831.12 -206.1 0.0 10094.0 0.0 793
17.36 -1179.3 1838.35 -206.1 0.0 9663.0 0.0 793
17.38 -1181.65 1845.22 -206.1 0.0 9238.0 0.0 793
17.4 -1183.86 1852.64 -206.1 0.0 8849.0 0.0 793
17.42 -1185.79 1860.14 -206.1 0.0 8495.0 0.0 793
17.43 -1187.42 1867.71 -206.1 0.0 8197.0 0.0 793
17.45 -1188.7 1874.86 -206.1 0.0 7859.0 0.0 793
17.47 -1189.84 1883.01 -206.1 0.0 7527.0 0.0 793
17.48 -1190.61 1890.23 -206.1 0.0 7195.0 0.0 793
17.5 -1191.13 1897.47 -206.1 0.0 6770.0 0.0 793
17.52 -1191.43 1905.21 -206.1 0.0 6339.0 0.0 793
17.54 -1191.46 1912.47 -206.1 0.0 6001.0 0.0 793
17.55 -1191.17 1920.69 -206.1 0.0 5802.0 0.0 793
17.57 -1190.67 1927.93 -206.1 0.0 5660.0 0.0 793
17.59 -1189.82 1936.12 -206.1 0.0 5527.0 0.0 793
17.61 -1188.79 1943.79 -206.1 0.0 5394.0 0.0 793
17.63 -1187.58 1951.44 -206.1 0.0 5328.0 0.0 793
17.64 -1186.19 1959.06 -206.1 0.0 5266.0 0.0 793
17.66 -1184.75 1966.18 -206.1 0.0 5166.0 0.0 793
17.68 -1183.1 1973.74 -206.1 0.0 5024.0 0.0 793
17.69 -1179.95 1981.34 -206.1 0.0 4930.0 0.0 793
17.71 -1176.33 1987.64 -206.1 0.0 4797.0 0.0 793
17.73 -1171.72 1993.86 -206.1 0.0 4691.0 0.0 793
17.75 -1166.18 1999.94 -206.1 0.0 4549.0 0.0 793
17.77 -1160.16 2005.55 -206.1 0.0 4549.0 0.0 793
17.79 -1154.17 2010.45 -206.1 0.0 4473.0 0.0 793
17.8 -1147.93 2015.04 -206.1 0.0 4339.0 0.0 793
17.82 -1141.5 2019.37 -206.1 0.0 4339.0 0.0 793
17.84 -1134.93 2023.45 -206.1 0.0 4339.0 0.0 793
17.86 -1128.23 2027.35 -206.1 0.0 4454.0 0.0 793
17.87 -1121.02 2031.32 -206.1 0.0 4521.0 0.0 793
17.89 -1114.18 2034.94 -206.1 0.0 4521.0 0.0 793
17.91 -1106.87 2038.71 -206.1 0.0 4521.0 0.0 793
17.93 -1099.95 2042.19 -206.1 0.0 4521.0 0.0 793
17.95 -1093.01 2045.63 -206.1 0.0 4521.0 0.0 793
17.97 -1086.05 2049.03 -206.1 0.0 4521.0 0.0 793
17.98 -1078.21 2052.82 -206.1 0.0 4521.0 0.0 793
18.0 -1070.79 2056.37 -206.1 0.0 4521.0 0.0 793
18.02 -1063.79 2059.69 -206.1 0.0 4521.0 0.0 792
18.04 -1055.91 2063.41 -206.1 0.0 4521.0 0.0 792
18.06 -1048.47 2066.91 -206.1 0.0 4521.0 0.0 792
18.08 -1041.89 2069.99 -206.1 0.0 4521.0 0.0 792
18.1 -1034.44 2073.47 -206.1 0.0 4521.0 0.0 792
18.12 -1026.54 2077.16 -206.1 0.0 4521.0 0.0 792
18.14 -1017.33 2081.44 -206.1 0.0 4521.0 0.0 792
18.16 -1008.99 2085.32 -206.1 0.0 4521.0 0.0 792
18.18 -1000.21 2089.4 -206.1 0.0 4674.0 0.0 792
18.2 -992.3 2093.06 -206.1 0.0 4674.0 0.0 792
18.22 -984.85 2096.55 -206.1 0.0 4674.0 0.0 792
18.23 -977.84 2099.84 -206.1 0.0 4674.0 0.0 792
18.26 -970.84 2103.15 -206.1 0.0 4674.0 0.0 792
18.27 -962.53 2107.09 -206.1 0.0 4674.0 0.0 792
18.29 -955.97 2110.2 -206.1 0.0 4674.0 0.0 792
18.31 -949.42 2113.33 -206.1 0.0 4674.0 0.0 792
18.32 -941.99 2116.87 -206.1 0.0 4674.0 0.0 792
18.34 -935.44 2120.0 -206.1 0.0 4712.0 0.0 792
18.36 -928.46 2123.34 -206.1 0.0 4712.0 0.0 792
18.38 -921.48 2126.69 -206.1 0.0 4712.0 0.0 792
18.39 -914.5 2130.05 -206.1 0.0 4712.0 0.0 792
18.41 -907.96 2133.2 -206.1 0.0 4712.0 0.0 792
18.43 -900.98 2136.57 -206.1 0.0 4712.0 0.0 792
18.45 -893.57 2140.15 -206.1 0.0 4712.0 0.0 792
18.47 -886.6 2143.52 -206.1 0.0 4712.0 0.0 792
18.48 -879.2 2147.1 -206.1 0.0 4712.0 0.0 792
18.5 -871.79 2150.69 -206.1 0.0 4712.0 0.0 792
18.52 -865.42 2155.09 -206.1 0.0 4712.0 0.0 792
18.54 -859.33 2160.63 -206.1 0.0 4712.0 0.0 792
18.56 -853.87 2166.78 -206.1 0.0 4712.0 0.0 792
18.58 -849.21 2172.96 -206.1 0.0 4712.0 0.0 792
18.59 -844.71 2179.85 -206.1 0.0 4712.0 0.0 792
18.61 -840.58 2186.97 -206.1 0.0 4712.0 0.0 791
18.63 -836.96 2193.82 -206.1 0.0 4712.0 0.0 791
18.65 -833.36 2201.21 -206.1 0.0 4712.0 0.0 791
18.67 -830.14 2208.26 -206.1 0.0 4712.0 0.0 791
18.68 -826.88 2215.81 -206.1 0.0 4712.0 0.0 791
18.7 -823.92 2222.97 -206.1 0.0 4712.0 0.0 791
18.72 -820.87 2230.61 -206.1 0.0 4712.0 0.0 791
18.74 -818.06 2237.83 -206.1 0.0 4712.0 0.0 791
18.76 -815.48 2244.61 -206.1 0.0 4712.0 0.0 791
18.77 -812.78 2251.87 -206.1 0.0 4712.0 0.0 791
18.8 -809.94 2259.59 -206.1 0.0 4712.0 0.0 791
18.82 -806.65 2268.69 -206.1 0.0 4559.0 0.0 791
18.85 -803.06 2278.72 -206.1 0.0 4430.0 0.0 791
18.87 -799.29 2289.2 -206.1 0.0 4285.0 0.0 791
18.9 -795.48 2299.65 -206.1 0.0 4156.0 0.0 791
18.92 -791.59 2310.09 -206.1 0.0 4022.0 0.0 791
18.95 -787.44 2320.93 -206.1 0.0 3899.0 0.0 791
18.97 -783.54 2330.84 -206.1 0.0 3738.0 0.0 791
19.0 -779.35 2341.15 -206.1 0.0 3700.0 0.0 791
19.02 -775.04 2351.42 -206.1 0.0 3662.0 0.0 791
19.05 -768.54 2360.46 -206.1 0.0 3624.0 0.0 791
19.07 -761.02 2367.99 -206.1 0.0 3586.0 0.0 791
19.1 -752.23 2374.83 -206.1 0.0 3510.0 0.0 790
19.12 -742.87 2380.85 -206.1 0.0 3317.0 0.0 790
19.15 -733.12 2386.23 -206.1 0.0 3279.0 0.0 790
19.17 -723.1 2391.08 -206.1 0.0 3241.0 0.0 790
19.2 -712.9 2395.53 -206.1 0.0 3203.0 0.0 790
19.22 -702.57 2399.69 -206.1 0.0 3203.0 0.0 790
19.25 -692.62 2403.46 -206.1 0.0 3203.0 0.0 790
19.28 -682.14 2407.24 -206.1 0.0 3203.0 0.0 790
19.31 -669.79 2411.51 -206.1 0.0 3203.0 0.0 790
19.33 -657.87 2415.52 -206.1 0.0 3203.0 0.0 790
19.36 -646.38 2419.32 -206.1 0.0 3203.0 0.0 790
19.38 -636.26 2422.63 -206.1 0.0 3203.0 0.0 790
19.41 -625.67 2426.06 -206.1 0.0 3203.0 0.0 790
19.43 -615.07 2429.47 -206.1 0.0 3203.0 0.0 790
19.46 -604.93 2432.72 -206.1 0.0 3203.0 0.0 790
19.48 -594.33 2436.1 -206.1 0.0 3203.0 0.0 790
19.51 -583.26 2439.63 -206.1 0.0 3203.0 0.0 790
19.54 -573.63 2445.22 -206.1 0.0 3203.0 0.0 790
19.56 -565.01 2452.26 -206.1 0.0 3203.0 0.0 790
19.59 -557.26 2460.25 -206.1 0.0 3203.0 0.0 790
19.61 -550.2 2468.86 -206.1 0.0 3203.0 0.0 789
19.64 -543.66 2477.87 -206.1 0.0 3203.0 0.0 789
19.66 -537.52 2487.15 -206.1 0.0 3203.0 0.0 789
19.69 -531.66 2496.61 -206.1 0.0 3203.0 0.0 789
19.71 -526.0 2506.2 -206.1 0.0 3203.0 0.0 789
19.74 -520.5 2515.88 -206.1 0.0 3203.0 0.0 789
19.76 -515.33 2525.19 -206.1 0.0 3203.0 0.0 789
19.79 -509.78 2535.39 -206.1 0.0 3203.0 0.0 789
19.82 -504.06 2546.06 -206.1 0.0 3203.0 0.0 789
19.84 -496.44 2554.83 -206.1 0.0 3203.0 0.0 789
19.87 -487.1 2562.52 -206.1 0.0 3203.0 0.0 789
19.9 -477.36 2568.84 -206.1 0.0 3203.0 0.0 789
19.93 -466.7 2574.57 -206.1 0.0 3203.0 0.0 789
19.95 -455.73 2579.68 -206.1 0.0 3203.0 0.0 789
19.98 -444.57 2584.35 -206.1 0.0 3203.0 0.0 789
20.01 -432.82 2588.87 -206.1 0.0 3203.0 0.0 789
20.04 -421.0 2593.16 -206.1 0.0 3203.0 0.0 789
20.07 -409.11 2597.3 -206.1 0.0 3203.0 0.0 789
20.1 -397.19 2601.33 -206.1 0.0 3203.0 0.0 789
20.13 -385.24 2605.28 -206.1 0.0 3203.0 0.0 789
20.16 -372.36 2609.49 -206.1 0.0 3203.0 0.0 789
20.19 -359.92 2613.5 -206.1 0.0 3203.0 0.0 789
20.22 -347.48 2617.5 -206.1 0.0 3203.0 0.0 789
20.24 -335.03 2621.48 -206.1 0.0 3203.0 0.0 789
20.27 -323.04 2625.3 -206.1 0.0 3203.0 0.0 789
20.3 -310.59 2629.26 -206.1 0.0 3203.0 0.0 881
20.33 -298.6 2633.07 -206.1 0.0 3203.0 0.0 881
20.36 -286.6 2636.88 -206.1 0.0 3203.0 0.0 881
20.39 -274.15 2640.83 -206.1 0.0 3203.0 0.0 881
20.42 -261.69 2644.78 -206.1 0.0 3203.0 0.0 881
20.45 -248.31 2649.02 -206.1 0.0 3203.0 0.0 881
20.49 -234.93 2653.26 -206.1 0.0 3203.0 0.0 881
20.52 -221.09 2657.65 -206.1 0.0 3203.0 0.0 881
20.54 -209.55 2661.3 -206.1 0.0 3203.0 0.0 881
20.57 -198.02 2664.96 -206.1 0.0 3203.0 0.0 881
20.6 -186.48 2668.61 -206.1 0.0 3203.0 0.0 881
20.62 -174.95 2672.26 -206.1 0.0 3203.0 0.0 881
20.66 -163.88 2675.77 -206.1 0.0 3203.0 0.0 881
20.69 -150.5 2680.01 -206.1 0.0 3203.0 0.0 881
20.71 -138.04 2683.96 -206.1 0.0 3203.0 0.0 881
20.75 -126.04 2687.76 -206.1 0.0 3203.0 0.0 879
20.78 -112.66 2692.0 -206.1 0.0 3203.0 0.0 879
20.8 -99.74 2696.09 -206.1 0.0 3203.0 0.0 879
20.83 -88.67 2699.6 -206.1 0.0 3203.0 0.0 863
20.86 -77.59 2703.11 -206.1 0.0 3203.0 0.0 863
20.88 -66.52 2706.61 -206.1 0.0 3203.0 0.0 863
20.91 -55.45 2710.12 -206.1 0.0 3203.0 0.0 863
20.94 -44.37 2713.63 -206.1 0.0 3203.0 0.0 863
20.96 -33.3 2717.14 -206.1 0.0 3203.0 0.0 863
20.98 -23.15 2720.35 -206.1 0.0 3203.0 0.0 863
21.01 -13.46 2723.42 -206.1 0.0 3088.0 0.0 863
21.03 -3.31 2726.64 -206.1 0.0 2996.0 0.0 863
21.06 6.85 2729.83 -206.1 0.0 2780.0 0.0 863
21.08 17.03 2732.97 -206.1 0.0 2341.0 0.0 861
21.11 28.16 2736.28 -206.1 0.0 1710.0 0.0 861
21.13 38.88 2739.26 -206.1 0.0 747.0 0.0 861
21.16 50.17 2742.01 -206.1 0.0 65016.0 0.0 861
21.19 62.06 2744.26 -206.1 0.0 63867.0 0.0 861
21.21 73.6 2745.62 -206.1 0.0 63056.0 0.0 861
21.24 85.2 2746.02 -206.1 0.0 62617.0 0.0 861
21.27 97.77 2745.37 -206.1 0.0 62460.0 0.0 861
21.3 111.21 2743.62 -206.1 0.0 62460.0 0.0 861
21.33 124.53 2741.11 -206.1 0.0 62498.0 0.0 861
21.36 136.81 2738.36 -206.1 0.0 62498.0 0.0 861
21.39 149.02 2735.33 -206.1 0.0 62498.0 0.0 861
21.42 161.19 2732.11 -206.1 0.0 62498.0 0.0 861
21.44 172.39 2729.03 -206.1 0.0 62498.0 0.0 861
21.47 184.49 2725.6 -206.1 0.0 62498.0 0.0 861
21.5 196.59 2722.11 -206.1 0.0 62498.0 0.0 861
21.53 208.66 2718.58 -206.1 0.0 62498.0 0.0 861
21.56 222.13 2714.61 -206.1 0.0 62498.0 0.0 946
21.6 235.12 2710.76 -206.1 0.0 62498.0 0.0 946
21.63 249.04 2706.62 -206.1 0.0 62498.0 0.0 946
21.65 261.56 2702.88 -206.1 0.0 62498.0 0.0 946
21.68 273.15 2699.41 -206.1 0.0 62191.0 0.0 946
21.71 284.28 2696.08 -206.1 0.0 61844.0 0.0 946
21.74 295.84 2692.5 -206.1 0.0 61344.0 0.0 946
21.76 306.88 2688.89 -206.1 0.0 60586.0 0.0 946
21.79 318.73 2684.65 -206.1 0.0 59919.0 0.0 946
21.82 329.5 2680.32 -206.1 0.0 59341.0 0.0 946
21.85 340.93 2675.04 -206.1 0.0 59029.0 0.0 946
21.87 351.65 2669.43 -206.1 0.0 59029.0 0.0 946
21.9 362.11 2663.36 -206.1 0.0 59029.0 0.0 946
21.93 372.39 2656.97 -206.1 0.0 59029.0 0.0 946
21.96 382.53 2650.37 -206.1 0.0 59029.0 0.0 946
21.98 392.18 2643.9 -206.1 0.0 59029.0 0.0 946
22.01 401.76 2637.33 -206.1 0.0 59029.0 0.0 946
22.04 411.3 2630.7 -206.1 0.0 58838.0 0.0 946
22.06 421.19 2623.74 -206.1 0.0 58503.0 0.0 946
22.09 430.64 2616.98 -206.1 0.0 58021.0 0.0 808
22.11 439.59 2610.36 -206.1 0.0 57417.0 0.0 808
22.14 448.75 2603.22 -206.1 0.0 57014.0 0.0 808
22.17 457.67 2595.77 -206.1 0.0 56725.0 0.0 808
22.19 465.95 2588.34 -206.1 0.0 56376.0 0.0 808
22.22 474.67 2579.95 -206.1 0.0 55926.0 0.0 808
22.25 482.44 2571.98 -206.1 0.0 55437.0 0.0 808
22.27 490.55 2563.0 -206.1 0.0 55034.0 0.0 808
22.3 497.99 2554.08 -206.1 0.0 54634.0 0.0 808
22.33 505.64 2544.09 -206.1 0.0 54234.0 0.0 808
22.36 512.88 2533.79 -206.1 0.0 53780.0 0.0 808
22.39 519.45 2523.63 -206.1 0.0 53317.0 0.0 808
22.41 525.83 2512.78 -206.1 0.0 52864.0 0.0 808
22.44 531.96 2501.24 -206.1 0.0 52410.0 0.0 808
22.47 537.2 2490.33 -206.1 0.0 52026.0 0.0 808
22.5 541.98 2479.22 -206.1 0.0 51633.0 0.0 808
22.53 546.3 2467.92 -206.1 0.0 51415.0 0.0 808
22.55 550.32 2455.99 -206.1 0.0 51415.0 0.0 808
22.58 553.92 2443.93 -206.1 0.0 51415.0 0.0 808
22.61 557.0 2432.73 -206.1 0.0 51377.0 0.0 808
22.64 560.14 2420.55 -206.1 0.0 51377.0 0.0 808
22.66 563.01 2408.79 -206.1 0.0 51377.0 0.0 808
22.7 565.79 2397.02 -206.1 0.0 51377.0 0.0 808
22.73 568.82 2383.81 -206.1 0.0 51377.0 0.0 808
22.76 572.31 2368.22 -206.1 0.0 51377.0 0.0 808
22.79 575.45 2354.05 -206.1 0.0 51377.0 0.0 808
22.82 578.16 2341.75 -206.1 0.0 51377.0 0.0 808
22.85 580.64 2330.41 -206.1 0.0 51377.0 0.0 808
22.87 583.12 2319.06 -206.1 0.0 51377.0 0.0 807
22.9 585.59 2307.71 -206.1 0.0 51377.0 0.0 807
22.93 588.05 2296.36 -206.1 0.0 51377.0 0.0 807
22.96 593.0 2285.85 -206.1 0.0 51377.0 0.0 807
22.98 601.68 2274.21 -206.1 0.0 51377.0 0.0 807
23.01 609.21 2266.0 -206.1 0.0 51377.0 0.0 807
23.04 617.31 2258.37 -206.1 0.0 51377.0 0.0 807
23.06 626.19 2250.88 -206.1 0.0 51377.0 0.0 807
23.09 634.95 2244.02 -206.1 0.0 51377.0 0.0 807
23.11 642.72 2234.74 -206.1 0.0 51377.0 0.0 807
23.14 648.64 2225.31 -206.1 0.0 51377.0 0.0 807
23.17 653.6 2215.35 -206.1 0.0 51377.0 0.0 807
23.19 658.15 2204.13 -206.1 0.0 51377.0 0.0 807
23.22 661.82 2193.62 -206.1 0.0 51377.0 0.0 807
23.24 665.24 2182.52 -206.1 0.0 51262.0 0.0 807
23.27 668.26 2171.81 -206.1 0.0 50973.0 0.0 807
23.29 671.06 2161.04 -206.1 0.0 50697.0 0.0 807
23.32 673.51 2150.67 -206.1 0.0 50473.0 0.0 807
23.35 675.81 2139.78 -206.1 0.0 50292.0 0.0 807
23.37 678.09 2127.4 -206.1 0.0 50209.0 0.0 807
23.39 679.66 2117.85 -206.1 0.0 50171.0 0.0 807
23.42 681.22 2107.32 -206.1 0.0 50171.0 0.0 807
23.44 682.63 2096.77 -206.1 0.0 50171.0 0.0 807
23.47 683.94 2086.2 -206.1 0.0 50171.0 0.0 807
23.49 685.17 2075.62 -206.1 0.0 50171.0 0.0 807
23.51 686.4 2064.56 -206.1 0.0 50171.0 0.0 807
23.54 687.54 2053.97 -206.1 0.0 50171.0 0.0 807
23.56 688.6 2043.86 -206.1 0.0 50171.0 0.0 807
23.59 689.69 2033.27 -206.1 0.0 50171.0 0.0 807
23.61 690.77 2022.68 -206.1 0.0 50171.0 0.0 807
23.63 691.78 2012.56 -206.1 0.0 50171.0 0.0 807
23.66 692.84 2001.97 -206.1 0.0 50171.0 0.0 807
23.68 693.94 1990.89 -206.1 0.0 50171.0 0.0 807
23.71 694.94 1980.78 -206.1 0.0 50171.0 0.0 830
23.73 695.98 1970.18 -206.1 0.0 50171.0 0.0 830
23.75 697.07 1959.1 -206.1 0.0 50171.0 0.0 830
23.78 698.01 1949.47 -206.1 0.0 50171.0 0.0 830
23.8 699.0 1939.35 -206.1 0.0 50171.0 0.0 830
23.82 700.0 1929.24 -206.1 0.0 50171.0 0.0 830
23.85 701.03 1918.64 -206.1 0.0 50171.0 0.0 830
23.88 702.31 1905.63 -206.1 0.0 50171.0 0.0 830
23.9 703.25 1896.0 -206.1 0.0 50554.0 0.0 830
23.92 704.24 1885.88 -206.1 0.0 50879.0 0.0 830
23.95 705.44 1874.82 -206.1 0.0 51162.0 0.0 830
23.97 706.62 1865.21 -206.1 0.0 51429.0 0.0 830
23.99 708.05 1855.15 -206.1 0.0 51740.0 0.0 830
24.02 709.77 1844.64 -206.1 0.0 52007.0 0.0 830
24.04 711.63 1834.65 -206.1 0.0 52304.0 0.0 830
24.06 713.74 1824.7 -206.1 0.0 52512.0 0.0 830
24.09 716.08 1814.81 -206.1 0.0 52715.0 0.0 830
24.11 719.06 1803.59 -206.1 0.0 52842.0 0.0 830
24.14 721.74 1794.28 -206.1 0.0 53037.0 0.0 830
24.16 725.04 1783.65 -206.1 0.0 53161.0 0.0 830
24.18 728.4 1773.55 -206.1 0.0 53301.0 0.0 830
24.21 731.93 1763.5 -206.1 0.0 53434.0 0.0 830
24.23 735.46 1753.97 -206.1 0.0 53575.0 0.0 830
24.25 737.15 1744.44 -206.1 0.0 53708.0 0.0 830
24.28 737.52 1734.28 -206.1 0.0 53856.0 0.0 830
24.3 736.87 1724.14 -206.1 0.0 54042.0 0.0 830
24.32 735.41 1713.59 -206.1 0.0 54228.0 0.0 830
24.35 733.42 1703.13 -206.1 0.0 54446.0 0.0 830
24.37 731.12 1692.73 -206.1 0.0 54788.0 0.0 830
24.4 728.65 1682.38 -206.1 0.0 55146.0 0.0 799
24.43 726.03 1671.56 -206.1 0.0 55500.0 0.0 799
24.45 723.28 1659.77 -206.1 0.0 55760.0 0.0 799
24.48 720.91 1648.9 -206.1 0.0 56031.0 0.0 799
24.5 718.65 1637.5 -206.1 0.0 56421.0 0.0 799
24.53 716.71 1626.54 -206.1 0.0 56888.0 0.0 799
24.55 715.1 1616.02 -206.1 0.0 57506.0 0.0 799
24.58 713.76 1604.97 -206.1 0.0 58189.0 0.0 799
24.6 712.84 1593.87 -206.1 0.0 58807.0 0.0 799
24.63 712.45 1582.75 -206.1 0.0 59396.0 0.0 799
24.66 712.71 1570.16 -206.1 0.0 59891.0 0.0 799
24.68 713.62 1558.1 -206.1 0.0 60314.0 0.0 799
24.71 714.99 1547.05 -206.1 0.0 60687.0 0.0 799
24.74 716.96 1535.6 -206.1 0.0 60970.0 0.0 799
24.76 722.2 1524.7 -206.1 0.0 61207.0 0.0 799
24.79 729.2 1515.43 -206.1 0.0 61510.0 0.0 799
24.82 738.29 1506.73 -206.1 0.0 61864.0 0.0 799
24.85 747.94 1499.43 -206.1 0.0 62111.0 0.0 799
24.88 758.21 1493.03 -206.1 0.0 62358.0 0.0 799
24.9 768.91 1487.37 -206.1 0.0 62535.0 0.0 799
24.93 779.9 1482.32 -206.1 0.0 62712.0 0.0 799
24.96 791.11 1477.76 -206.1 0.0 62995.0 0.0 799
24.99 802.47 1473.6 -206.1 0.0 63281.0 0.0 799
25.03 814.9 1469.54 -206.1 0.0 63546.0 0.0 799
25.06 833.09 1464.5 -206.1 0.0 63715.0 0.0 799
25.1 847.18 1461.02 -206.1 0.0 63868.0 0.0 799
25.12 861.36 1457.88 -206.1 0.0 64067.0 0.0 799
25.15 872.74 1455.57 -206.1 0.0 64322.0 0.0 799
25.17 883.69 1453.54 -206.1 0.0 64554.0 0.0 799
25.2 895.15 1451.65 -206.1 0.0 64720.0 0.0 799
25.23 906.65 1449.99 -206.1 0.0 64863.0 0.0 799
25.25 917.69 1448.61 -206.1 0.0 64954.0 0.0 803
25.27 928.28 1447.46 -206.1 0.0 65091.0 0.0 803
25.3 938.88 1446.47 -206.1 0.0 65265.0 0.0 803
25.32 949.01 1445.65 -206.1 0.0 65488.0 0.0 803
25.35 960.12 1444.93 -206.1 0.0 159.0 0.0 803
25.37 969.79 1444.45 -206.1 0.0 350.0 0.0 803
25.39 980.92 1444.11 -206.1 0.0 553.0 0.0 803
25.42 991.08 1443.96 -206.1 0.0 684.0 0.0 803
25.44 1001.24 1444.0 -206.1 0.0 722.0 0.0 803
25.46 1011.4 1444.2 -206.1 0.0 722.0 0.0 803
25.49 1021.08 1444.52 -206.1 0.0 722.0 0.0 803
25.51 1031.23 1444.94 -206.1 0.0 722.0 0.0 803
25.53 1041.39 1445.44 -206.1 0.0 722.0 0.0 803
25.55 1051.05 1445.97 -206.1 0.0 722.0 0.0 803
25.58 1061.2 1446.56 -206.1 0.0 722.0 0.0 803
25.6 1071.83 1447.21 -206.1 0.0 722.0 0.0 803
25.62 1081.0 1447.79 -206.1 0.0 722.0 0.0 803
25.64 1091.63 1448.47 -206.1 0.0 722.0 0.0 803
25.67 1101.29 1449.11 -206.1 0.0 722.0 0.0 803
25.69 1111.43 1449.79 -206.1 0.0 722.0 0.0 803
25.71 1121.09 1450.44 -206.1 0.0 607.0 0.0 803
25.74 1131.23 1451.12 -206.1 0.0 531.0 0.0 803
25.76 1141.37 1451.79 -206.1 0.0 455.0 0.0 803
25.78 1151.03 1452.38 -206.1 0.0 417.0 0.0 803
25.8 1160.21 1452.91 -206.1 0.0 417.0 0.0 803
25.82 1169.88 1453.42 -206.1 0.0 417.0 0.0 803
25.84 1179.07 1453.87 -206.1 0.0 417.0 0.0 803
25.87 1189.22 1454.35 -206.1 0.0 417.0 0.0 803
25.89 1198.4 1454.77 -206.1 0.0 417.0 0.0 803
25.91 1208.08 1455.19 -206.1 0.0 417.0 0.0 803
25.93 1217.75 1455.61 -206.1 0.0 417.0 0.0 803
25.95 1227.9 1456.04 -206.1 0.0 417.0 0.0 803
25.97 1236.61 1456.4 -206.1 0.0 417.0 0.0 803
26.0 1246.28 1456.8 -206.1 0.0 417.0 0.0 803
26.02 1255.95 1457.19 -206.1 0.0 417.0 0.0 803
26.04 1265.62 1457.59 -206.1 0.0 417.0 0.0 803
26.06 1274.81 1457.96 -206.1 0.0 417.0 0.0 803
26.08 1284.0 1458.33 -206.1 0.0 417.0 0.0 803
26.1 1292.7 1458.68 -206.1 0.0 417.0 0.0 803
26.12 1301.41 1459.03 -206.1 0.0 417.0 0.0 803
26.14 1310.11 1459.38 -206.1 0.0 417.0 0.0 803
26.16 1318.33 1459.71 -206.1 0.0 417.0 0.0 803
26.18 1327.04 1460.05 -206.1 0.0 417.0 0.0 802
26.2 1335.26 1460.38 -206.1 0.0 417.0 0.0 802
26.22 1343.97 1460.73 -206.1 0.0 417.0 0.0 802
26.23 1352.67 1461.08 -206.1 0.0 417.0 0.0 802
26.25 1360.41 1461.39 -206.1 0.0 417.0 0.0 802
26.27 1369.11 1461.73 -206.1 0.0 417.0 0.0 802
26.29 1377.34 1462.06 -206.1 0.0 417.0 0.0 802
26.31 1386.04 1462.41 -206.1 0.0 417.0 0.0 802
26.34 1395.71 1462.8 -206.1 0.0 417.0 0.0 802
26.36 1405.87 1463.2 -206.1 0.0 417.0 0.0 802
26.38 1415.54 1463.59 -206.1 0.0 417.0 0.0 802
26.4 1424.73 1463.95 -206.1 0.0 417.0 0.0 802
26.42 1433.92 1464.32 -206.1 0.0 417.0 0.0 802
26.44 1442.14 1464.65 -206.1 0.0 417.0 0.0 802
26.46 1450.85 1465.0 -206.1 0.0 417.0 0.0 802
26.48 1459.07 1465.33 -206.1 0.0 417.0 0.0 802
26.5 1468.26 1465.69 -206.1 0.0 417.0 0.0 802
26.52 1476.48 1466.02 -206.1 0.0 417.0 0.0 802
26.54 1485.18 1466.37 -206.1 0.0 417.0 0.0 802
26.56 1493.4 1466.7 -206.1 0.0 417.0 0.0 802
26.58 1501.62 1467.02 -206.1 0.0 417.0 0.0 802
26.59 1511.3 1467.41 -206.1 0.0 417.0 0.0 802
26.61 1519.03 1467.72 -206.1 0.0 417.0 0.0 802
26.63 1527.26 1468.05 -206.1 0.0 417.0 0.0 802
26.65 1535.48 1468.38 -206.1 0.0 417.0 0.0 802
26.68 1543.7 1468.7 -206.1 0.0 417.0 0.0 802
26.7 1557.24 1469.24 -206.1 0.0 417.0 0.0 802
26.72 1566.43 1469.61 -206.1 0.0 417.0 0.0 802
26.75 1575.62 1469.98 -206.1 0.0 417.0 0.0 802
26.77 1585.29 1470.36 -206.1 0.0 417.0 0.0 802
26.79 1594.0 1470.71 -206.1 0.0 417.0 0.0 802
26.81 1603.18 1471.08 -206.1 0.0 417.0 0.0 802
26.83 1612.37 1471.44 -206.1 0.0 417.0 0.0 802
26.85 1621.56 1471.81 -206.1 0.0 417.0 0.0 802
26.87 1630.75 1472.18 -206.1 0.0 417.0 0.0 802
26.89 1639.94 1472.54 -206.1 0.0 417.0 0.0 802
26.91 1649.13 1472.91 -206.1 0.0 417.0 0.0 802
26.93 1658.32 1473.28 -206.1 0.0 417.0 0.0 802
26.95 1667.02 1473.62 -206.1 0.0 417.0 0.0 802
26.97 1675.73 1473.97 -206.1 0.0 417.0 0.0 802
26.99 1684.43 1474.32 -206.1 0.0 417.0 0.0 802
27.01 1693.14 1474.67 -206.1 0.0 65531.0 0.0 802
27.03 1702.33 1475.03 -206.1 0.0 65046.0 0.0 820
27.06 1712.48 1475.33 -206.1 0.0 64598.0 0.0 820
27.08 1722.16 1475.43 -206.1 0.0 64304.0 0.0 820
27.1 1731.84 1475.28 -206.1 0.0 64080.0 0.0 820
27.12 1741.52 1474.88 -206.1 0.0 63891.0 0.0 820
27.14 1750.21 1474.32 -206.1 0.0 63572.0 0.0 820
27.16 1759.37 1473.53 -206.1 0.0 63199.0 0.0 820
27.18 1768.51 1472.51 -206.1 0.0 62821.0 0.0 820
27.2 1777.14 1471.32 -206.1 0.0 62475.0 0.0 820
27.22 1786.21 1469.79 -206.1 0.0 62236.0 0.0 814
27.24 1795.23 1467.99 -206.1 0.0 62165.0 0.0 814
27.26 1803.25 1466.17 -206.1 0.0 62089.0 0.0 814
27.28 1812.17 1463.92 -206.1 0.0 62089.0 0.0 814
27.3 1820.57 1461.62 -206.1 0.0 62089.0 0.0 814
27.32 1828.94 1459.21 -206.1 0.0 62089.0 0.0 814
27.34 1837.28 1456.7 -206.1 0.0 62089.0 0.0 814
27.36 1845.6 1454.11 -206.1 0.0 62089.0 0.0 814
27.38 1854.37 1451.32 -206.1 0.0 62089.0 0.0 814
27.4 1862.19 1448.79 -206.1 0.0 62089.0 0.0 814
27.42 1870.01 1446.22 -206.1 0.0 62089.0 0.0 814
27.44 1877.82 1443.63 -206.1 0.0 62089.0 0.0 814
27.46 1886.09 1440.87 -206.1 0.0 62089.0 0.0 814
27.47 1892.97 1438.56 -206.1 0.0 62013.0 0.0 814
27.49 1900.76 1435.93 -206.1 0.0 61925.0 0.0 814
27.51 1907.18 1433.75 -206.1 0.0 61799.0 0.0 814
27.52 1914.05 1431.39 -206.1 0.0 61579.0 0.0 814
27.54 1920.9 1428.99 -206.1 0.0 61277.0 0.0 814
27.56 1928.18 1426.37 -206.1 0.0 60885.0 0.0 814
27.58 1935.89 1423.48 -206.1 0.0 60381.0 0.0 814
27.59 1943.09 1420.63 -206.1 0.0 59881.0 0.0 814
27.61 1949.33 1418.0 -206.1 0.0 59060.0 0.0 814
27.63 1956.81 1414.57 -206.1 0.0 57964.0 0.0 814
27.65 1964.57 1410.6 -206.1 0.0 56868.0 0.0 814
27.67 1972.08 1406.19 -206.1 0.0 55961.0 0.0 814
27.69 1979.27 1401.27 -206.1 0.0 55255.0 0.0 814
27.72 1987.16 1394.86 -206.1 0.0 54759.0 0.0 814
27.74 1994.18 1388.2 -206.1 0.0 54470.0 0.0 814
27.76 2000.72 1381.07 -206.1 0.0 54264.0 0.0 814
27.78 2006.84 1373.56 -206.1 0.0 54226.0 0.0 814
27.8 2012.31 1366.17 -206.1 0.0 54078.0 0.0 814
27.82 2017.25 1359.0 -206.1 0.0 54078.0 0.0 814
27.84 2021.72 1352.09 -206.1 0.0 54078.0 0.0 814
27.85 2025.55 1345.92 -206.1 0.0 54078.0 0.0 814
27.87 2029.03 1340.1 -206.1 0.0 54078.0 0.0 814
27.88 2032.68 1333.83 -206.1 0.0 54078.0 0.0 814
27.9 2036.26 1327.51 -206.1 0.0 54078.0 0.0 814
27.91 2039.79 1321.17 -206.1 0.0 54078.0 0.0 814
27.93 2042.81 1315.65 -206.1 0.0 54078.0 0.0 814
27.95 2046.49 1308.84 -206.1 0.0 54078.0 0.0 814
27.96 2049.91 1302.43 -206.1 0.0 54078.0 0.0 814
27.98 2053.09 1296.45 -206.1 0.0 54078.0 0.0 814
28.0 2056.47 1290.02 -206.1 0.0 54078.0 0.0 814
28.01 2059.61 1284.02 -206.1 0.0 54078.0 0.0 814
28.03 2062.97 1277.58 -206.1 0.0 54078.0 0.0 814
28.05 2066.53 1270.71 -206.1 0.0 54078.0 0.0 814
28.07 2069.87 1264.26 -206.1 0.0 54078.0 0.0 814
28.08 2073.64 1256.94 -206.1 0.0 54078.0 0.0 814
28.1 2076.96 1250.49 -206.1 0.0 53963.0 0.0 814
28.12 2080.5 1243.6 -206.1 0.0 53847.0 0.0 814
28.13 2083.58 1237.57 -206.1 0.0 53647.0 0.0 814
28.15 2087.07 1230.65 -206.1 0.0 53566.0 0.0 814
28.16 2089.87 1225.02 -206.1 0.0 53504.0 0.0 814
28.18 2093.06 1218.5 -206.1 0.0 53446.0 0.0 814
28.19 2095.99 1212.39 -206.1 0.0 53330.0 0.0 814
28.21 2098.88 1206.26 -206.1 0.0 53268.0 0.0 814
28.23 2101.92 1199.67 -206.1 0.0 53268.0 0.0 827
28.24 2104.72 1193.5 -206.1 0.0 53230.0 0.0 827
28.26 2107.68 1186.87 -206.1 0.0 53230.0 0.0 827
28.27 2110.41 1180.67 -206.1 0.0 53192.0 0.0 827
28.29 2113.31 1174.01 -206.1 0.0 53192.0 0.0 827
28.3 2115.79 1168.23 -206.1 0.0 53192.0 0.0 827
28.32 2118.45 1161.99 -206.1 0.0 53192.0 0.0 827
28.33 2121.09 1155.75 -206.1 0.0 53192.0 0.0 827
28.35 2123.52 1149.95 -206.1 0.0 53192.0 0.0 827
28.36 2125.95 1144.15 -206.1 0.0 53230.0 0.0 827
28.38 2128.37 1138.34 -206.1 0.0 53288.0 0.0 827
28.39 2130.97 1132.08 -206.1 0.0 53346.0 0.0 827
28.41 2133.57 1125.82 -206.1 0.0 53404.0 0.0 827
28.42 2136.19 1119.57 -206.1 0.0 53457.0 0.0 827
28.44 2138.62 1113.77 -206.1 0.0 53457.0 0.0 827
28.45 2141.26 1107.53 -206.1 0.0 53457.0 0.0 827
28.47 2143.73 1101.74 -206.1 0.0 53533.0 0.0 827
28.48 2146.39 1095.51 -206.1 0.0 53476.0 0.0 827
28.5 2149.08 1089.29 -206.1 0.0 53476.0 0.0 827
28.51 2151.58 1083.52 -206.1 0.0 53476.0 0.0 827
28.53 2154.27 1077.3 -206.1 0.0 53476.0 0.0 827
28.54 2156.98 1071.09 -206.1 0.0 53476.0 0.0 827
28.56 2159.49 1065.32 -206.1 0.0 53476.0 0.0 827
28.57 2162.21 1059.11 -206.1 0.0 53476.0 0.0 827
28.59 2164.92 1052.9 -206.1 0.0 53476.0 0.0 827
28.6 2167.44 1047.14 -206.1 0.0 53476.0 0.0 827
28.62 2170.36 1040.49 -206.1 0.0 53476.0 0.0 827
28.63 2172.88 1034.73 -206.1 0.0 53476.0 0.0 827
28.65 2175.61 1028.52 -206.1 0.0 53476.0 0.0 827
28.66 2178.14 1022.76 -206.1 0.0 53476.0 0.0 827
28.68 2180.86 1016.56 -206.1 0.0 53476.0 0.0 827
28.69 2183.59 1010.35 -206.1 0.0 53476.0 0.0 827
28.71 2186.12 1004.59 -206.1 0.0 53476.0 0.0 827
28.72 2188.85 998.39 -206.1 0.0 53476.0 0.0 827
28.74 2191.57 992.19 -206.1 0.0 53898.0 0.0 827
28.76 2194.3 985.98 -206.1 0.0 54245.0 0.0 827
28.77 2197.07 979.8 -206.1 0.0 54476.0 0.0 827
28.79 2199.92 973.65 -206.1 0.0 54637.0 0.0 827
28.8 2202.64 967.98 -206.1 0.0 54823.0 0.0 827
28.82 2205.88 961.48 -206.1 0.0 55025.0 0.0 827
28.83 2208.99 955.46 -206.1 0.0 55285.0 0.0 827
28.85 2212.19 949.49 -206.1 0.0 55632.0 0.0 827
28.86 2215.5 943.57 -206.1 0.0 55981.0 0.0 827
28.88 2218.67 938.14 -206.1 0.0 56415.0 0.0 827
28.89 2222.48 931.96 -206.1 0.0 56791.0 0.0 827
28.91 2225.92 926.69 -206.1 0.0 57254.0 0.0 827
28.93 2229.77 921.12 -206.1 0.0 57816.0 0.0 827
28.94 2234.71 914.53 -206.1 0.0 58345.0 0.0 827
28.96 2239.58 908.52 -206.1 0.0 58750.0 0.0 827
28.98 2244.04 903.41 -206.1 0.0 59215.0 0.0 827
28.99 2249.02 898.13 -206.1 0.0 59587.0 0.0 827
29.01 2254.21 893.06 -206.1 0.0 59984.0 0.0 827
29.03 2259.97 887.88 -206.1 0.0 60450.0 0.0 827
29.04 2265.55 883.24 -206.1 0.0 60914.0 0.0 827
29.06 2271.71 878.54 -206.1 0.0 61345.0 0.0 827
29.08 2278.07 874.11 -206.1 0.0 61842.0 0.0 827
29.1 2284.18 870.2 -206.1 0.0 62339.0 0.0 827
29.11 2290.46 866.55 -206.1 0.0 62903.0 0.0 827
29.13 2297.32 862.96 -206.1 0.0 63367.0 0.0 827
29.15 2304.34 859.7 -206.1 0.0 63731.0 0.0 827
29.16 2311.51 856.76 -206.1 0.0 63917.0 0.0 827
29.18 2318.33 854.29 -206.1 0.0 64062.0 0.0 827
29.2 2324.78 852.21 -206.1 0.0 64128.0 0.0 827
29.22 2332.23 850.09 -206.1 0.0 64260.0 0.0 827
29.23 2339.74 848.19 -206.1 0.0 64326.0 0.0 827
29.25 2347.29 846.49 -206.1 0.0 64458.0 0.0 827
29.27 2354.88 844.95 -206.1 0.0 64516.0 0.0 827
29.29 2361.54 843.71 -206.1 0.0 64590.0 0.0 905
29.3 2370.14 842.3 -206.1 0.0 64590.0 0.0 905
29.32 2377.8 841.15 -206.1 0.0 64590.0 0.0 905
29.34 2385.47 840.1 -206.1 0.0 64628.0 0.0 905
29.35 2393.15 839.12 -206.1 0.0 64628.0 0.0 905
29.37 2400.36 838.25 -206.1 0.0 64628.0 0.0 905
29.38 2406.61 837.54 -206.1 0.0 64628.0 0.0 905
29.4 2413.35 836.8 -206.1 0.0 64628.0 0.0 905
29.42 2420.09 836.09 -206.1 0.0 64628.0 0.0 905
29.43 2427.31 835.35 -206.1 0.0 64628.0 0.0 905
29.45 2434.05 834.68 -206.1 0.0 64628.0 0.0 905
29.46 2440.8 834.03 -206.1 0.0 64628.0 0.0 905
29.48 2447.54 833.39 -206.1 0.0 64628.0 0.0 905
29.49 2454.29 832.75 -206.1 0.0 64628.0 0.0 905
29.51 2461.52 832.09 -206.1 0.0 64628.0 0.0 905
29.53 2468.26 831.47 -206.1 0.0 64628.0 0.0 905
29.54 2475.01 830.85 -206.1 0.0 64628.0 0.0 905
29.56 2481.76 830.25 -206.1 0.0 64781.0 0.0 905
29.57 2488.99 829.6 -206.1 0.0 64999.0 0.0 905
29.59 2496.23 828.97 -206.1 0.0 65186.0 0.0 905
29.61 2503.46 828.4 -206.1 0.0 65302.0 0.0 905
29.62 2510.22 827.92 -206.1 0.0 65360.0 0.0 905
29.64 2516.98 827.49 -206.1 0.0 65360.0 0.0 905
29.65 2524.23 827.11 -206.1 0.0 65360.0 0.0 905
29.67 2531.0 826.79 -206.1 0.0 65360.0 0.0 905
29.68 2537.77 826.51 -206.1 0.0 65360.0 0.0 905
29.7 2544.54 826.26 -206.1 0.0 65360.0 0.0 905
29.72 2551.32 826.03 -206.1 0.0 65360.0 0.0 905
29.73 2558.57 825.81 -206.1 0.0 65360.0 0.0 905
29.75 2565.83 825.61 -206.1 0.0 65360.0 0.0 905
29.76 2572.6 825.44 -206.1 0.0 65360.0 0.0 905
29.78 2579.38 825.28 -206.1 0.0 65360.0 0.0 905
29.79 2586.64 825.11 -206.1 0.0 65360.0 0.0 905
29.81 2593.41 824.97 -206.1 0.0 65360.0 0.0 905
29.83 2600.67 824.82 -206.1 0.0 65360.0 0.0 905
29.84 2607.44 824.68 -206.1 0.0 65360.0 0.0 905
29.86 2614.22 824.55 -206.1 0.0 65360.0 0.0 905
29.87 2621.48 824.41 -206.1 0.0 65360.0 0.0 905
29.89 2628.25 824.29 -206.1 0.0 65360.0 0.0 905
29.91 2635.03 824.16 -206.1 0.0 65360.0 0.0 905
29.92 2642.29 824.03 -206.1 0.0 65360.0 0.0 905
29.94 2649.06 823.91 -206.1 0.0 65360.0 0.0 905
29.95 2655.84 823.79 -206.1 0.0 65360.0 0.0 905
29.97 2662.61 823.68 -206.1 0.0 65360.0 0.0 905
29.98 2669.87 823.55 -206.1 0.0 65360.0 0.0 905
30.0 2676.64 823.43 -206.1 0.0 65360.0 0.0 905
30.01 2683.9 823.31 -206.1 0.0 65360.0 0.0 905
30.03 2690.19 823.2 -206.1 0.0 65360.0 0.0 905
30.05 2697.45 823.08 -206.1 0.0 15.0 0.0 905
30.06 2703.74 822.97 -206.1 0.0 77.0 0.0 905
30.08 2711.0 822.87 -206.1 0.0 139.0 0.0 905
30.09 2718.26 822.8 -206.1 0.0 193.0 0.0 905
30.11 2724.56 822.77 -206.1 0.0 251.0 0.0 905
30.12 2731.33 822.76 -206.1 0.0 309.0 0.0 905
30.14 2738.11 822.78 -206.1 0.0 363.0 0.0 905
30.15 2744.4 822.83 -206.1 0.0 363.0 0.0 905
30.17 2751.66 822.92 -206.1 0.0 363.0 0.0 905
30.18 2757.95 823.03 -206.1 0.0 363.0 0.0 905
30.2 2764.72 823.16 -206.1 0.0 401.0 0.0 905
30.22 2771.98 823.32 -206.1 0.0 401.0 0.0 905
30.23 2778.76 823.5 -206.1 0.0 477.0 0.0 905
30.25 2786.01 823.7 -206.1 0.0 602.0 0.0 905
30.27 2793.27 823.93 -206.1 0.0 672.0 0.0 905
30.28 2801.49 824.23 -206.1 0.0 734.0 0.0 905
30.3 2808.74 824.54 -206.1 0.0 800.0 0.0 905
30.32 2816.48 824.92 -206.1 0.0 862.0 0.0 905
30.34 2823.73 825.3 -206.1 0.0 956.0 0.0 905
30.35 2831.94 825.8 -206.1 0.0 1018.0 0.0 905
30.37 2839.19 826.28 -206.1 0.0 1088.0 0.0 905
30.39 2847.39 826.88 -206.1 0.0 1146.0 0.0 896
30.41 2854.15 827.41 -206.1 0.0 1279.0 0.0 896
30.42 2861.86 828.07 -206.1 0.0 1404.0 0.0 896
30.44 2869.09 828.73 -206.1 0.0 1504.0 0.0 896
30.46 2876.8 829.52 -206.1 0.0 1637.0 0.0 896
30.47 2884.49 830.36 -206.1 0.0 1730.0 0.0 896
30.49 2891.7 831.23 -206.1 0.0 1796.0 0.0 896
30.51 2899.38 832.22 -206.1 0.0 1929.0 0.0 896
30.53 2907.05 833.28 -206.1 0.0 2095.0 0.0 896
30.55 2916.63 834.72 -206.1 0.0 2228.0 0.0 896
30.57 2924.27 835.96 -206.1 0.0 2303.0 0.0 896
30.59 2932.85 837.45 -206.1 0.0 2444.0 0.0 896
30.61 2940.95 838.95 -206.1 0.0 2518.0 0.0 896
30.63 2949.49 840.63 -206.1 0.0 2656.0 0.0 896
30.65 2958.97 842.61 -206.1 0.0 2988.0 0.0 896
30.66 2966.53 844.28 -206.1 0.0 2988.0 0.0 896
30.68 2974.54 846.17 -206.1 0.0 2988.0 0.0 896
30.7 2982.06 848.03 -206.1 0.0 3026.0 0.0 896
30.72 2990.49 850.21 -206.1 0.0 3026.0 0.0 896
30.74 2998.44 852.33 -206.1 0.0 3026.0 0.0 896
30.76 3006.38 854.5 -206.1 0.0 3026.0 0.0 896
30.78 3014.3 856.71 -206.1 0.0 3026.0 0.0 896
30.8 3022.22 858.96 -206.1 0.0 3026.0 0.0 896
30.82 3030.59 861.36 -206.1 0.0 3026.0 0.0 896
30.84 3038.96 863.78 -206.1 0.0 3026.0 0.0 896
30.86 3047.79 866.35 -206.1 0.0 3026.0 0.0 896
30.88 3056.61 868.94 -206.1 0.0 3026.0 0.0 896
30.9 3064.97 871.4 -206.1 0.0 3026.0 0.0 896
30.92 3073.33 873.87 -206.1 0.0 3026.0 0.0 896
30.94 3081.68 876.34 -206.1 0.0 3026.0 0.0 896
30.96 3090.03 878.82 -206.1 0.0 3026.0 0.0 896
30.98 3098.85 881.44 -206.1 0.0 3064.0 0.0 896
31.0 3107.2 883.92 -206.1 0.0 3143.0 0.0 896
31.02 3116.01 886.55 -206.1 0.0 3219.0 0.0 896
31.04 3124.82 889.2 -206.1 0.0 3406.0 0.0 896
31.06 3133.15 891.75 -206.1 0.0 3781.0 0.0 896
31.08 3141.46 894.35 -206.1 0.0 4206.0 0.0 896
31.1 3149.28 896.9 -206.1 0.0 4631.0 0.0 896
31.12 3157.05 899.61 -206.1 0.0 5056.0 0.0 896
31.13 3164.76 902.5 -206.1 0.0 5516.0 0.0 896
31.15 3172.38 905.6 -206.1 0.0 6047.0 0.0 896
31.17 3179.9 908.93 -206.1 0.0 6522.0 0.0 896
31.19 3187.73 912.75 -206.1 0.0 6897.0 0.0 896
31.21 3195.4 916.88 -206.1 0.0 7230.0 0.0 896
31.23 3202.09 920.78 -206.1 0.0 7563.0 0.0 896
31.25 3208.65 924.9 -206.1 0.0 7881.0 0.0 896
31.27 3215.45 929.53 -206.1 0.0 8164.0 0.0 896
31.28 3222.09 934.39 -206.1 0.0 8518.0 0.0 896
31.3 3228.57 939.46 -206.1 0.0 8784.0 0.0 896
31.32 3234.51 944.43 -206.1 0.0 9102.0 0.0 896
31.34 3240.66 949.9 -206.1 0.0 9468.0 0.0 896
31.36 3246.29 955.22 -206.1 0.0 9893.0 0.0 896
31.37 3252.08 961.06 -206.1 0.0 10204.0 0.0 896
31.39 3257.35 966.74 -206.1 0.0 10537.0 0.0 896
31.41 3262.43 972.58 -206.1 0.0 10848.0 0.0 896
31.43 3267.33 978.58 -206.1 0.0 11098.0 0.0 896
31.44 3271.75 984.34 -206.1 0.0 11286.0 0.0 896
31.46 3276.54 991.02 -206.1 0.0 11392.0 0.0 896
31.48 3281.15 997.84 -206.1 0.0 11454.0 0.0 896
31.5 3285.07 1003.95 -206.1 0.0 11454.0 0.0 896
31.51 3289.13 1010.55 -206.1 0.0 11454.0 0.0 896
31.53 3292.83 1016.79 -206.1 0.0 11454.0 0.0 896
31.55 3296.7 1023.5 -206.1 0.0 11454.0 0.0 896
31.57 3300.5 1030.25 -206.1 0.0 11454.0 0.0 896
31.59 3304.47 1037.45 -206.1 0.0 11454.0 0.0 896
31.6 3308.4 1044.69 -206.1 0.0 11454.0 0.0 896
31.62 3311.83 1051.08 -206.1 0.0 11454.0 0.0 896
31.64 3315.46 1057.92 -206.1 0.0 11454.0 0.0 896
31.66 3319.52 1065.63 -206.1 0.0 11454.0 0.0 896
31.67 3322.89 1072.06 -206.1 0.0 11454.0 0.0 851
31.69 3326.47 1078.93 -206.1 0.0 11454.0 0.0 851
31.71 3329.82 1085.37 -206.1 0.0 11454.0 0.0 851
31.73 3333.15 1091.82 -206.1 0.0 11454.0 0.0 851
31.74 3336.93 1099.13 -206.1 0.0 11454.0 0.0 851
31.76 3340.26 1105.58 -206.1 0.0 11454.0 0.0 851
31.78 3343.8 1112.47 -206.1 0.0 11454.0 0.0 851
31.79 3346.9 1118.49 -206.1 0.0 11454.0 0.0 851
31.81 3350.66 1125.81 -206.1 0.0 11454.0 0.0 851
31.83 3354.41 1133.13 -206.1 0.0 11454.0 0.0 851
31.85 3357.95 1140.02 -206.1 0.0 11454.0 0.0 851
31.87 3361.7 1147.35 -206.1 0.0 11454.0 0.0 851
31.89 3365.45 1154.67 -206.1 0.0 11607.0 0.0 851
31.91 3369.2 1161.99 -206.1 0.0 11837.0 0.0 851
31.93 3373.15 1169.76 -206.1 0.0 12054.0 0.0 851
31.94 3376.82 1177.12 -206.1 0.0 12224.0 0.0 851
31.96 3380.21 1184.09 -206.1 0.0 12454.0 0.0 851
31.98 3383.92 1191.97 -206.1 0.0 12726.0 0.0 851
32.0 3387.13 1199.02 -206.1 0.0 12998.0 0.0 851
32.02 3390.23 1206.11 -206.1 0.0 13236.0 0.0 851
32.04 3393.2 1213.26 -206.1 0.0 13505.0 0.0 851
32.05 3396.54 1221.83 -206.1 0.0 13777.0 0.0 851
32.07 3399.21 1229.1 -206.1 0.0 14083.0 0.0 851
32.09 3401.73 1236.43 -206.1 0.0 14428.0 0.0 851
32.11 3404.35 1244.73 -206.1 0.0 14681.0 0.0 851
32.13 3406.62 1252.64 -206.1 0.0 14919.0 0.0 851
32.14 3408.58 1260.13 -206.1 0.0 15078.0 0.0 851
32.16 3410.26 1267.2 -206.1 0.0 15308.0 0.0 851
32.18 3412.07 1275.72 -206.1 0.0 15531.0 0.0 851
32.2 3413.43 1282.85 -206.1 0.0 15803.0 0.0 851
32.21 3414.72 1290.49 -206.1 0.0 16058.0 0.0 851
32.23 3415.76 1297.67 -206.1 0.0 16296.0 0.0 851
32.25 3416.71 1305.36 -206.1 0.0 16551.0 0.0 851
32.27 3417.43 1312.58 -206.1 0.0 16840.0 0.0 851
32.28 3418.04 1320.79 -206.1 0.0 17095.0 0.0 851
32.3 3418.42 1328.04 -206.1 0.0 17384.0 0.0 851
32.32 3418.63 1336.26 -206.1 0.0 17690.0 0.0 851
32.34 3418.64 1344.01 -206.1 0.0 18052.0 0.0 851
32.36 3418.42 1352.23 -206.1 0.0 18461.0 0.0 851
32.37 3418.0 1359.96 -206.1 0.0 18870.0 0.0 857
32.39 3417.35 1367.68 -206.1 0.0 18870.0 0.0 857
32.41 3416.46 1375.37 -206.1 0.0 18870.0 0.0 857
32.43 3415.29 1383.52 -206.1 0.0 18870.0 0.0 857
32.45 3413.95 1391.64 -206.1 0.0 18870.0 0.0 857
32.46 3412.58 1399.26 -206.1 0.0 19330.0 0.0 857
32.48 3411.11 1406.86 -206.1 0.0 19779.0 0.0 857
32.5 3409.5 1414.43 -206.1 0.0 20183.0 0.0 857
32.52 3407.59 1422.44 -206.1 0.0 20474.0 0.0 857
32.54 3405.72 1429.45 -206.1 0.0 20994.0 0.0 857
32.55 3403.08 1438.26 -206.1 0.0 21447.0 0.0 859
32.57 3400.79 1445.15 -206.1 0.0 21723.0 0.0 859
32.59 3398.1 1452.41 -206.1 0.0 21723.0 0.0 859
32.61 3395.37 1459.14 -206.1 0.0 21723.0 0.0 859
32.62 3392.28 1466.24 -206.1 0.0 21723.0 0.0 859
32.64 3389.25 1472.84 -206.1 0.0 21723.0 0.0 859
32.66 3385.69 1480.26 -206.1 0.0 21723.0 0.0 859
32.68 3382.46 1486.76 -206.1 0.0 21723.0 0.0 859
32.69 3378.95 1493.66 -206.1 0.0 21723.0 0.0 859
32.71 3375.6 1500.1 -206.1 0.0 21723.0 0.0 859
32.73 3372.22 1506.53 -206.1 0.0 22183.0 0.0 859
32.74 3368.57 1513.36 -206.1 0.0 22475.0 0.0 859
32.76 3365.07 1519.72 -206.1 0.0 22917.0 0.0 859
32.78 3360.97 1526.85 -206.1 0.0 23298.0 0.0 859
32.8 3356.98 1533.49 -206.1 0.0 23847.0 0.0 859
32.82 3351.73 1541.62 -206.1 0.0 24363.0 0.0 859
32.84 3347.06 1548.4 -206.1 0.0 24909.0 0.0 859
32.86 3341.85 1555.38 -206.1 0.0 25455.0 0.0 859
32.88 3336.37 1562.15 -206.1 0.0 26141.0 0.0 859
32.9 3330.26 1569.02 -206.1 0.0 26687.0 0.0 859
32.92 3324.17 1575.25 -206.1 0.0 27250.0 0.0 859
32.94 3317.04 1581.8 -206.1 0.0 27692.0 0.0 859
32.96 3310.34 1587.37 -206.1 0.0 28082.0 0.0 859
32.99 3302.59 1593.17 -206.1 0.0 28486.0 0.0 854
33.01 3294.57 1598.58 -206.1 0.0 28941.0 0.0 854
33.03 3285.88 1603.85 -206.1 0.0 29309.0 0.0 854
33.05 3278.68 1607.84 -206.1 0.0 29800.0 0.0 854
33.07 3270.02 1612.16 -206.1 0.0 30058.0 0.0 854
33.09 3262.52 1615.55 -206.1 0.0 30058.0 0.0 854
33.11 3253.99 1619.0 -206.1 0.0 30058.0 0.0 854
33.13 3244.91 1622.34 -206.1 0.0 30096.0 0.0 854
33.16 3235.75 1625.48 -206.1 0.0 30096.0 0.0 854
33.18 3226.07 1628.58 -206.1 0.0 30096.0 0.0 854
33.2 3216.35 1631.54 -206.1 0.0 30096.0 0.0 854
33.22 3207.53 1634.14 -206.1 0.0 30096.0 0.0 854
33.25 3198.22 1636.8 -206.1 0.0 30096.0 0.0 854
33.27 3187.03 1639.92 -206.1 0.0 30096.0 0.0 854
33.29 3178.17 1642.36 -206.1 0.0 30096.0 0.0 854
33.32 3169.76 1644.65 -206.1 0.0 30096.0 0.0 854
33.33 3158.54 1647.66 -206.1 0.0 30096.0 0.0 854
33.36 3150.59 1649.79 -206.1 0.0 30096.0 0.0 854
33.38 3141.71 1652.15 -206.1 0.0 30096.0 0.0 854
33.4 3132.35 1654.63 -206.1 0.0 30096.0 0.0 854
33.42 3123.46 1656.98 -206.1 0.0 30096.0 0.0 854
33.44 3113.63 1659.57 -206.1 0.0 30096.0 0.0 897
33.47 3103.48 1660.16 -206.1 0.0 30595.0 0.0 897
33.49 3092.41 1658.97 -206.1 0.0 31560.0 0.0 897
33.51 3082.52 1656.66 -206.1 0.0 31969.0 0.0 897
33.53 3074.72 1654.04 -206.1 0.0 32258.0 0.0 897
33.55 3066.73 1650.55 -206.1 0.0 32573.0 0.0 897
33.57 3059.02 1646.49 -206.1 0.0 32864.0 0.0 897
33.59 3051.2 1641.66 -206.1 0.0 33021.0 0.0 897
33.61 3044.05 1636.69 -206.1 0.0 33095.0 0.0 897
33.63 3037.5 1631.7 -206.1 0.0 33133.0 0.0 897
33.65 3029.0 1627.07 -206.1 0.0 33290.0 0.0 897
33.68 3020.96 1623.72 -206.1 0.0 33546.0 0.0 897
33.7 3010.79 1620.58 -206.1 0.0 33782.0 0.0 897
33.72 3002.34 1618.43 -206.1 0.0 34017.0 0.0 897
33.74 2991.55 1615.7 -206.4 0.0 34141.0 0.0 897
33.76 2982.64 1613.44 -207.11 0.0 34179.0 0.0 897
33.8 2975.59 1611.06 -210.65 0.0 34179.0 0.0 897
33.82 2963.61 1607.02 -221.68 0.0 34179.0 0.0 897
33.85 2956.92 1604.75 -228.42 0.0 34179.0 0.0 897
33.87 2949.87 1602.38 -235.97 0.0 34179.0 0.0 897
33.89 2942.66 1599.97 -243.98 0.0 34141.0 0.0 897
33.91 2934.71 1597.4 -252.88 0.0 34359.0 0.0 897
33.94 2926.78 1594.9 -261.83 0.0 34526.0 0.0 897
33.96 2917.25 1591.97 -272.69 0.0 34656.0 0.0 897
33.98 2908.59 1589.36 -282.63 0.0 34766.0 0.0 897
34.0 2900.05 1586.83 -292.5 0.0 34877.0 0.0 897
34.02 2892.14 1584.51 -301.68 0.0 35025.0 0.0 897
34.04 2884.11 1582.18 -311.19 0.0 35142.0 0.0 893
34.06 2875.6 1579.73 -321.63 0.0 35280.0 0.0 892
34.08 2866.61 1577.16 -333.04 0.0 35354.0 0.0 892
34.1 2858.57 1574.87 -343.61 0.0 35436.0 0.0 892
34.12 2849.58 1572.33 -355.82 0.0 35518.0 0.0 892
34.14 2840.59 1569.79 -368.44 0.0 35794.0 0.0 892
34.16 2831.59 1567.25 -381.47 0.0 36042.0 0.0 892
34.18 2822.6 1564.71 -394.92 0.0 36277.0 0.0 892
34.2 2814.08 1562.3 -408.04 0.0 36434.0 0.0 892
34.22 2805.56 1559.88 -421.54 0.0 36516.0 0.0 892
34.24 2796.58 1557.31 -436.19 0.0 36598.0 0.0 892
34.26 2787.6 1554.71 -451.26 0.0 36685.0 0.0 892
34.28 2778.16 1551.94 -467.56 0.0 36723.0 0.0 892
34.31 2769.2 1549.29 -483.48 0.0 36723.0 0.0 892
34.33 2759.77 1546.48 -500.68 0.0 36723.0 0.0 892
34.35 2751.3 1543.91 -516.56 0.0 36723.0 0.0 892
34.37 2742.87 1541.33 -526.29 0.0 36723.0 0.0 892
34.38 2734.59 1538.61 -526.29 0.0 36723.0 0.0 892
34.4 2727.27 1536.1 -526.29 0.0 36723.0 0.0 892
34.42 2719.51 1533.35 -526.29 0.0 36723.0 0.0 892
34.44 2710.87 1530.19 -526.29 0.0 36723.0 0.0 892
34.46 2703.16 1527.32 -526.29 0.0 36723.0 0.0 892
34.48 2695.92 1524.59 -526.29 0.0 36723.0 0.0 892
34.5 2687.78 1521.48 -526.29 0.0 36723.0 0.0 889
34.52 2680.1 1518.52 -526.29 0.0 36723.0 0.0 889
34.54 2670.63 1514.83 -526.29 0.0 36723.0 0.0 889
34.56 2662.97 1511.84 -526.29 0.0 36723.0 0.0 889
34.58 2654.86 1508.65 -526.29 0.0 36723.0 0.0 889
34.6 2647.2 1505.64 -526.29 0.0 36723.0 0.0 889
34.62 2639.1 1502.44 -526.29 0.0 36723.0 0.0 889
34.64 2631.0 1499.23 -526.29 0.0 36723.0 0.0 889
34.66 2623.35 1496.2 -526.29 0.0 36723.0 0.0 889
34.68 2615.25 1492.99 -526.29 0.0 36723.0 0.0 889
34.7 2607.6 1489.96 -526.29 0.0 36723.0 0.0 889
34.72 2597.51 1485.95 -512.05 0.0 36723.0 0.0 889
34.74 2589.09 1482.61 -500.81 0.0 36723.0 0.0 889
34.78 2580.68 1479.27 -489.95 0.0 36723.0 0.0 889
34.8 2564.78 1472.95 -470.44 0.0 36723.0 0.0 889
34.82 2556.36 1469.61 -460.65 0.0 36723.0 0.0 889
34.84 2548.42 1466.46 -451.74 0.0 36723.0 0.0 889
34.85 2540.0 1463.11 -442.68 0.0 36723.0 0.0 889
34.87 2531.58 1459.77 -433.98 0.0 36723.0 0.0 889
34.9 2523.17 1456.43 -425.66 0.0 36723.0 0.0 889
34.92 2514.29 1452.9 -417.28 0.0 36723.0 0.0 889
34.93 2505.87 1449.56 -409.73 0.0 36723.0 0.0 889
34.95 2497.92 1446.4 -402.93 0.0 36723.0 0.0 889
34.97 2489.51 1443.05 -396.1 0.0 36723.0 0.0 889
34.99 2481.09 1439.71 -389.64 0.0 36723.0 0.0 889
35.01 2472.21 1436.18 -383.23 0.0 36723.0 0.0 889
35.03 2464.27 1433.02 -377.84 0.0 36723.0 0.0 889
35.05 2456.32 1429.86 -372.79 0.0 36723.0 0.0 915
35.07 2448.84 1426.89 -368.33 0.0 36723.0 0.0 915
35.08 2441.36 1423.92 -364.17 0.0 36723.0 0.0 915
35.1 2434.35 1421.13 -360.54 0.0 36723.0 0.0 915
35.12 2427.34 1418.34 -357.17 0.0 36723.0 0.0 915
35.13 2420.32 1415.56 -354.05 0.0 36723.0 0.0 915
35.15 2413.31 1412.77 -351.2 0.0 36723.0 0.0 915
35.17 2406.77 1410.17 -348.76 0.0 36723.0 0.0 915
35.18 2399.76 1407.38 -346.41 0.0 36723.0 0.0 915
35.2 2392.75 1404.59 -344.31 0.0 36570.0 0.0 915
35.21 2386.2 1401.99 -342.58 0.0 36416.0 0.0 915
35.23 2379.66 1399.39 -341.08 0.0 36302.0 0.0 915
35.24 2373.58 1396.98 -339.89 0.0 36159.0 0.0 915
35.26 2367.5 1394.57 -338.9 0.0 36016.0 0.0 915
35.27 2361.42 1392.17 -338.1 0.0 35831.0 0.0 915
35.29 2354.86 1389.59 -337.45 0.0 35644.0 0.0 915
35.31 2346.9 1386.47 -336.97 0.0 35406.0 0.0 915
35.33 2338.46 1383.2 -336.82 0.0 35164.0 0.0 915
35.35 2328.13 1379.23 -337.14 0.0 35085.0 0.0 915
35.37 2319.66 1376.02 -337.82 0.0 34973.0 0.0 915
35.42 2311.65 1373.02 -338.81 0.0 34677.0 0.0 915
35.43 2291.82 1365.75 -342.66 0.0 34585.0 0.0 915
35.45 2285.19 1363.38 -344.4 0.0 34460.0 0.0 915
35.49 2276.17 1360.19 -347.11 0.0 34273.0 0.0 915
35.52 2260.0 1354.62 -353.01 0.0 34154.0 0.0 895
35.55 2247.12 1350.31 -358.64 0.0 33863.0 0.0 895
35.57 2236.6 1346.87 -363.84 0.0 33691.0 0.0 895
35.61 2224.14 1342.92 -370.71 0.0 33555.0 0.0 895
35.66 2209.22 1338.35 -379.92 0.0 33361.0 0.0 895
35.69 2187.97 1332.15 -394.88 0.0 33145.0 0.0 895
35.76 2174.4 1328.38 -405.56 0.0 32838.0 0.0 895
35.8 2142.74 1320.17 -433.83 0.0 32838.0 0.0 895
35.83 2126.11 1316.19 -450.55 0.0 32838.0 0.0 895
35.88 2111.88 1312.96 -465.86 0.0 32838.0 0.0 895
35.91 2090.22 1308.35 -490.94 0.0 32838.0 0.0 895
35.94 2073.94 1305.1 -511.21 0.0 32838.0 0.0 895
35.97 2061.08 1302.66 -528.06 0.0 32838.0 0.0 895
36.0 2048.62 1300.88 -526.32 0.0 32838.0 0.0 895
36.02 2036.58 1299.68 -526.32 0.0 32838.0 0.0 895
36.12 2025.47 1298.87 -526.32 0.0 31955.0 0.0 895
36.15 1980.95 1298.19 -526.32 0.0 31416.0 0.0 895
36.23 1968.37 1298.38 -526.32 0.0 30133.0 0.0 895
36.3 1936.56 1301.37 -526.32 0.0 29592.0 0.0 895
36.37 1905.74 1307.67 -526.32 0.0 29177.0 0.0 895
36.4 1874.06 1316.57 -526.32 0.0 28977.0 0.0 895
36.45 1861.56 1320.4 -526.32 0.0 28732.0 0.0 895
36.48 1840.51 1327.64 -526.32 0.0 28732.0 0.0 895
36.54 1829.14 1331.78 -531.1 0.0 28656.0 0.0 895
36.57 1802.99 1341.99 -535.22 0.0 28656.0 0.0 895
36.63 1790.4 1347.02 -537.25 0.0 28656.0 0.0 895
36.66 1766.66 1356.73 -540.96 0.0 28656.0 0.0 785
36.69 1755.47 1361.33 -542.71 0.0 28656.0 0.0 785
36.73 1744.29 1365.95 -544.22 0.0 28656.0 0.0 785
36.79 1728.19 1372.61 -546.11 0.0 28656.0 0.0 785
36.86 1701.81 1383.56 -550.03 0.0 28656.0 0.0 785
36.89 1672.77 1395.64 -552.77 0.0 28656.0 0.0 785
36.96 1662.49 1399.92 -554.0 0.0 28656.0 0.0 785
36.98 1634.78 1411.44 -559.07 0.0 28656.0 0.0 785
37.04 1624.5 1415.72 -560.93 0.0 28656.0 0.0 785
37.09 1600.82 1425.57 -567.02 0.0 28656.0 0.0 785
37.12 1579.81 1434.31 -575.77 0.0 28656.0 0.0 785
37.18 1569.98 1438.4 -579.87 0.0 28656.0 0.0 785
37.2 1545.41 1448.62 -589.46 0.0 28656.0 0.0 785
37.23 1534.23 1453.27 -594.88 0.0 28656.0 0.0 785
37.26 1523.51 1457.73 -601.9 0.0 28694.0 0.0 785
37.28 1512.34 1462.38 -607.58 0.0 28694.0 0.0 785
37.31 1501.61 1466.83 -613.06 0.0 28694.0 0.0 785
37.34 1491.32 1471.09 -618.32 0.0 28694.0 0.0 785
37.37 1480.59 1475.52 -623.98 0.0 28694.0 0.0 785
37.39 1468.96 1480.33 -628.26 0.0 28694.0 0.0 785
37.42 1457.77 1484.94 -631.28 0.0 28694.0 0.0 785
37.45 1445.69 1489.93 -634.54 0.0 28694.0 0.0 785
37.49 1433.16 1495.09 -637.93 0.0 28694.0 0.0 785
37.52 1417.5 1501.55 -647.59 0.0 28694.0 0.0 785
37.54 1406.76 1505.97 -653.84 0.0 28694.0 0.0 785
37.57 1396.91 1510.03 -658.85 0.0 28694.0 0.0 785
37.59 1386.17 1514.45 -663.71 0.0 28694.0 0.0 785
37.62 1376.78 1518.33 -665.06 0.0 28579.0 0.0 785
37.64 1366.48 1522.57 -666.55 0.0 28061.0 0.0 785
37.67 1356.65 1526.65 -667.96 0.0 27504.0 0.0 786
37.7 1344.68 1531.9 -669.06 0.0 27245.0 0.0 786
37.72 1335.04 1536.41 -665.2 0.0 26986.0 0.0 786
37.74 1325.51 1541.17 -660.53 0.0 26732.0 0.0 786
37.77 1314.78 1544.14 -656.18 0.0 26516.0 0.0 786
37.79 1304.73 1545.61 -652.59 0.0 26192.0 0.0 786
37.82 1294.09 1546.19 -649.17 0.0 25609.0 0.0 786
37.85 1283.45 1546.16 -648.85 0.0 24774.0 0.0 786
37.87 1270.39 1545.71 -648.85 0.0 23510.0 0.0 786
37.9 1257.81 1545.34 -648.85 0.0 21631.0 0.0 786
37.93 1245.71 1545.48 -648.49 0.0 20004.0 0.0 786
37.95 1234.62 1546.47 -648.49 0.0 18953.0 0.0 786
37.98 1223.68 1548.55 -649.09 0.0 18532.0 0.0 786
38.0 1213.46 1551.53 -650.05 0.0 18435.0 0.0 786
38.03 1203.52 1555.34 -650.67 0.0 18435.0 0.0 786
38.05 1193.82 1559.74 -651.34 0.0 18359.0 0.0 786
38.07 1185.81 1566.0 -652.1 0.0 18321.0 0.0 786
38.1 1178.58 1574.46 -652.1 0.0 18283.0 0.0 786
38.12 1173.07 1583.0 -651.78 0.0 18245.0 0.0 786
38.14 1168.47 1592.06 -651.78 0.0 18207.0 0.0 786
38.17 1164.57 1601.45 -651.78 0.0 18169.0 0.0 786
38.19 1161.23 1611.05 -651.34 0.0 18169.0 0.0 786
38.21 1158.06 1621.72 -651.34 0.0 18169.0 0.0 786
38.24 1155.47 1631.55 -651.34 0.0 18169.0 0.0 786
38.26 1153.21 1640.96 -651.34 0.0 18169.0 0.0 786
38.28 1151.0 1650.88 -651.34 0.0 18016.0 0.0 786
38.31 1148.92 1660.83 -651.34 0.0 17876.0 0.0 786
38.33 1146.97 1670.81 -651.34 0.0 17659.0 0.0 786
38.35 1145.15 1680.81 -650.94 0.0 17393.0 0.0 786
38.37 1143.56 1690.35 -650.94 0.0 17100.0 0.0 786
38.4 1142.01 1700.89 -650.63 0.0 16903.0 0.0 786
38.42 1140.84 1710.01 -650.63 0.0 16735.0 0.0 786
38.44 1139.84 1719.15 -650.63 0.0 16659.0 0.0 786
38.46 1139.04 1727.83 -651.13 0.0 16659.0 0.0 786
38.47 1138.41 1736.03 -651.13 0.0 16659.0 0.0 786
38.49 1137.84 1744.72 -651.13 0.0 16659.0 0.0 786
38.52 1137.35 1753.42 -651.54 0.0 16659.0 0.0 880
38.54 1136.87 1763.09 -651.54 0.0 16659.0 0.0 880
38.56 1136.5 1771.79 -651.54 0.0 16659.0 0.0 880
38.58 1136.17 1780.02 -652.05 0.0 16659.0 0.0 880
38.6 1135.83 1789.21 -652.05 0.0 16659.0 0.0 880
38.62 1135.52 1798.4 -652.58 0.0 16659.0 0.0 880
38.64 1135.24 1807.1 -652.58 0.0 16659.0 0.0 880
38.66 1134.96 1816.3 -653.01 0.0 16659.0 0.0 880
38.68 1134.71 1824.52 -653.01 0.0 16621.0 0.0 880
38.7 1134.45 1833.71 -653.43 0.0 16621.0 0.0 880
38.72 1134.21 1842.42 -653.43 0.0 16621.0 0.0 880
38.74 1133.98 1851.13 -654.08 0.0 16621.0 0.0 880
38.76 1133.75 1860.32 -654.08 0.0 16621.0 0.0 880
38.78 1133.52 1869.52 -654.86 0.0 16621.0 0.0 880
38.8 1133.31 1878.23 -654.86 0.0 16621.0 0.0 880
38.82 1133.1 1886.93 -655.63 0.0 16621.0 0.0 880
38.84 1132.88 1896.13 -656.03 0.0 16621.0 0.0 880
38.86 1132.69 1904.35 -656.43 0.0 16621.0 0.0 880
38.88 1132.49 1913.06 -656.88 0.0 16621.0 0.0 880
38.9 1132.28 1922.26 -657.4 0.0 16621.0 0.0 880
38.92 1132.07 1931.45 -658.05 0.0 16621.0 0.0 880
38.94 1131.86 1940.64 -658.71 0.0 16621.0 0.0 880
38.96 1131.64 1950.32 -659.39 0.0 16621.0 0.0 880
38.98 1131.42 1960.0 -660.08 0.0 16621.0 0.0 880
39.01 1131.22 1968.71 -660.64 0.0 16621.0 0.0 880
39.03 1131.01 1977.9 -661.23 0.0 16621.0 0.0 880
39.05 1130.8 1987.1 -661.97 0.0 16583.0 0.0 880
39.07 1130.58 1996.77 -663.15 0.0 16583.0 0.0 880
39.09 1130.39 2005.48 -664.21 0.0 16583.0 0.0 880
39.11 1130.2 2014.68 -665.33 0.0 16545.0 0.0 880
39.13 1130.0 2024.36 -666.5 0.0 16545.0 0.0 880
39.15 1129.81 2034.03 -667.29 0.0 16545.0 0.0 880
39.17 1129.64 2043.71 -668.08 0.0 16545.0 0.0 880
39.2 1129.48 2052.42 -669.77 0.0 16507.0 0.0 880
39.22 1129.32 2062.1 -672.84 0.0 16507.0 0.0 880
39.24 1129.18 2070.81 -675.59 0.0 16507.0 0.0 880
39.26 1129.05 2080.01 -678.5 0.0 16507.0 0.0 880
39.28 1128.92 2088.72 -681.07 0.0 16507.0 0.0 880
39.3 1128.79 2098.88 -683.28 0.0 16507.0 0.0 880
39.32 1128.67 2108.08 -685.28 0.0 16507.0 0.0 880
39.34 1128.55 2117.76 -688.25 0.0 16507.0 0.0 880
39.37 1128.44 2126.95 -671.09 0.0 16507.0 0.0 880
39.39 1128.32 2136.63 -670.32 0.0 16507.0 0.0 880
39.41 1128.21 2145.34 -669.59 0.0 16507.0 0.0 880
39.43 1128.1 2155.02 -669.29 0.0 16545.0 0.0 880
39.45 1127.99 2164.22 -669.29 0.0 16545.0 0.0 880
39.47 1127.88 2173.41 -669.29 0.0 16545.0 0.0 880
39.49 1127.75 2183.09 -669.29 0.0 16545.0 0.0 880
39.52 1127.61 2192.77 -669.29 0.0 16545.0 0.0 880
39.54 1127.47 2202.93 -669.29 0.0 16545.0 0.0 880
39.56 1127.33 2212.61 -669.29 0.0 16545.0 0.0 880
39.58 1127.19 2222.29 -670.96 0.0 16545.0 0.0 880
39.61 1127.04 2231.97 -670.96 0.0 16545.0 0.0 880
39.63 1126.88 2242.62 -670.96 0.0 16545.0 0.0 880
39.65 1126.73 2252.78 -671.4 0.0 16545.0 0.0 875
39.68 1126.57 2263.43 -671.4 0.0 16545.0 0.0 875
39.7 1126.42 2273.11 -671.4 0.0 16545.0 0.0 875
39.73 1126.24 2285.2 -671.4 0.0 16545.0 0.0 875
39.75 1126.09 2294.88 -671.4 0.0 16545.0 0.0 875
39.77 1125.93 2305.05 -671.91 0.0 16545.0 0.0 875
39.79 1125.77 2315.69 -671.91 0.0 16545.0 0.0 875
39.82 1125.62 2325.37 -671.91 0.0 16545.0 0.0 875
39.84 1125.47 2335.53 -671.91 0.0 16545.0 0.0 875
39.87 1125.29 2347.15 -672.33 0.0 16545.0 0.0 875
39.9 1125.09 2360.22 -672.33 0.0 16545.0 0.0 875
39.92 1124.92 2370.86 -672.33 0.0 16545.0 0.0 875
39.94 1124.77 2381.03 -672.33 0.0 16545.0 0.0 875
39.97 1124.61 2391.19 -672.76 0.0 16545.0 0.0 875
39.99 1124.46 2401.35 -672.76 0.0 16545.0 0.0 875
40.01 1124.3 2411.51 -672.76 0.0 16545.0 0.0 875
40.04 1124.15 2421.68 -672.76 0.0 16545.0 0.0 875
40.06 1124.0 2431.36 -673.1 0.0 16545.0 0.0 875
40.08 1123.86 2440.07 -673.1 0.0 16545.0 0.0 875
40.1 1123.72 2449.26 -673.1 0.0 16545.0 0.0 875
40.12 1123.58 2458.46 -673.1 0.0 16545.0 0.0 875
40.14 1123.44 2467.65 -673.1 0.0 16545.0 0.0 875
40.16 1123.31 2476.36 -673.1 0.0 16545.0 0.0 875
40.18 1123.17 2485.56 -673.1 0.0 16545.0 0.0 875
40.21 1123.03 2494.75 -673.1 0.0 16545.0 0.0 875
40.24 1122.8 2509.75 -673.1 0.0 16545.0 0.0 875
40.28 1122.63 2520.4 -673.1 0.0 16545.0 0.0 875
40.3 1122.38 2536.85 -673.1 0.0 16545.0 0.0 875
40.32 1122.22 2547.5 -673.1 0.0 16545.0 0.0 875
40.34 1122.08 2556.7 -673.1 0.0 16545.0 0.0 875
40.36 1121.93 2565.89 -673.1 0.0 16545.0 0.0 878
40.38 1121.79 2575.09 -673.1 0.0 16545.0 0.0 878
40.41 1121.64 2584.76 -673.1 0.0 16545.0 0.0 878
40.43 1121.5 2593.96 -673.1 0.0 16545.0 0.0 878
40.45 1121.35 2603.64 -673.1 0.0 16545.0 0.0 878
40.47 1121.21 2612.83 -673.1 0.0 16545.0 0.0 878
40.49 1121.07 2622.03 -673.1 0.0 16545.0 0.0 878
40.51 1120.93 2631.22 -673.1 0.0 16545.0 0.0 878
40.53 1120.79 2640.42 -673.1 0.0 16545.0 0.0 878
40.55 1120.65 2649.61 -673.1 0.0 16545.0 0.0 878
40.57 1120.5 2659.29 -673.1 0.0 16545.0 0.0 878
40.59 1120.37 2668.0 -673.1 0.0 16545.0 0.0 878
40.62 1120.23 2677.2 -673.1 0.0 16545.0 0.0 878
40.64 1120.08 2686.39 -673.1 0.0 16545.0 0.0 878
40.66 1119.94 2695.59 -673.1 0.0 16545.0 0.0 878
40.68 1119.79 2705.27 -673.1 0.0 16545.0 0.0 878
40.7 1119.65 2714.46 -673.1 0.0 16545.0 0.0 878
40.72 1119.51 2723.66 -673.1 0.0 16545.0 0.0 878
40.74 1119.37 2732.85 -673.1 0.0 16545.0 0.0 878
40.76 1119.22 2742.53 -673.1 0.0 16545.0 0.0 878
40.79 1119.08 2751.72 -673.1 0.0 16545.0 0.0 878
40.81 1118.93 2761.4 -673.1 0.0 16545.0 0.0 878
40.83 1118.8 2770.11 -673.1 0.0 16545.0 0.0 878
40.85 1118.65 2779.79 -673.1 0.0 16545.0 0.0 878
40.87 1118.5 2789.47 -673.1 0.0 16545.0 0.0 860
40.89 1118.36 2798.67 -673.1 0.0 16545.0 0.0 860
40.91 1118.22 2807.86 -673.1 0.0 16545.0 0.0 860
40.93 1118.09 2816.57 -673.1 0.0 16545.0 0.0 860
40.95 1117.95 2825.77 -673.1 0.0 16545.0 0.0 860
40.97 1117.8 2834.96 -673.1 0.0 16545.0 0.0 860
41.0 1117.66 2844.16 -673.1 0.0 16545.0 0.0 860
41.02 1117.51 2854.32 -673.1 0.0 16545.0 0.0 860
41.04 1117.36 2864.0 -673.1 0.0 16545.0 0.0 860
41.06 1117.22 2873.19 -673.1 0.0 16545.0 0.0 860
41.08 1117.07 2882.87 -673.1 0.0 16430.0 0.0 860
41.11 1116.92 2892.55 -673.1 0.0 16392.0 0.0 860
41.13 1116.79 2902.71 -673.1 0.0 16354.0 0.0 860
41.15 1116.7 2912.39 -673.1 0.0 16316.0 0.0 860
41.17 1116.64 2921.59 -673.1 0.0 16278.0 0.0 869
41.19 1116.61 2930.79 -673.1 0.0 16240.0 0.0 869
41.21 1116.61 2939.98 -673.1 0.0 16240.0 0.0 869
41.23 1116.64 2949.18 -673.1 0.0 16202.0 0.0 869
41.26 1116.7 2958.37 -673.1 0.0 16202.0 0.0 869
41.28 1116.78 2968.05 -673.1 0.0 16164.0 0.0 869
41.3 1116.88 2977.25 -673.1 0.0 16164.0 0.0 869
41.32 1117.01 2986.44 -673.1 0.0 16164.0 0.0 869
41.34 1117.15 2996.12 -673.1 0.0 16164.0 0.0 869
41.36 1117.32 3005.8 -673.1 0.0 16164.0 0.0 869
41.38 1117.48 3015.0 -673.1 0.0 16164.0 0.0 869
41.41 1117.66 3024.68 -673.1 0.0 16164.0 0.0 869
41.43 1117.84 3033.87 -673.1 0.0 16164.0 0.0 869
41.45 1118.02 3043.06 -673.1 0.0 16164.0 0.0 883
41.47 1118.21 3052.74 -673.1 0.0 16164.0 0.0 883
41.49 1118.42 3062.9 -673.1 0.0 16164.0 0.0 883
41.52 1118.62 3072.58 -673.1 0.0 16164.0 0.0 883
41.54 1118.83 3082.74 -673.1 0.0 16164.0 0.0 883
41.56 1119.06 3093.87 -673.1 0.0 16164.0 0.0 883
41.59 1119.27 3104.03 -673.1 0.0 16164.0 0.0 883
41.61 1119.49 3114.68 -673.1 0.0 16164.0 0.0 883
41.64 1119.7 3124.36 -673.1 0.0 16164.0 0.0 883
41.66 1119.92 3135.0 -673.1 0.0 16164.0 0.0 883
41.68 1120.14 3145.17 -673.1 0.0 16164.0 0.0 883
41.71 1120.35 3155.33 -673.1 0.0 16164.0 0.0 883
41.73 1120.57 3165.97 -673.1 0.0 16164.0 0.0 883
41.76 1120.81 3177.1 -673.1 0.0 16164.0 0.0 883
41.78 1121.03 3187.75 -673.1 0.0 16164.0 0.0 883
41.8 1121.27 3198.88 -673.1 0.0 16164.0 0.0 883
41.83 1121.49 3209.52 -673.1 0.0 16164.0 0.0 883
41.85 1121.71 3219.69 -673.1 0.0 16164.0 0.0 883
41.88 1121.95 3231.3 -673.1 0.0 16164.0 0.0 883
41.9 1122.16 3241.46 -673.1 0.0 16164.0 0.0 886
41.93 1122.4 3252.59 -673.1 0.0 16164.0 0.0 886
41.95 1122.62 3263.24 -673.1 0.0 16164.0 0.0 886
41.97 1122.85 3273.88 -673.1 0.0 16164.0 0.0 886
42.0 1123.06 3284.04 -673.1 0.0 16164.0 0.0 886
42.02 1123.27 3293.72 -673.1 0.0 16164.0 0.0 886
42.04 1123.49 3304.37 -673.1 0.0 16164.0 0.0 886
42.07 1123.7 3314.05 -673.1 0.0 16164.0 0.0 886
42.09 1123.91 3324.21 -673.1 0.0 16164.0 0.0 886
42.11 1124.12 3334.37 -673.1 0.0 16164.0 0.0 886
42.13 1124.35 3345.01 -673.1 0.0 16164.0 0.0 886
42.16 1124.55 3354.69 -673.1 0.0 16164.0 0.0 886
42.18 1124.77 3364.85 -673.1 0.0 16164.0 0.0 886
42.21 1124.99 3375.5 -673.1 0.0 16164.0 0.0 886
42.23 1125.21 3385.66 -673.1 0.0 16164.0 0.0 886
42.25 1125.4 3394.85 -673.1 0.0 16164.0 0.0 886
42.27 1125.61 3405.02 -673.1 0.0 16164.0 0.0 886
42.29 1125.82 3414.69 -672.83 0.0 16164.0 0.0 886
42.31 1126.02 3424.37 -672.83 0.0 16164.0 0.0 886
42.33 1126.22 3433.57 -672.83 0.0 16164.0 0.0 886
42.36 1126.41 3442.76 -672.55 0.0 16164.0 0.0 886
42.38 1126.63 3452.92 -672.55 0.0 16164.0 0.0 886
42.4 1126.82 3462.11 -672.55 0.0 16164.0 0.0 886
42.42 1127.02 3471.79 -672.27 0.0 16164.0 0.0 886
42.44 1127.22 3480.99 -672.27 0.0 16164.0 0.0 886
42.46 1127.41 3490.18 -672.27 0.0 16164.0 0.0 886
42.48 1127.61 3499.37 -672.0 0.0 16164.0 0.0 886
42.5 1127.78 3507.6 -672.0 0.0 16164.0 0.0 886
42.52 1127.97 3516.79 -672.0 0.0 16164.0 0.0 886
42.54 1128.16 3525.5 -671.74 0.0 16164.0 0.0 886
42.56 1128.34 3534.21 -671.74 0.0 16164.0 0.0 886
42.58 1128.52 3542.92 -671.74 0.0 16164.0 0.0 886
42.6 1128.7 3551.15 -671.48 0.0 16164.0 0.0 886
42.62 1128.87 3559.38 -671.48 0.0 16164.0 0.0 886
42.64 1129.05 3568.09 -670.06 0.0 16164.0 0.0 886
42.66 1129.23 3576.31 -670.06 0.0 16164.0 0.0 886
42.68 1129.4 3584.54 -670.06 0.0 16164.0 0.0 886
42.69 1129.59 3593.25 -670.06 0.0 16164.0 0.0 873
42.71 1129.75 3600.99 -669.65 0.0 16164.0 0.0 873
42.73 1129.92 3609.22 -669.65 0.0 16164.0 0.0 873
42.75 1130.11 3617.93 -669.35 0.0 16164.0 0.0 873
42.77 1130.28 3626.15 -669.35 0.0 16164.0 0.0 873
42.79 1130.46 3634.86 -669.35 0.0 16164.0 0.0 873
42.81 1130.64 3643.09 -669.35 0.0 16164.0 0.0 873
42.83 1130.81 3651.31 -669.35 0.0 16164.0 0.0 873
42.85 1130.99 3660.02 -669.35 0.0 16164.0 0.0 873
42.87 1131.17 3668.25 -669.35 0.0 16164.0 0.0 873
42.89 1131.34 3676.48 -669.86 0.0 16164.0 0.0 873
42.91 1131.53 3685.19 -670.92 0.0 16164.0 0.0 873
42.92 1131.71 3693.9 -672.01 0.0 16164.0 0.0 873
42.94 1131.88 3702.12 -675.16 0.0 16164.0 0.0 873
42.97 1132.06 3710.35 -674.18 0.0 16164.0 0.0 873
42.98 1132.26 3720.03 -673.2 0.0 16164.0 0.0 873
43.0 1132.44 3728.74 -672.5 0.0 16164.0 0.0 873
43.02 1132.63 3737.45 -671.99 0.0 16164.0 0.0 873
43.05 1132.81 3746.16 -671.47 0.0 16164.0 0.0 873
43.07 1133.02 3755.83 -670.9 0.0 16164.0 0.0 873
43.09 1133.21 3765.03 -670.9 0.0 16164.0 0.0 873
43.11 1133.38 3773.25 -670.9 0.0 16164.0 0.0 873
43.13 1133.57 3781.96 -670.9 0.0 16164.0 0.0 873
43.15 1133.75 3790.67 -670.9 0.0 16164.0 0.0 873
43.17 1133.95 3799.87 -670.9 0.0 16164.0 0.0 873
43.19 1134.12 3808.09 -670.9 0.0 16164.0 0.0 873
43.2 1134.3 3816.8 -670.9 0.0 16164.0 0.0 873
43.22 1134.49 3825.51 -670.9 0.0 16164.0 0.0 873
43.24 1134.66 3833.74 -670.9 0.0 16164.0 0.0 873
43.26 1134.84 3842.45 -670.9 0.0 16164.0 0.0 873
43.28 1135.01 3850.19 -670.9 0.0 16164.0 0.0 873
43.3 1135.2 3859.39 -671.37 0.0 16164.0 0.0 873
43.32 1135.38 3867.61 -671.37 0.0 16164.0 0.0 873
43.34 1135.54 3875.35 -671.37 0.0 16164.0 0.0 873
43.36 1135.71 3883.58 -671.37 0.0 16164.0 0.0 873
43.38 1135.91 3892.77 -671.37 0.0 16164.0 0.0 873
43.39 1136.07 3900.52 -671.05 0.0 16164.0 0.0 873
43.41 1136.24 3908.74 -671.05 0.0 16164.0 0.0 873
43.43 1136.42 3916.97 -670.66 0.0 16164.0 0.0 873
43.45 1136.58 3924.71 -670.66 0.0 16164.0 0.0 873
43.47 1136.75 3932.94 -670.66 0.0 16164.0 0.0 873
43.48 1136.92 3940.68 -670.66 0.0 16164.0 0.0 873
43.5 1137.08 3948.42 -670.66 0.0 16164.0 0.0 873
43.52 1137.24 3956.16 -670.66 0.0 16164.0 0.0 873
43.54 1137.42 3964.39 -670.66 0.0 16164.0 0.0 873
43.56 1137.6 3973.1 -670.66 0.0 16164.0 0.0 873
43.58 1137.77 3981.33 -670.66 0.0 16164.0 0.0 873
43.59 1137.95 3989.55 -670.66 0.0 16164.0 0.0 873
43.61 1138.1 3996.81 -670.66 0.0 16164.0 0.0 873
43.63 1138.28 4005.04 -670.66 0.0 16164.0 0.0 873
43.65 1138.43 4012.29 -670.36 0.0 16164.0 0.0 873
43.67 1138.6 4020.52 -670.36 0.0 16164.0 0.0 873
43.68 1138.78 4028.75 -671.04 0.0 16164.0 0.0 873
43.7 1138.94 4036.49 -671.04 0.0 16164.0 0.0 873
43.72 1139.1 4044.23 -671.58 0.0 16164.0 0.0 873
43.74 1139.27 4051.97 -671.58 0.0 16164.0 0.0 873
43.75 1139.43 4059.72 -672.15 0.0 16164.0 0.0 873
43.77 1139.59 4067.46 -672.15 0.0 16164.0 0.0 873
43.79 1139.77 4075.68 -672.77 0.0 16164.0 0.0 873
43.81 1139.93 4083.43 -673.19 0.0 16164.0 0.0 873
43.83 1140.1 4091.65 -673.67 0.0 16164.0 0.0 873
43.84 1140.26 4098.91 -674.09 0.0 16164.0 0.0 873
43.86 1140.42 4106.65 -674.54 0.0 16164.0 0.0 867
43.88 1140.57 4113.91 -674.96 0.0 16164.0 0.0 867
43.89 1140.73 4121.17 -675.36 0.0 16164.0 0.0 867
43.91 1140.89 4128.91 -675.78 0.0 16164.0 0.0 867
43.93 1141.04 4136.17 -675.78 0.0 16164.0 0.0 867
43.95 1141.22 4144.4 -676.73 0.0 16164.0 0.0 867
43.96 1141.39 4152.62 -677.43 0.0 16164.0 0.0 867
43.98 1141.54 4159.88 -678.05 0.0 16164.0 0.0 867
44.0 1141.71 4167.62 -678.72 0.0 16164.0 0.0 867
44.02 1141.87 4175.36 -679.38 0.0 16164.0 0.0 867
44.04 1142.04 4183.59 -680.09 0.0 16164.0 0.0 867
44.05 1142.21 4191.33 -680.78 0.0 16164.0 0.0 867
44.07 1142.37 4199.07 -681.47 0.0 16164.0 0.0 867
44.09 1142.54 4207.3 -681.95 0.0 16164.0 0.0 867
44.11 1142.72 4215.53 -681.6 0.0 16164.0 0.0 867
44.13 1142.89 4223.75 -681.6 0.0 16164.0 0.0 867
44.15 1143.05 4231.5 -681.22 0.0 16164.0 0.0 867
44.16 1143.23 4239.72 -681.22 0.0 16164.0 0.0 867
44.18 1143.39 4247.46 -680.84 0.0 16164.0 0.0 867
44.2 1143.56 4255.69 -680.84 0.0 16164.0 0.0 867
44.22 1143.73 4263.43 -680.52 0.0 16164.0 0.0 867
44.24 1143.89 4271.17 -680.52 0.0 16164.0 0.0 867
44.26 1144.06 4279.4 -681.28 0.0 16164.0 0.0 867
44.27 1144.25 4288.11 -681.89 0.0 16164.0 0.0 867
44.29 1144.41 4295.85 -682.43 0.0 16164.0 0.0 867
44.34 1144.58 4304.08 -683.0 0.0 16164.0 0.0 867
44.36 1145.01 4324.4 -684.55 0.0 16164.0 0.0 867
44.38 1145.24 4335.05 -685.15 0.0 16164.0 0.0 867
44.4 1145.4 4342.79 -684.6 0.0 16164.0 0.0 867
44.42 1145.58 4351.5 -684.15 0.0 16164.0 0.0 867
44.44 1145.75 4359.24 -683.75 0.0 16164.0 0.0 867
44.45 1145.91 4366.98 -683.35 0.0 16164.0 0.0 867
44.47 1147.26 4374.61 -682.91 0.0 15857.0 0.0 867
44.49 1149.96 4382.89 -682.43 0.0 15183.0 0.0 867
44.51 1153.61 4390.8 -682.05 0.0 14584.0 0.0 867
44.53 1157.8 4397.89 -681.54 0.0 14138.0 0.0 867
44.55 1163.24 4405.3 -680.19 0.0 13929.0 0.0 867
44.57 1169.32 4412.2 -679.1 0.0 13817.0 0.0 867
44.59 1175.14 4418.01 -678.26 0.0 13741.0 0.0 867
44.61 1181.64 4423.81 -677.41 0.0 13592.0 0.0 867
44.63 1188.01 4429.02 -676.63 0.0 13443.0 0.0 867
44.65 1194.57 4434.0 -675.88 0.0 13294.0 0.0 867
44.67 1201.27 4438.76 -675.15 0.0 13118.0 0.0 867
44.68 1207.7 4443.08 -674.49 0.0 12856.0 0.0 867
44.7 1214.65 4447.48 -673.8 0.0 12594.0 0.0 867
44.72 1221.71 4451.71 -673.1 0.0 12295.0 0.0 867
44.74 1228.88 4455.75 -672.39 0.0 11943.0 0.0 867
44.76 1235.71 4459.39 -672.1 0.0 11494.0 0.0 867
44.78 1243.08 4463.05 -671.77 0.0 11177.0 0.0 867
44.8 1250.12 4466.29 -671.44 0.0 10766.0 0.0 867
44.82 1259.05 4470.01 -671.07 0.0 10354.0 0.0 864
44.83 1266.75 4472.93 -670.79 0.0 10037.0 0.0 864
44.85 1274.07 4475.44 -670.79 0.0 9720.0 0.0 864
44.87 1281.83 4479.39 -670.14 0.0 9308.0 0.0 864
44.89 1288.76 4483.83 -669.64 0.0 8821.0 0.0 864
44.91 1295.36 4488.75 -669.11 0.0 8304.0 0.0 864
44.93 1301.38 4493.63 -668.66 0.0 7709.0 0.0 864
44.95 1308.88 4498.05 -668.32 0.0 7260.0 0.0 864
44.97 1316.43 4501.33 -668.32 0.0 6705.0 0.0 864
44.99 1324.76 4503.88 -668.32 0.0 6031.0 0.0 864
45.01 1333.3 4505.6 -668.32 0.0 5138.0 0.0 864
45.03 1342.45 4506.53 -668.32 0.0 4292.0 0.0 864
45.04 1350.19 4506.69 -668.83 0.0 3446.0 0.0 864
45.06 1357.92 4506.23 -669.28 0.0 2811.0 0.0 864
45.08 1365.59 4505.15 -670.24 0.0 2388.0 0.0 864
45.1 1373.15 4503.49 -671.28 0.0 2314.0 0.0 864
45.12 1381.32 4502.5 -672.28 0.0 2314.0 0.0 862
45.13 1389.54 4502.11 -673.21 0.0 2390.0 0.0 862
45.15 1397.28 4502.17 -674.01 0.0 2060.0 0.0 862
45.17 1404.53 4502.54 -674.43 0.0 1743.0 0.0 862
45.19 1413.21 4503.27 -674.83 0.0 1444.0 0.0 862
45.21 1421.4 4504.11 -674.83 0.0 1145.0 0.0 862
45.22 1429.58 4505.02 -674.83 0.0 914.0 0.0 862
45.24 1436.79 4505.82 -674.83 0.0 782.0 0.0 862
45.26 1444.01 4506.58 -674.83 0.0 716.0 0.0 862
45.27 1451.24 4507.3 -674.5 0.0 716.0 0.0 862
45.29 1458.46 4507.98 -674.5 0.0 831.0 0.0 862
45.3 1465.21 4508.59 -674.5 0.0 962.0 0.0 862
45.32 1472.45 4509.22 -674.5 0.0 1177.0 0.0 862
45.34 1479.2 4509.81 -674.5 0.0 1374.0 0.0 862
45.35 1486.42 4510.49 -675.19 0.0 1589.0 0.0 862
45.37 1493.17 4511.16 -675.19 0.0 1742.0 0.0 862
45.38 1499.9 4511.9 -675.19 0.0 1873.0 0.0 862
45.4 1507.11 4512.78 -675.19 0.0 1934.0 0.0 862
45.41 1513.83 4513.66 -675.19 0.0 1934.0 0.0 862
45.43 1520.54 4514.62 -675.19 0.0 1934.0 0.0 862
45.45 1527.24 4515.62 -675.19 0.0 1934.0 0.0 862
45.46 1533.93 4516.67 -674.93 0.0 1934.0 0.0 862
45.48 1540.62 4517.76 -674.93 0.0 1934.0 0.0 862
45.49 1547.3 4518.87 -674.93 0.0 1934.0 0.0 862
45.51 1554.46 4520.1 -674.57 0.0 1934.0 0.0 862
