9.9 523.79 1677.82 175.0 0.0 5396.0 0.0 661
10.04 523.79 1677.82 177.15 0.0 5396.0 0.0 661
10.05 523.79 1677.82 177.85 0.0 5396.0 0.0 661
10.08 524.74 1678.36 177.85 0.0 5396.0 0.0 661
10.1 526.64 1679.44 177.85 0.0 5320.0 0.0 661
10.12 529.68 1681.16 177.85 0.0 4797.0 0.0 661
10.15 533.53 1683.34 177.85 0.0 4335.0 0.0 661
10.17 538.66 1686.11 177.85 0.0 4096.0 0.0 661
10.2 544.93 1689.28 177.85 0.0 3810.0 0.0 661
10.22 552.74 1693.0 177.85 0.0 3670.0 0.0 661
10.25 560.5 1696.49 177.85 0.0 3355.0 0.0 661
10.27 572.54 1701.56 177.85 0.0 3103.0 0.0 661
10.29 580.63 1704.79 177.85 0.0 2767.0 0.0 661
10.31 588.78 1707.88 177.85 0.0 2442.0 0.0 661
10.33 597.46 1710.93 177.85 0.0 2064.0 0.0 661
10.35 605.74 1713.62 177.85 0.0 1602.0 0.0 661
10.37 614.1 1716.09 177.85 0.0 1102.0 0.0 661
10.39 622.99 1718.42 177.85 0.0 545.0 0.0 661
10.41 632.45 1720.51 177.85 0.0 25.0 0.0 661
10.44 642.46 1722.26 177.85 0.0 64988.0 0.0 661
10.46 651.57 1723.48 177.85 0.0 64371.0 0.0 661
10.48 660.73 1724.29 177.85 0.0 63494.0 0.0 661
10.5 670.89 1724.65 177.85 0.0 62405.0 0.0 660
10.53 681.53 1724.35 177.85 0.0 61230.0 0.0 660
10.56 692.6 1723.18 177.85 0.0 59930.0 0.0 660
10.58 703.99 1720.91 177.85 0.0 58595.0 0.0 660
10.61 714.65 1717.68 177.85 0.0 57242.0 0.0 660
10.63 724.9 1713.35 177.85 0.0 55617.0 0.0 660
10.66 735.4 1707.33 177.85 0.0 54122.0 0.0 660
10.69 744.31 1700.66 177.85 0.0 52562.0 0.0 660
10.71 752.6 1692.52 177.85 0.0 51294.0 0.0 660
10.73 758.94 1684.57 177.85 0.0 50273.0 0.0 660
10.75 764.46 1675.47 177.85 0.0 49681.0 0.0 685
10.77 766.87 1667.97 177.85 0.0 49305.0 0.0 685
10.79 767.6 1659.72 177.85 0.0 49096.0 0.0 685
10.81 766.73 1651.25 177.85 0.0 49058.0 0.0 685
10.83 764.72 1643.27 177.85 0.0 49058.0 0.0 685
10.84 762.22 1636.45 177.85 0.0 49058.0 0.0 685
10.86 758.92 1629.45 177.85 0.0 49058.0 0.0 685
10.88 755.12 1622.7 177.85 0.0 49058.0 0.0 685
10.89 751.22 1616.58 177.85 0.0 49058.0 0.0 685
10.91 747.35 1611.02 177.85 0.0 49058.0 0.0 685
10.93 742.99 1605.21 177.85 0.0 49058.0 0.0 685
10.94 738.46 1599.54 177.85 0.0 49058.0 0.0 685
10.96 733.8 1593.97 177.85 0.0 49058.0 0.0 685
10.98 729.04 1588.49 177.85 0.0 49058.0 0.0 685
10.99 723.86 1582.73 177.85 0.0 49058.0 0.0 685
11.01 720.0 1577.16 177.85 0.0 49058.0 0.0 685
11.02 716.55 1570.77 177.85 0.0 49058.0 0.0 685
11.04 713.86 1564.55 177.85 0.0 49058.0 0.0 685
11.06 711.5 1557.69 177.85 0.0 49058.0 0.0 685
11.07 709.57 1550.69 177.85 0.0 49058.0 0.0 685
11.09 708.07 1544.08 177.85 0.0 49058.0 0.0 685
11.1 706.76 1536.94 177.85 0.0 49058.0 0.0 685
11.12 705.75 1530.24 177.85 0.0 49058.0 0.0 685
11.14 704.86 1523.04 177.85 0.0 49058.0 0.0 685
11.15 704.17 1516.3 177.85 0.0 49058.0 0.0 685
11.17 704.48 1509.53 177.85 0.0 49058.0 0.0 685
11.18 705.65 1502.85 177.85 0.0 49058.0 0.0 685
11.2 707.7 1495.89 177.85 0.0 49058.0 0.0 685
11.22 710.17 1489.58 177.85 0.0 49058.0 0.0 685
11.23 713.33 1483.04 177.85 0.0 49058.0 0.0 685
11.25 716.9 1476.72 177.85 0.0 49058.0 0.0 685
11.26 721.06 1470.19 177.85 0.0 49058.0 0.0 685
11.28 724.91 1464.61 177.85 0.0 49058.0 0.0 685
11.3 729.54 1458.4 177.85 0.0 49058.0 0.0 685
11.32 733.72 1453.07 177.85 0.0 49058.0 0.0 685
11.33 738.63 1447.08 177.85 0.0 49058.0 0.0 685
11.35 743.34 1441.55 177.85 0.0 49058.0 0.0 685
11.36 748.11 1436.09 177.85 0.0 49058.0 0.0 685
11.38 752.63 1431.04 177.85 0.0 49058.0 0.0 685
11.4 757.19 1426.02 177.85 0.0 49058.0 0.0 685
11.41 762.44 1420.33 177.85 0.0 49058.0 0.0 685
11.43 767.06 1415.38 177.85 0.0 49058.0 0.0 685
11.45 771.23 1409.43 177.85 0.0 49058.0 0.0 685
11.46 774.67 1403.04 177.85 0.0 49058.0 0.0 685
11.48 777.49 1396.35 177.85 0.0 49058.0 0.0 685
11.49 779.78 1389.46 177.85 0.0 49058.0 0.0 685
11.51 781.63 1382.44 177.85 0.0 49058.0 0.0 685
11.53 783.04 1375.81 177.85 0.0 49058.0 0.0 685
11.54 784.31 1368.18 177.85 0.0 49058.0 0.0 685
11.56 785.21 1361.46 177.85 0.0 49058.0 0.0 685
11.58 786.01 1353.76 177.85 0.0 49058.0 0.0 685
11.59 786.57 1347.0 177.85 0.0 49058.0 0.0 685
11.61 787.05 1339.76 177.85 0.0 49058.0 0.0 685
11.63 787.41 1332.51 177.85 0.0 49058.0 0.0 685
11.64 787.7 1325.25 177.85 0.0 49058.0 0.0 685
11.66 787.91 1318.48 177.85 0.0 49058.0 0.0 692
11.67 788.07 1311.22 177.85 0.0 49058.0 0.0 692
11.69 788.19 1304.45 177.85 0.0 49058.0 0.0 692
11.71 788.26 1298.16 177.85 0.0 49058.0 0.0 692
11.72 788.33 1290.41 177.85 0.0 49058.0 0.0 692
11.74 788.36 1283.64 177.85 0.0 49058.0 0.0 692
11.75 788.38 1276.86 177.85 0.0 49058.0 0.0 692
11.77 788.38 1270.57 177.85 0.0 49058.0 0.0 692
11.78 788.37 1263.79 177.85 0.0 49058.0 0.0 692
11.8 788.35 1257.02 177.85 0.0 49058.0 0.0 692
11.81 787.41 1250.31 177.85 0.0 49058.0 0.0 692
11.83 785.54 1243.29 177.85 0.0 49058.0 0.0 692
11.84 783.38 1237.38 177.85 0.0 49096.0 0.0 692
11.86 780.56 1231.22 177.85 0.0 49291.0 0.0 692
11.87 777.35 1225.25 177.85 0.0 49412.0 0.0 692
11.89 774.11 1219.86 177.85 0.0 49621.0 0.0 692
11.9 770.11 1213.8 177.85 0.0 49621.0 0.0 692
11.92 766.51 1208.64 177.85 0.0 49621.0 0.0 692
11.93 762.5 1203.18 177.85 0.0 49621.0 0.0 692
11.95 759.16 1197.28 177.85 0.0 49621.0 0.0 692
11.96 756.58 1191.55 177.85 0.0 49621.0 0.0 692
11.98 754.45 1185.63 177.85 0.0 49621.0 0.0 692
11.99 752.51 1178.63 177.85 0.0 49621.0 0.0 692
12.01 751.23 1172.96 177.85 0.0 49621.0 0.0 692
12.02 750.06 1166.29 177.85 0.0 49621.0 0.0 692
12.04 749.16 1159.57 177.85 0.0 49621.0 0.0 692
12.05 748.51 1153.32 177.85 0.0 49621.0 0.0 692
12.07 747.97 1146.08 177.85 0.0 49621.0 0.0 692
12.08 747.62 1139.79 177.85 0.0 49621.0 0.0 692
12.1 747.39 1133.51 177.85 0.0 49621.0 0.0 692
12.11 747.23 1126.25 177.85 0.0 49621.0 0.0 692
12.13 747.16 1119.47 177.85 0.0 49621.0 0.0 692
12.15 747.17 1112.7 177.85 0.0 49621.0 0.0 692
12.16 747.22 1105.92 177.85 0.0 49621.0 0.0 692
12.18 747.33 1099.15 177.85 0.0 49621.0 0.0 692
12.19 747.46 1092.37 177.85 0.0 49621.0 0.0 692
12.21 747.62 1086.08 177.85 0.0 49621.0 0.0 692
12.22 747.81 1079.31 177.85 0.0 49621.0 0.0 692
12.24 748.04 1072.05 177.85 0.0 49621.0 0.0 692
12.25 748.27 1065.28 177.85 0.0 49621.0 0.0 692
12.27 748.51 1058.51 177.85 0.0 49621.0 0.0 692
12.29 748.77 1051.74 177.85 0.0 49621.0 0.0 692
12.3 749.09 1043.51 177.85 0.0 49697.0 0.0 692
12.32 749.38 1036.26 177.85 0.0 49766.0 0.0 692
12.34 749.69 1029.01 177.85 0.0 49863.0 0.0 692
12.35 750.0 1022.24 177.85 0.0 50123.0 0.0 692
12.37 750.39 1014.5 177.85 0.0 50416.0 0.0 684
12.38 750.78 1007.74 177.85 0.0 50695.0 0.0 684
12.4 751.29 1000.5 177.85 0.0 51053.0 0.0 684
12.42 751.86 993.74 177.85 0.0 51379.0 0.0 684
12.43 752.55 987.0 177.85 0.0 51728.0 0.0 684
12.45 753.44 979.8 177.85 0.0 52030.0 0.0 684
12.46 754.35 973.57 177.85 0.0 52239.0 0.0 684
12.48 755.58 966.42 177.85 0.0 52588.0 0.0 684
12.5 756.98 959.29 177.85 0.0 52937.0 0.0 684
12.51 758.56 952.21 177.85 0.0 53179.0 0.0 684
12.53 760.09 946.1 177.85 0.0 53439.0 0.0 684
12.54 761.9 939.57 177.85 0.0 53732.0 0.0 684
12.56 763.87 933.09 177.85 0.0 53927.0 0.0 684
12.57 765.1 926.43 177.85 0.0 54090.0 0.0 684
12.59 765.73 919.68 177.85 0.0 54220.0 0.0 684
12.6 765.86 912.91 177.85 0.0 54350.0 0.0 684
12.62 765.61 906.14 177.85 0.0 54447.0 0.0 684
12.63 765.05 899.38 177.85 0.0 54577.0 0.0 684
12.65 764.25 892.66 177.85 0.0 54637.0 0.0 684
12.66 763.35 886.43 177.85 0.0 54702.0 0.0 684
12.68 762.24 879.74 177.85 0.0 54762.0 0.0 684
12.69 761.12 873.55 177.85 0.0 54827.0 0.0 684
12.71 759.83 866.9 177.85 0.0 54917.0 0.0 684
12.72 758.58 860.73 177.85 0.0 55038.0 0.0 684
12.74 757.29 854.57 177.85 0.0 55177.0 0.0 684
12.75 755.79 847.47 177.85 0.0 55358.0 0.0 684
12.77 754.49 841.32 177.85 0.0 55521.0 0.0 684
12.78 753.1 834.68 177.85 0.0 55732.0 0.0 684
12.8 751.85 828.52 177.85 0.0 55974.0 0.0 684
12.81 750.65 822.34 177.85 0.0 56216.0 0.0 684
12.83 749.51 816.15 177.85 0.0 56542.0 0.0 684
12.84 748.37 809.47 177.85 0.0 56905.0 0.0 684
12.86 747.41 803.25 177.85 0.0 57263.0 0.0 684
12.87 746.51 796.54 177.85 0.0 57686.0 0.0 684
12.88 745.77 789.8 177.85 0.0 58021.0 0.0 684
12.9 745.26 784.02 177.85 0.0 58542.0 0.0 684
12.92 744.85 777.25 177.85 0.0 59101.0 0.0 684
12.93 744.66 770.0 177.85 0.0 59734.0 0.0 684
12.95 744.77 762.25 177.85 0.0 60327.0 0.0 684
12.97 745.17 755.0 177.85 0.0 60923.0 0.0 684
12.99 745.96 747.3 177.85 0.0 61635.0 0.0 684
13.01 747.32 738.7 177.85 0.0 62298.0 0.0 684
13.03 749.32 729.72 177.85 0.0 62812.0 0.0 684
13.05 751.54 721.8 177.85 0.0 63343.0 0.0 684
13.07 754.56 713.11 177.85 0.0 63785.0 0.0 684
13.09 758.07 704.61 177.85 0.0 64095.0 0.0 684
13.11 762.27 695.89 177.85 0.0 64327.0 0.0 684
13.13 766.9 687.39 177.85 0.0 64513.0 0.0 684
13.16 771.89 679.09 177.85 0.0 64609.0 0.0 684
13.18 777.46 670.59 177.85 0.0 64647.0 0.0 665
13.2 783.0 662.65 177.85 0.0 64647.0 0.0 665
13.22 788.72 654.84 177.85 0.0 64647.0 0.0 665
13.25 794.27 647.52 177.85 0.0 64647.0 0.0 665
13.27 800.52 639.5 177.85 0.0 64379.0 0.0 665
13.29 806.54 631.92 177.85 0.0 63809.0 0.0 665
13.31 812.27 624.73 177.85 0.0 62873.0 0.0 665
13.33 817.91 617.46 177.85 0.0 61584.0 0.0 665
13.35 823.04 610.42 177.85 0.0 60406.0 0.0 665
13.36 827.06 604.37 177.85 0.0 59112.0 0.0 665
13.38 830.5 598.54 177.85 0.0 57915.0 0.0 665
13.39 833.56 592.49 177.85 0.0 56778.0 0.0 665
13.4 836.48 587.47 177.85 0.0 55577.0 0.0 665
13.42 839.83 582.14 177.85 0.0 54225.0 0.0 665
13.43 843.22 576.85 177.85 0.0 53061.0 0.0 665
13.45 846.29 571.91 177.85 0.0 51813.0 0.0 665
13.46 849.22 566.9 177.85 0.0 50704.0 0.0 665
13.47 851.93 561.76 177.85 0.0 49507.0 0.0 665
13.49 854.72 555.59 177.85 0.0 48456.0 0.0 665
13.5 856.94 549.7 177.85 0.0 47278.0 0.0 665
13.52 858.93 542.72 177.85 0.0 46377.0 0.0 665
13.53 860.19 536.55 177.85 0.0 45506.0 0.0 665
13.55 860.97 530.31 177.85 0.0 44785.0 0.0 665
13.56 861.27 524.51 177.85 0.0 44094.0 0.0 665
13.57 861.1 518.22 177.85 0.0 43568.0 0.0 665
13.59 860.53 512.44 177.85 0.0 43028.0 0.0 665
13.6 859.46 506.24 177.85 0.0 42584.0 0.0 665
13.62 858.11 500.59 177.85 0.0 42102.0 0.0 665
13.63 856.25 494.58 177.85 0.0 41711.0 0.0 665
13.64 854.01 488.7 177.85 0.0 41322.0 0.0 665
13.66 851.65 483.39 177.85 0.0 40961.0 0.0 665
13.67 849.02 478.22 177.85 0.0 40475.0 0.0 665
13.68 845.61 472.36 177.85 0.0 40086.0 0.0 665
13.7 842.45 467.48 177.85 0.0 39753.0 0.0 665
13.71 839.08 462.76 177.85 0.0 39392.0 0.0 665
13.73 835.18 457.82 177.85 0.0 39100.0 0.0 665
13.74 830.73 452.71 177.85 0.0 38850.0 0.0 665
13.76 826.75 448.48 177.85 0.0 38609.0 0.0 665
13.77 822.26 444.07 177.85 0.0 38368.0 0.0 665
13.78 817.62 439.82 177.85 0.0 38202.0 0.0 665
13.8 813.21 436.05 177.85 0.0 38052.0 0.0 665
13.81 808.3 432.11 177.85 0.0 37932.0 0.0 665
13.82 803.28 428.31 177.85 0.0 37877.0 0.0 665
13.84 798.57 424.92 177.85 0.0 37877.0 0.0 665
13.85 793.78 421.63 177.85 0.0 37877.0 0.0 665
13.87 788.53 418.16 177.85 0.0 37877.0 0.0 665
13.88 783.64 415.03 177.85 0.0 37877.0 0.0 665
13.89 778.29 411.71 177.85 0.0 37877.0 0.0 665
13.91 773.32 408.7 177.85 0.0 37877.0 0.0 665
13.92 768.33 405.74 177.85 0.0 37877.0 0.0 665
13.93 762.9 402.56 177.85 0.0 37877.0 0.0 665
13.95 757.87 399.67 177.85 0.0 37877.0 0.0 665
13.96 752.82 396.79 177.85 0.0 38030.0 0.0 665
13.97 747.33 393.71 177.85 0.0 38141.0 0.0 665
13.99 742.27 390.87 177.85 0.0 38322.0 0.0 665
14.0 736.78 387.78 177.85 0.0 38433.0 0.0 665
14.01 731.73 384.92 177.85 0.0 38600.0 0.0 665
14.03 727.05 381.48 177.85 0.0 38711.0 0.0 665
14.04 722.77 377.56 177.85 0.0 38850.0 0.0 665
14.05 718.86 373.26 177.85 0.0 38961.0 0.0 665
14.07 715.33 368.65 177.85 0.0 39044.0 0.0 665
14.08 712.13 363.8 177.85 0.0 39095.0 0.0 665
14.09 709.45 359.2 177.85 0.0 39150.0 0.0 665
14.11 706.81 354.03 177.85 0.0 39150.0 0.0 665
14.12 704.41 348.74 177.85 0.0 39150.0 0.0 665
14.13 702.38 343.82 177.85 0.0 39188.0 0.0 665
14.14 700.36 338.37 177.85 0.0 39239.0 0.0 665
14.16 698.64 333.33 177.85 0.0 39294.0 0.0 665
14.17 696.91 327.79 177.85 0.0 39405.0 0.0 665
14.18 695.3 322.21 177.85 0.0 39516.0 0.0 665
14.2 693.8 316.6 177.85 0.0 39683.0 0.0 665
14.21 692.42 310.96 177.85 0.0 39794.0 0.0 665
14.22 691.14 305.29 177.85 0.0 39794.0 0.0 665
14.24 689.95 299.61 177.85 0.0 39794.0 0.0 665
14.25 688.85 293.9 177.85 0.0 39794.0 0.0 665
14.26 687.83 288.19 177.85 0.0 39794.0 0.0 665
14.27 686.19 282.61 177.85 0.0 39794.0 0.0 665
14.29 684.26 277.65 177.85 0.0 39794.0 0.0 665
14.3 681.73 272.43 177.85 0.0 39794.0 0.0 665
14.31 678.84 267.39 177.85 0.0 39794.0 0.0 665
14.33 675.95 262.92 177.85 0.0 39794.0 0.0 665
14.34 672.85 258.58 177.85 0.0 39794.0 0.0 665
14.35 669.59 254.38 177.85 0.0 39794.0 0.0 665
14.36 665.86 249.93 177.85 0.0 39794.0 0.0 665
14.38 661.99 245.59 177.85 0.0 39794.0 0.0 665
14.39 658.35 241.71 177.85 0.0 39794.0 0.0 665
14.4 654.62 237.9 177.85 0.0 39794.0 0.0 665
14.41 650.48 233.83 177.85 0.0 39794.0 0.0 665
14.43 646.63 230.15 177.85 0.0 39794.0 0.0 665
14.44 642.74 226.53 177.85 0.0 39794.0 0.0 665
14.45 638.8 222.94 177.85 0.0 39794.0 0.0 665
14.46 634.46 219.08 177.85 0.0 39794.0 0.0 665
14.48 630.46 215.56 177.85 0.0 39794.0 0.0 636
14.49 626.07 211.77 177.85 0.0 39794.0 0.0 636
14.5 622.02 208.31 177.85 0.0 39794.0 0.0 636
14.51 617.96 204.87 177.85 0.0 39794.0 0.0 636
14.53 613.51 201.14 177.85 0.0 39794.0 0.0 636
14.54 609.42 197.73 177.85 0.0 39794.0 0.0 636
14.55 604.94 194.03 177.85 0.0 39794.0 0.0 636
14.56 600.45 190.34 177.85 0.0 39794.0 0.0 636
14.58 596.33 186.97 177.85 0.0 39794.0 0.0 636
14.59 591.83 183.3 177.85 0.0 39794.0 0.0 636
14.6 587.7 179.94 177.85 0.0 39794.0 0.0 636
14.61 583.57 176.59 177.85 0.0 39794.0 0.0 636
14.63 579.5 172.44 177.85 0.0 39794.0 0.0 636
14.64 576.15 168.3 177.85 0.0 39794.0 0.0 636
14.65 572.89 163.5 177.85 0.0 39794.0 0.0 636
14.67 569.99 158.46 177.85 0.0 39794.0 0.0 636
14.68 567.42 153.25 177.85 0.0 39794.0 0.0 636
14.69 565.31 148.37 177.85 0.0 39794.0 0.0 636
14.7 563.25 142.93 177.85 0.0 39794.0 0.0 636
14.72 561.41 137.43 177.85 0.0 39794.0 0.0 636
14.73 559.75 131.86 177.85 0.0 39794.0 0.0 636
14.75 558.24 126.25 177.85 0.0 39794.0 0.0 636
14.76 556.77 120.13 177.85 0.0 39794.0 0.0 636
14.77 555.42 113.99 177.85 0.0 39794.0 0.0 636
14.79 554.36 108.77 177.85 0.0 39794.0 0.0 636
14.8 553.28 103.06 177.85 0.0 39794.0 0.0 636
14.81 552.19 96.87 177.85 0.0 39794.0 0.0 636
14.83 551.32 91.62 177.85 0.0 39794.0 0.0 636
14.84 550.34 85.4 177.85 0.0 39794.0 0.0 636
14.85 549.48 79.66 177.85 0.0 39794.0 0.0 636
14.87 548.65 73.91 177.85 0.0 39794.0 0.0 636
14.88 547.85 68.16 177.85 0.0 39718.0 0.0 636
14.89 547.01 61.92 177.85 0.0 39718.0 0.0 636
14.91 546.25 56.16 177.85 0.0 39680.0 0.0 636
14.92 545.5 50.4 177.85 0.0 39625.0 0.0 636
14.93 544.75 44.64 177.85 0.0 39570.0 0.0 636
14.95 544.01 38.88 177.85 0.0 39510.0 0.0 636
14.96 543.2 32.64 177.85 0.0 39455.0 0.0 636
14.97 542.44 26.88 177.85 0.0 39400.0 0.0 636
14.99 541.67 21.13 177.85 0.0 39400.0 0.0 636
15.0 540.88 15.37 177.85 0.0 39400.0 0.0 636
15.01 540.02 9.14 177.85 0.0 39400.0 0.0 636
15.03 539.14 2.91 177.85 0.0 39324.0 0.0 636
15.04 538.39 -2.36 177.85 0.0 39324.0 0.0 636
15.05 537.56 -8.11 177.85 0.0 39248.0 0.0 636
15.07 536.72 -13.86 177.85 0.0 39188.0 0.0 636
15.08 535.01 -19.91 177.85 0.0 39105.0 0.0 636
15.1 532.88 -25.31 177.85 0.0 39045.0 0.0 636
15.11 530.01 -30.92 177.85 0.0 38962.0 0.0 636
15.12 526.98 -35.87 177.85 0.0 38865.0 0.0 636
15.14 523.01 -41.36 177.85 0.0 38754.0 0.0 636
15.15 519.35 -45.87 177.85 0.0 38694.0 0.0 636
15.17 515.14 -50.54 177.85 0.0 38634.0 0.0 636
15.18 510.71 -55.02 177.85 0.0 38574.0 0.0 636
15.19 506.12 -59.31 177.85 0.0 38514.0 0.0 636
15.21 501.38 -63.46 177.85 0.0 38459.0 0.0 636
15.22 496.92 -67.17 177.85 0.0 38390.0 0.0 636
15.24 491.2 -71.64 177.85 0.0 38390.0 0.0 636
15.25 485.77 -75.7 177.85 0.0 38352.0 0.0 636
15.27 481.06 -79.1 177.85 0.0 38352.0 0.0 636
15.28 475.9 -82.7 177.85 0.0 38314.0 0.0 636
15.3 470.3 -86.51 177.85 0.0 38256.0 0.0 636
15.31 465.54 -90.62 177.85 0.0 38193.0 0.0 636
15.33 460.91 -95.57 177.85 0.0 38130.0 0.0 636
15.34 456.72 -100.9 177.85 0.0 38072.0 0.0 636
15.36 453.17 -106.09 177.85 0.0 37984.0 0.0 636
15.37 449.9 -111.47 177.85 0.0 37921.0 0.0 712
15.39 446.66 -117.42 177.85 0.0 37858.0 0.0 712
15.4 443.65 -123.49 177.85 0.0 37800.0 0.0 712
15.41 441.01 -129.2 177.85 0.0 37746.0 0.0 712
15.43 438.68 -134.52 177.85 0.0 37692.0 0.0 712
15.44 436.43 -139.88 177.85 0.0 37591.0 0.0 712
15.46 433.74 -146.62 177.85 0.0 37533.0 0.0 712
15.47 431.46 -152.48 177.85 0.0 37425.0 0.0 712
15.49 429.39 -157.91 177.85 0.0 37331.0 0.0 712
15.5 427.01 -164.25 177.85 0.0 37214.0 0.0 712
15.51 424.8 -170.15 177.85 0.0 37106.0 0.0 712
15.53 422.77 -175.59 177.85 0.0 36960.0 0.0 712
15.54 420.55 -181.48 177.85 0.0 36784.0 0.0 712
15.56 418.31 -187.36 177.85 0.0 36595.0 0.0 712
15.57 416.22 -192.77 177.85 0.0 36390.0 0.0 712
15.59 413.89 -198.62 177.85 0.0 36137.0 0.0 712
15.6 411.33 -204.89 177.85 0.0 35862.0 0.0 712
15.62 408.67 -211.13 177.85 0.0 35587.0 0.0 712
15.63 405.92 -217.32 177.85 0.0 35360.0 0.0 712
15.65 402.6 -222.66 177.85 0.0 35115.0 0.0 712
15.66 398.29 -227.89 177.85 0.0 34870.0 0.0 712
15.68 393.41 -232.59 177.85 0.0 34641.0 0.0 712
15.69 387.68 -237.05 177.85 0.0 34458.0 0.0 712
15.71 381.99 -240.73 177.85 0.0 34261.0 0.0 712
15.73 375.6 -244.18 177.85 0.0 34051.0 0.0 712
15.75 368.54 -247.37 177.85 0.0 33857.0 0.0 712
15.76 359.91 -250.53 177.85 0.0 33704.0 0.0 712
15.78 353.45 -252.58 177.85 0.0 33639.0 0.0 712
15.8 346.44 -254.48 177.85 0.0 33574.0 0.0 712
15.81 339.37 -256.14 177.85 0.0 33509.0 0.0 712
15.83 332.26 -257.58 177.85 0.0 33509.0 0.0 712
15.85 325.11 -258.85 177.85 0.0 33509.0 0.0 712
15.86 317.94 -259.97 177.85 0.0 33509.0 0.0 712
15.88 310.27 -261.03 177.85 0.0 33509.0 0.0 712
15.9 302.58 -261.99 177.85 0.0 33509.0 0.0 712
15.92 294.89 -262.86 177.85 0.0 33509.0 0.0 712
15.94 287.19 -263.67 177.85 0.0 33509.0 0.0 712
15.95 279.0 -264.47 177.85 0.0 33509.0 0.0 712
15.97 271.29 -265.18 177.85 0.0 33509.0 0.0 712
15.99 263.57 -265.85 177.85 0.0 33509.0 0.0 712
16.01 255.37 -266.54 177.85 0.0 33509.0 0.0 712
16.03 247.17 -267.21 177.85 0.0 33509.0 0.0 712
16.05 238.97 -267.86 177.85 0.0 33509.0 0.0 712
16.07 229.8 -268.56 177.85 0.0 33509.0 0.0 712
16.09 221.11 -269.22 177.85 0.0 33509.0 0.0 712
16.11 212.91 -269.83 177.85 0.0 33509.0 0.0 712
16.13 204.22 -270.47 177.85 0.0 33471.0 0.0 712
16.15 194.56 -271.18 177.85 0.0 33395.0 0.0 712
16.17 185.39 -271.84 177.85 0.0 33228.0 0.0 712
16.19 176.22 -272.47 177.85 0.0 33053.0 0.0 712
16.21 166.56 -273.08 177.85 0.0 32922.0 0.0 712
16.23 156.89 -273.59 177.85 0.0 32884.0 0.0 712
16.25 147.7 -274.0 177.85 0.0 32884.0 0.0 712
16.27 139.0 -274.32 177.85 0.0 32884.0 0.0 635
16.29 130.29 -274.59 177.85 0.0 32884.0 0.0 635
16.32 121.58 -274.82 177.85 0.0 32884.0 0.0 635
16.34 112.39 -275.02 177.85 0.0 32884.0 0.0 635
16.36 102.71 -275.22 177.09 0.0 32884.0 0.0 635
16.38 93.03 -275.39 177.09 0.0 32884.0 0.0 635
16.4 84.32 -275.53 177.09 0.0 32884.0 0.0 635
16.42 75.12 -275.66 177.09 0.0 32884.0 0.0 635
16.44 65.93 -275.79 177.09 0.0 32884.0 0.0 635
16.46 56.73 -275.91 177.09 0.0 32884.0 0.0 635
16.48 47.54 -276.03 177.09 0.0 32884.0 0.0 635
16.51 37.86 -276.15 177.09 0.0 32884.0 0.0 635
16.53 28.66 -276.26 177.85 0.0 32884.0 0.0 635
16.55 19.47 -276.37 177.85 0.0 32884.0 0.0 635
16.57 9.79 -276.48 177.85 0.0 32884.0 0.0 635
16.59 0.59 -276.59 177.85 0.0 32884.0 0.0 635
16.61 -9.08 -276.7 177.85 0.0 32884.0 0.0 635
16.64 -18.76 -276.81 177.85 0.0 32884.0 0.0 635
16.66 -28.44 -276.92 177.85 0.0 32884.0 0.0 635
16.68 -38.61 -277.03 177.85 0.0 32884.0 0.0 635
16.7 -48.77 -277.15 177.85 0.0 32884.0 0.0 635
16.73 -58.45 -277.25 177.85 0.0 32884.0 0.0 635
16.75 -68.13 -277.36 177.85 0.0 32884.0 0.0 635
16.77 -77.81 -277.47 177.85 0.0 32846.0 0.0 635
16.79 -87.49 -277.58 177.85 0.0 32759.0 0.0 635
16.81 -97.17 -277.68 177.85 0.0 32759.0 0.0 635
16.84 -106.85 -277.75 177.85 0.0 32759.0 0.0 635
16.86 -116.53 -277.8 177.85 0.0 32759.0 0.0 635
16.88 -126.21 -277.83 177.85 0.0 32759.0 0.0 635
16.9 -135.89 -277.86 177.85 0.0 32759.0 0.0 635
16.92 -145.57 -277.87 177.85 0.0 32759.0 0.0 635
16.94 -154.76 -277.88 177.85 0.0 32683.0 0.0 635
16.97 -164.44 -277.88 177.85 0.0 32683.0 0.0 635
16.99 -174.12 -277.86 177.85 0.0 32645.0 0.0 635
17.01 -183.8 -277.83 177.85 0.0 32553.0 0.0 635
17.03 -193.97 -277.77 177.85 0.0 32466.0 0.0 635
17.06 -203.65 -277.68 177.85 0.0 32335.0 0.0 635
17.08 -213.33 -277.54 177.85 0.0 32182.0 0.0 635
17.1 -223.49 -277.32 177.85 0.0 31998.0 0.0 635
17.13 -233.65 -277.0 177.85 0.0 31805.0 0.0 635
17.15 -244.28 -276.55 177.85 0.0 31612.0 0.0 635
17.17 -254.92 -275.95 177.85 0.0 31387.0 0.0 635
17.2 -265.54 -275.19 177.85 0.0 31203.0 0.0 633
17.22 -275.66 -274.3 177.85 0.0 31001.0 0.0 633
17.25 -286.73 -273.13 177.85 0.0 30833.0 0.0 633
17.27 -297.78 -271.75 177.85 0.0 30680.0 0.0 633
17.3 -307.84 -270.33 177.85 0.0 30584.0 0.0 633
17.32 -318.36 -268.67 177.85 0.0 30391.0 0.0 633
17.34 -328.85 -266.86 177.85 0.0 30223.0 0.0 633
17.37 -339.79 -264.78 177.85 0.0 30021.0 0.0 633
17.4 -350.69 -262.53 177.85 0.0 29752.0 0.0 633
17.42 -361.55 -260.09 177.85 0.0 29449.0 0.0 633
17.45 -372.36 -257.44 177.85 0.0 29093.0 0.0 633
17.48 -384.97 -254.0 177.85 0.0 28727.0 0.0 633
17.51 -396.56 -250.51 177.85 0.0 28324.0 0.0 633
17.53 -408.04 -246.68 177.85 0.0 27921.0 0.0 633
17.56 -419.38 -242.49 177.85 0.0 27550.0 0.0 633
17.59 -431.03 -237.71 177.85 0.0 27155.0 0.0 633
17.62 -442.93 -232.31 177.85 0.0 26799.0 0.0 633
17.65 -454.62 -226.47 177.85 0.0 26485.0 0.0 633
17.68 -465.67 -220.46 177.85 0.0 26288.0 0.0 633
17.71 -476.93 -213.82 177.85 0.0 26110.0 0.0 633
17.74 -487.99 -206.86 177.85 0.0 25898.0 0.0 633
17.77 -499.66 -199.07 177.85 0.0 25720.0 0.0 633
17.8 -510.36 -191.56 177.85 0.0 25556.0 0.0 633
17.83 -521.28 -183.54 177.85 0.0 25392.0 0.0 633
17.86 -532.04 -175.3 177.85 0.0 25177.0 0.0 633
17.89 -542.65 -166.86 177.85 0.0 24827.0 0.0 633
17.92 -553.46 -157.91 177.85 0.0 24471.0 0.0 633
17.96 -563.33 -149.35 177.85 0.0 24102.0 0.0 633
17.99 -573.32 -140.19 177.85 0.0 23720.0 0.0 633
18.02 -583.36 -130.38 177.85 0.0 23338.0 0.0 632
18.05 -593.08 -120.25 177.85 0.0 22998.0 0.0 632
18.09 -602.44 -109.79 177.85 0.0 22624.0 0.0 632
18.12 -612.03 -98.26 177.85 0.0 22401.0 0.0 632
18.15 -620.65 -87.18 177.85 0.0 22325.0 0.0 632
18.18 -628.93 -75.84 177.85 0.0 22287.0 0.0 632
18.21 -636.69 -64.74 177.85 0.0 22287.0 0.0 632
18.24 -644.55 -53.11 177.85 0.0 22287.0 0.0 632
18.27 -652.03 -41.81 177.85 0.0 22287.0 0.0 632
18.3 -659.44 -30.46 177.85 0.0 22287.0 0.0 632
18.33 -666.8 -19.08 177.85 0.0 22287.0 0.0 632
18.37 -674.12 -7.68 177.85 0.0 22287.0 0.0 632
18.4 -681.43 3.74 177.85 0.0 22287.0 0.0 632
18.43 -688.98 15.57 177.85 0.0 22287.0 0.0 632
18.46 -696.26 27.0 177.85 0.0 22287.0 0.0 632
18.49 -703.53 38.44 177.85 0.0 22287.0 0.0 632
18.52 -710.8 49.87 177.85 0.0 22287.0 0.0 632
18.55 -718.33 61.72 177.85 0.0 22287.0 0.0 632
18.58 -726.12 73.97 177.85 0.0 22287.0 0.0 632
18.62 -733.12 85.01 177.85 0.0 22287.0 0.0 632
18.65 -740.39 96.45 177.85 0.0 22287.0 0.0 632
18.68 -747.65 107.89 177.85 0.0 22287.0 0.0 632
18.71 -755.17 119.74 177.85 0.0 22287.0 0.0 632
18.74 -762.7 131.59 177.85 0.0 22287.0 0.0 632
18.77 -769.96 143.03 177.85 0.0 22287.0 0.0 632
18.8 -777.23 154.47 177.85 0.0 22249.0 0.0 632
18.83 -784.75 166.32 177.85 0.0 22249.0 0.0 632
18.86 -792.0 177.77 177.85 0.0 22096.0 0.0 632
18.9 -799.24 189.22 177.85 0.0 21683.0 0.0 632
18.93 -806.42 200.72 177.85 0.0 21249.0 0.0 632
18.96 -813.4 212.33 177.85 0.0 20712.0 0.0 632
18.99 -820.08 224.12 177.85 0.0 20294.0 0.0 764
19.02 -826.14 235.7 177.85 0.0 19922.0 0.0 764
19.05 -834.97 245.98 177.85 0.0 19550.0 0.0 764
19.08 -845.15 254.93 177.85 0.0 19320.0 0.0 764
19.1 -855.21 262.49 177.85 0.0 19099.0 0.0 764
19.13 -865.18 269.34 177.85 0.0 18952.0 0.0 764
19.16 -875.32 275.95 177.85 0.0 18876.0 0.0 764
19.19 -885.94 282.69 177.85 0.0 18800.0 0.0 764
19.22 -896.61 289.37 177.85 0.0 18800.0 0.0 764
19.25 -907.29 296.03 177.85 0.0 18800.0 0.0 764
19.27 -917.56 302.42 177.85 0.0 18800.0 0.0 764
19.3 -927.84 308.8 177.85 0.0 18800.0 0.0 764
19.33 -937.71 314.92 177.85 0.0 18685.0 0.0 764
19.35 -948.0 321.3 177.85 0.0 18472.0 0.0 764
19.38 -957.85 327.44 177.85 0.0 18223.0 0.0 764
19.41 -967.66 333.67 177.85 0.0 17974.0 0.0 764
19.43 -977.38 340.03 177.85 0.0 17690.0 0.0 764
19.46 -985.31 348.52 177.85 0.0 17477.0 0.0 764
19.48 -991.56 358.31 177.85 0.0 17375.0 0.0 764
19.51 -996.27 368.4 177.85 0.0 17273.0 0.0 764
19.54 -999.98 378.89 177.85 0.0 17167.0 0.0 764
19.56 -1003.01 390.11 177.85 0.0 17031.0 0.0 764
19.59 -1005.33 400.99 177.85 0.0 16895.0 0.0 764
19.61 -1007.19 411.97 177.85 0.0 16657.0 0.0 764
19.64 -1008.67 423.0 177.85 0.0 16413.0 0.0 764
19.66 -1009.78 433.59 177.85 0.0 16175.0 0.0 764
19.68 -1010.61 444.69 177.85 0.0 16027.0 0.0 764
19.71 -1011.1 454.36 177.85 0.0 15894.0 0.0 764
19.73 -1011.39 464.04 177.85 0.0 15746.0 0.0 764
19.75 -1011.48 473.72 177.85 0.0 15657.0 0.0 764
19.77 -1011.41 483.4 177.85 0.0 15539.0 0.0 764
19.79 -1011.18 493.07 177.85 0.0 15455.0 0.0 764
19.81 -1010.83 502.26 177.85 0.0 15417.0 0.0 764
19.84 -1010.34 511.93 177.85 0.0 15417.0 0.0 764
19.86 -1009.75 521.59 177.85 0.0 15493.0 0.0 764
19.88 -1009.12 530.77 177.85 0.0 15493.0 0.0 764
19.9 -1008.45 539.94 177.85 0.0 15493.0 0.0 764
19.92 -1007.71 549.59 177.85 0.0 15493.0 0.0 764
19.94 -1006.99 558.76 177.85 0.0 15493.0 0.0 764
19.96 -1006.26 567.92 177.85 0.0 15493.0 0.0 764
19.98 -1005.51 577.09 177.85 0.0 15493.0 0.0 764
20.01 -1004.71 586.74 177.85 0.0 15493.0 0.0 764
20.03 -1003.95 595.9 177.85 0.0 15493.0 0.0 764
20.05 -1003.22 604.58 177.85 0.0 15493.0 0.0 764
20.07 -1002.45 613.75 177.85 0.0 15493.0 0.0 764
20.09 -1001.67 622.91 177.85 0.0 15493.0 0.0 764
20.11 -1000.89 632.07 177.85 0.0 15493.0 0.0 764
20.13 -1000.11 641.23 177.85 0.0 15493.0 0.0 764
20.15 -999.33 650.4 177.85 0.0 15493.0 0.0 758
20.17 -998.51 660.04 177.85 0.0 15493.0 0.0 758
20.2 -997.68 669.69 177.85 0.0 15493.0 0.0 758
20.22 -996.57 682.71 177.85 0.0 15493.0 0.0 758
20.24 -995.79 691.87 177.85 0.0 15493.0 0.0 688
20.26 -995.04 700.55 177.85 0.0 15493.0 0.0 688
20.28 -992.82 708.97 177.85 0.0 15493.0 0.0 688
20.3 -989.47 717.02 177.85 0.0 15493.0 0.0 688
20.32 -985.28 724.65 177.85 0.0 15493.0 0.0 688
20.34 -980.46 731.91 177.85 0.0 15493.0 0.0 688
20.36 -975.5 738.48 177.85 0.0 15493.0 0.0 688
20.38 -969.9 745.15 177.85 0.0 15493.0 0.0 688
20.4 -964.37 751.25 177.85 0.0 15493.0 0.0 688
20.42 -959.02 756.84 177.85 0.0 15493.0 0.0 688
20.44 -954.23 763.53 177.85 0.0 15493.0 0.0 688
20.45 -950.23 770.72 177.85 0.0 15493.0 0.0 688
20.47 -947.06 777.79 177.85 0.0 15493.0 0.0 688
20.49 -944.53 784.59 177.85 0.0 15493.0 0.0 688
20.5 -942.47 791.05 177.85 0.0 15493.0 0.0 688
20.52 -940.47 798.53 177.85 0.0 15493.0 0.0 688
20.54 -938.73 806.07 177.85 0.0 15493.0 0.0 688
20.56 -937.21 813.67 177.85 0.0 15493.0 0.0 688
20.57 -935.87 821.29 177.85 0.0 15493.0 0.0 688
20.59 -934.74 828.47 177.85 0.0 15493.0 0.0 688
20.61 -933.64 836.13 177.85 0.0 15493.0 0.0 688
20.62 -932.75 842.85 177.85 0.0 15493.0 0.0 688
20.64 -931.8 850.53 177.85 0.0 15493.0 0.0 688
20.66 -930.97 857.75 177.85 0.0 15493.0 0.0 688
20.67 -930.17 864.96 177.85 0.0 15493.0 0.0 688
20.69 -929.41 872.18 177.85 0.0 15493.0 0.0 688
20.71 -928.68 879.41 177.85 0.0 15493.0 0.0 688
20.72 -927.97 886.63 177.85 0.0 15493.0 0.0 688
20.74 -927.28 893.86 177.85 0.0 15493.0 0.0 688
20.76 -926.6 901.09 177.85 0.0 15493.0 0.0 688
20.77 -925.89 908.8 177.85 0.0 15493.0 0.0 688
20.79 -925.23 916.03 177.85 0.0 15493.0 0.0 688
20.8 -924.58 923.26 177.85 0.0 15493.0 0.0 688
20.82 -923.98 930.01 177.85 0.0 15493.0 0.0 688
20.84 -923.29 937.72 177.85 0.0 15493.0 0.0 688
20.85 -922.7 944.47 177.85 0.0 15493.0 0.0 688
20.87 -922.07 951.7 177.85 0.0 15493.0 0.0 688
20.89 -921.44 958.94 177.85 0.0 15493.0 0.0 688
20.9 -920.81 966.17 177.85 0.0 15493.0 0.0 688
20.92 -920.18 973.4 177.85 0.0 15493.0 0.0 688
20.94 -919.55 980.63 177.85 0.0 15493.0 0.0 688
20.95 -918.97 987.39 177.85 0.0 15493.0 0.0 688
20.97 -918.35 994.62 177.85 0.0 15493.0 0.0 688
20.98 -917.72 1001.85 177.85 0.0 15493.0 0.0 688
21.0 -917.14 1008.6 177.85 0.0 15493.0 0.0 688
21.02 -916.52 1015.84 177.85 0.0 15493.0 0.0 688
21.03 -915.94 1022.59 177.85 0.0 15531.0 0.0 683
21.05 -915.32 1029.82 177.85 0.0 15531.0 0.0 683
21.06 -914.74 1036.57 177.85 0.0 15531.0 0.0 683
21.08 -914.13 1043.81 177.85 0.0 15531.0 0.0 683
21.09 -913.56 1050.56 177.85 0.0 15531.0 0.0 683
21.11 -913.0 1057.31 177.85 0.0 15531.0 0.0 683
21.13 -912.43 1064.06 177.85 0.0 15531.0 0.0 683
21.14 -911.87 1070.82 177.85 0.0 15531.0 0.0 683
21.16 -911.27 1078.05 177.85 0.0 15531.0 0.0 683
21.17 -910.75 1084.32 177.85 0.0 15531.0 0.0 683
21.19 -910.07 1092.52 177.85 0.0 15531.0 0.0 683
21.2 -909.55 1098.79 177.85 0.0 15531.0 0.0 683
21.22 -908.99 1105.54 177.85 0.0 15569.0 0.0 683
21.24 -908.43 1112.3 177.85 0.0 15569.0 0.0 683
21.25 -907.88 1119.05 177.85 0.0 15569.0 0.0 683
21.27 -907.29 1126.29 177.85 0.0 15569.0 0.0 683
21.28 -906.75 1133.04 177.85 0.0 15645.0 0.0 683
21.3 -906.21 1139.8 177.85 0.0 15770.0 0.0 683
21.31 -905.68 1146.55 177.85 0.0 15837.0 0.0 683
21.33 -905.14 1153.79 177.85 0.0 15837.0 0.0 683
21.35 -904.66 1160.55 177.85 0.0 15837.0 0.0 683
21.36 -904.2 1167.31 177.85 0.0 15837.0 0.0 683
21.38 -903.73 1174.55 177.85 0.0 15837.0 0.0 683
21.39 -903.34 1180.83 177.85 0.0 15837.0 0.0 683
21.41 -902.9 1188.08 177.85 0.0 15837.0 0.0 683
21.42 -902.5 1194.85 177.85 0.0 15837.0 0.0 683
21.44 -902.11 1201.61 177.85 0.0 15837.0 0.0 683
21.46 -901.7 1208.86 177.85 0.0 15837.0 0.0 683
21.47 -901.32 1215.62 177.85 0.0 15837.0 0.0 683
21.49 -900.92 1222.87 177.85 0.0 15837.0 0.0 683
21.5 -900.54 1229.64 177.85 0.0 15837.0 0.0 683
21.52 -900.12 1237.37 177.85 0.0 15837.0 0.0 683
21.54 -899.78 1243.65 177.85 0.0 15837.0 0.0 683
21.55 -899.37 1251.39 177.85 0.0 15837.0 0.0 683
21.57 -898.98 1258.64 177.85 0.0 15837.0 0.0 683
21.59 -898.59 1265.89 177.85 0.0 15837.0 0.0 683
21.6 -898.21 1273.14 177.85 0.0 15837.0 0.0 683
21.62 -897.82 1280.39 177.85 0.0 15837.0 0.0 683
21.64 -897.44 1287.64 177.85 0.0 15837.0 0.0 683
21.65 -897.05 1294.89 177.85 0.0 15837.0 0.0 683
21.67 -896.64 1302.62 177.85 0.0 15837.0 0.0 683
21.69 -896.26 1309.87 177.85 0.0 15837.0 0.0 683
21.7 -895.88 1317.12 177.85 0.0 15837.0 0.0 683
21.72 -895.5 1324.37 177.85 0.0 15837.0 0.0 683
21.74 -895.14 1331.13 177.85 0.0 15837.0 0.0 683
21.75 -894.73 1338.87 177.85 0.0 15722.0 0.0 683
21.77 -894.35 1346.12 177.85 0.0 15588.0 0.0 683
21.79 -893.95 1353.37 177.85 0.0 15454.0 0.0 686
21.8 -893.53 1360.61 177.85 0.0 15204.0 0.0 686
21.82 -893.02 1368.34 177.85 0.0 15070.0 0.0 686
21.84 -892.48 1375.58 177.85 0.0 15003.0 0.0 686
21.85 -891.87 1382.82 177.85 0.0 14889.0 0.0 686
21.87 -891.09 1391.01 177.85 0.0 14746.0 0.0 686
21.89 -890.28 1398.71 177.85 0.0 14567.0 0.0 686
21.91 -889.38 1406.4 177.85 0.0 14433.0 0.0 686
21.93 -888.46 1413.6 177.85 0.0 14281.0 0.0 686
21.94 -887.31 1421.75 177.85 0.0 14210.0 0.0 686
21.96 -886.13 1429.4 177.85 0.0 14139.0 0.0 686
21.98 -884.87 1437.04 177.85 0.0 14068.0 0.0 686
22.0 -883.52 1444.67 177.85 0.0 13997.0 0.0 686
22.01 -882.1 1452.28 177.85 0.0 13921.0 0.0 686
22.03 -880.51 1460.35 177.85 0.0 13845.0 0.0 686
22.05 -878.85 1468.41 177.85 0.0 13778.0 0.0 686
22.07 -877.33 1475.51 177.85 0.0 13702.0 0.0 686
22.09 -875.53 1483.54 177.85 0.0 13626.0 0.0 686
22.1 -873.68 1491.56 177.85 0.0 13626.0 0.0 686
22.12 -871.87 1499.09 177.85 0.0 13588.0 0.0 686
22.14 -869.9 1507.08 177.85 0.0 13588.0 0.0 686
22.16 -867.88 1515.05 177.85 0.0 13588.0 0.0 686
22.18 -865.95 1522.55 177.85 0.0 13588.0 0.0 686
22.2 -863.75 1530.98 177.85 0.0 13588.0 0.0 686
22.22 -861.65 1538.94 177.85 0.0 13588.0 0.0 686
22.23 -859.66 1546.42 177.85 0.0 13588.0 0.0 686
22.25 -857.53 1554.37 177.85 0.0 13588.0 0.0 686
22.27 -855.39 1562.31 177.85 0.0 13588.0 0.0 686
22.29 -853.49 1569.32 177.85 0.0 13588.0 0.0 686
22.31 -851.34 1577.26 177.85 0.0 13588.0 0.0 686
22.32 -849.18 1585.2 177.85 0.0 13588.0 0.0 686
22.34 -847.14 1592.67 177.85 0.0 13588.0 0.0 686
22.36 -845.1 1600.14 177.85 0.0 13895.0 0.0 686
22.38 -843.06 1607.61 177.85 0.0 14357.0 0.0 686
22.39 -841.18 1614.63 177.85 0.0 14974.0 0.0 686
22.41 -839.51 1621.19 177.85 0.0 15661.0 0.0 686
22.42 -838.07 1627.32 177.85 0.0 16434.0 0.0 686
22.43 -836.81 1633.48 177.85 0.0 17121.0 0.0 686
22.45 -835.82 1639.21 177.85 0.0 17980.0 0.0 686
22.46 -835.01 1645.45 177.85 0.0 18773.0 0.0 686
22.48 -834.51 1651.23 177.85 0.0 19698.0 0.0 686
22.49 -834.32 1658.01 177.85 0.0 20529.0 0.0 686
22.51 -834.5 1664.29 177.85 0.0 21362.0 0.0 686
22.52 -835.15 1671.04 177.85 0.0 22164.0 0.0 686
22.54 -836.15 1677.25 177.85 0.0 22997.0 0.0 686
22.55 -837.69 1683.85 177.85 0.0 23768.0 0.0 669
22.57 -839.71 1690.32 177.85 0.0 24341.0 0.0 669
22.58 -841.99 1696.18 177.85 0.0 24969.0 0.0 669
22.6 -845.11 1702.73 177.85 0.0 25493.0 0.0 669
22.61 -848.44 1708.64 177.85 0.0 25925.0 0.0 669
22.63 -852.14 1714.31 177.85 0.0 26190.0 0.0 669
22.64 -855.57 1719.01 177.85 0.0 26530.0 0.0 669
22.66 -859.86 1724.25 177.85 0.0 26760.0 0.0 669
22.67 -864.08 1728.92 177.85 0.0 27007.0 0.0 669
22.69 -868.85 1733.73 177.85 0.0 27208.0 0.0 669
22.7 -873.45 1738.01 177.85 0.0 27393.0 0.0 669
22.72 -878.59 1742.43 177.85 0.0 27525.0 0.0 669
22.73 -884.27 1746.95 177.85 0.0 27724.0 0.0 669
22.75 -890.1 1751.29 177.85 0.0 27856.0 0.0 669
22.77 -896.05 1755.44 177.85 0.0 28041.0 0.0 669
22.78 -901.7 1759.18 177.85 0.0 28240.0 0.0 669
22.8 -907.86 1763.03 177.85 0.0 28487.0 0.0 669
22.81 -913.68 1766.49 177.85 0.0 28819.0 0.0 669
22.83 -920.01 1770.05 177.85 0.0 29184.0 0.0 669
22.85 -926.43 1773.44 177.85 0.0 29609.0 0.0 669
22.86 -933.38 1776.86 177.85 0.0 30073.0 0.0 669
22.88 -939.54 1779.68 177.85 0.0 30562.0 0.0 669
22.9 -947.14 1782.82 177.85 0.0 31057.0 0.0 669
22.92 -954.41 1785.51 177.85 0.0 31508.0 0.0 669
22.94 -962.23 1788.05 177.85 0.0 31956.0 0.0 669
22.96 -969.69 1790.14 177.85 0.0 32434.0 0.0 669
22.98 -978.17 1792.12 177.85 0.0 32876.0 0.0 669
23.0 -987.7 1793.85 177.85 0.0 33240.0 0.0 669
23.02 -996.81 1795.08 177.85 0.0 33558.0 0.0 669
23.04 -1005.48 1795.89 177.85 0.0 33867.0 0.0 669
23.06 -1015.15 1796.37 177.85 0.0 34035.0 0.0 669
23.08 -1024.35 1796.49 177.85 0.0 34119.0 0.0 669
23.1 -1033.54 1796.32 177.85 0.0 34119.0 0.0 669
23.13 -1043.21 1795.86 177.85 0.0 34043.0 0.0 669
23.15 -1052.87 1795.2 177.85 0.0 33874.0 0.0 669
23.17 -1062.04 1794.46 177.85 0.0 33874.0 0.0 669
23.19 -1071.2 1793.66 177.85 0.0 33874.0 0.0 669
23.21 -1080.35 1792.82 177.85 0.0 33874.0 0.0 669
23.23 -1089.51 1791.95 177.85 0.0 33874.0 0.0 669
23.25 -1098.18 1791.11 177.85 0.0 33874.0 0.0 669
23.27 -1107.33 1790.19 177.85 0.0 33874.0 0.0 669
23.29 -1116.0 1789.32 177.85 0.0 33874.0 0.0 648
23.31 -1125.15 1788.38 177.85 0.0 33874.0 0.0 648
23.33 -1133.81 1787.48 177.85 0.0 33874.0 0.0 648
23.35 -1142.48 1786.58 177.85 0.0 33874.0 0.0 648
23.37 -1151.14 1785.68 177.85 0.0 33874.0 0.0 648
23.39 -1159.32 1784.82 177.85 0.0 33874.0 0.0 648
23.41 -1167.99 1783.91 177.85 0.0 33874.0 0.0 648
23.43 -1176.17 1783.04 177.85 0.0 33874.0 0.0 648
23.45 -1184.84 1782.13 177.85 0.0 33874.0 0.0 648
23.46 -1193.02 1781.26 177.85 0.0 33874.0 0.0 648
23.48 -1200.72 1780.45 177.85 0.0 33759.0 0.0 648
23.5 -1208.9 1779.58 177.85 0.0 33609.0 0.0 648
23.52 -1217.09 1778.73 177.85 0.0 33398.0 0.0 648
23.54 -1224.79 1777.97 177.85 0.0 33293.0 0.0 648
23.56 -1232.5 1777.27 177.85 0.0 33181.0 0.0 648
23.57 -1240.7 1776.6 177.85 0.0 33076.0 0.0 648
23.59 -1248.43 1776.03 177.85 0.0 32977.0 0.0 648
23.61 -1255.67 1775.56 177.85 0.0 32907.0 0.0 648
23.62 -1263.4 1775.13 177.85 0.0 32846.0 0.0 648
23.64 -1270.17 1774.81 177.85 0.0 32846.0 0.0 648
23.66 -1277.43 1774.52 178.86 0.0 32808.0 0.0 648
23.67 -1285.17 1774.26 178.86 0.0 32808.0 0.0 648
23.69 -1292.42 1774.06 178.86 0.0 32770.0 0.0 648
23.71 -1300.17 1773.89 178.86 0.0 32770.0 0.0 648
23.72 -1307.42 1773.76 178.86 0.0 32770.0 0.0 648
23.74 -1315.17 1773.65 178.86 0.0 32732.0 0.0 648
23.76 -1322.43 1773.56 178.86 0.0 32732.0 0.0 648
23.78 -1330.17 1773.49 178.86 0.0 32732.0 0.0 648
23.79 -1337.43 1773.45 181.01 0.0 32732.0 0.0 648
23.81 -1344.69 1773.42 181.85 0.0 32732.0 0.0 648
23.83 -1351.47 1773.4 181.85 0.0 32732.0 0.0 648
23.84 -1360.66 1773.38 181.85 0.0 32732.0 0.0 648
23.86 -1367.44 1773.38 181.74 0.0 32732.0 0.0 648
23.88 -1375.18 1773.37 181.33 0.0 32732.0 0.0 648
23.9 -1382.44 1773.36 180.69 0.0 32732.0 0.0 648
23.91 -1390.3 1773.35 179.71 0.0 32732.0 0.0 648
23.93 -1397.77 1773.35 178.53 0.0 32732.0 0.0 648
23.94 -1405.23 1773.34 177.09 0.0 32732.0 0.0 648
23.96 -1412.7 1773.34 175.39 0.0 32732.0 0.0 648
23.98 -1420.17 1773.33 173.44 0.0 32732.0 0.0 648
23.99 -1427.64 1773.33 171.22 0.0 32732.0 0.0 648
24.01 -1435.11 1773.33 168.75 0.0 32732.0 0.0 648
24.03 -1442.57 1773.33 166.01 0.0 32732.0 0.0 648
24.04 -1450.04 1773.33 163.02 0.0 32732.0 0.0 648
24.06 -1457.51 1773.33 159.77 0.0 32732.0 0.0 648
24.08 -1464.48 1773.33 156.5 0.0 32732.0 0.0 648
24.09 -1472.45 1773.33 152.49 0.0 32732.0 0.0 648
24.11 -1479.42 1773.33 148.74 0.0 32732.0 0.0 648
24.12 -1486.39 1773.33 144.77 0.0 32732.0 0.0 648
24.14 -1493.86 1773.33 140.26 0.0 32732.0 0.0 648
24.16 -1500.83 1773.34 135.82 0.0 32732.0 0.0 648
24.17 -1508.3 1773.34 130.81 0.0 32732.0 0.0 648
24.19 -1515.27 1773.35 125.9 0.0 32732.0 0.0 648
24.2 -1522.74 1773.35 120.39 0.0 32732.0 0.0 648
24.22 -1529.71 1773.36 115.02 0.0 32732.0 0.0 648
24.24 -1536.68 1773.37 109.42 0.0 32732.0 0.0 648
24.25 -1544.14 1773.37 103.17 0.0 32732.0 0.0 648
24.27 -1551.61 1773.38 96.66 0.0 32732.0 0.0 648
24.28 -1558.58 1773.39 90.35 0.0 32732.0 0.0 648
24.3 -1565.55 1773.4 83.82 0.0 32732.0 0.0 648
24.31 -1573.02 1773.4 76.56 0.0 32732.0 0.0 757
24.33 -1579.99 1773.41 69.56 0.0 32732.0 0.0 757
24.35 -1586.96 1773.42 62.34 0.0 32732.0 0.0 757
24.36 -1594.43 1773.43 54.35 0.0 32732.0 0.0 757
24.38 -1601.9 1773.44 46.1 0.0 32732.0 0.0 757
24.4 -1608.87 1773.45 38.16 0.0 32617.0 0.0 757
24.41 -1616.84 1773.46 28.82 0.0 32493.0 0.0 757
24.43 -1623.81 1773.48 20.4 0.0 32360.0 0.0 757
24.44 -1631.28 1773.49 11.13 0.0 32261.0 0.0 757
24.46 -1638.75 1773.51 1.61 0.0 32204.0 0.0 757
24.47 -1645.22 1773.54 -6.86 0.0 32204.0 0.0 757
24.49 -1652.69 1773.58 -16.87 0.0 32204.0 0.0 757
24.51 -1659.66 1773.62 -26.44 0.0 32204.0 0.0 757
24.52 -1666.63 1773.67 -36.24 0.0 32204.0 0.0 757
24.54 -1673.6 1773.73 -46.27 0.0 32204.0 0.0 757
24.55 -1680.57 1773.8 -56.52 0.0 32204.0 0.0 757
24.57 -1687.04 1773.87 -66.24 0.0 32204.0 0.0 757
24.58 -1694.01 1773.95 -76.93 0.0 32204.0 0.0 757
24.6 -1700.49 1774.03 -87.05 0.0 32204.0 0.0 757
24.61 -1707.46 1774.13 -98.17 0.0 32204.0 0.0 757
24.62 -1713.93 1774.22 -108.7 0.0 32204.0 0.0 757
24.64 -1720.4 1774.32 -119.42 0.0 32204.0 0.0 757
24.65 -1726.87 1774.43 -130.34 0.0 32204.0 0.0 757
24.67 -1733.34 1774.54 -141.45 0.0 32204.0 0.0 757
24.68 -1739.32 1774.65 -151.88 0.0 32204.0 0.0 757
24.69 -1745.79 1774.77 -163.36 0.0 32204.0 0.0 757
24.71 -1752.26 1774.9 -175.04 0.0 32204.0 0.0 757
24.72 -1758.73 1775.03 -186.91 0.0 32204.0 0.0 757
24.74 -1765.2 1775.16 -198.98 0.0 32204.0 0.0 757
24.75 -1771.64 1775.3 -206.68 0.0 32204.0 0.0 757
24.77 -1778.41 1775.5 -206.15 0.0 32204.0 0.0 757
24.78 -1785.18 1775.72 -206.15 0.0 32204.0 0.0 757
24.8 -1791.95 1775.97 -206.15 0.0 32204.0 0.0 649
24.81 -1798.72 1776.24 -206.15 0.0 32204.0 0.0 649
24.83 -1805.01 1776.5 -206.15 0.0 32204.0 0.0 649
24.84 -1811.78 1776.81 -206.15 0.0 32204.0 0.0 649
24.86 -1818.07 1777.1 -206.15 0.0 32204.0 0.0 649
24.87 -1824.83 1777.42 -206.15 0.0 32204.0 0.0 649
24.89 -1831.6 1777.75 -206.15 0.0 32204.0 0.0 649
24.91 -1838.26 1778.99 -206.15 0.0 32204.0 0.0 649
24.92 -1844.74 1780.99 -206.15 0.0 32166.0 0.0 649
24.94 -1850.99 1783.59 -206.15 0.0 32104.0 0.0 649
24.95 -1857.02 1786.69 -206.15 0.0 32104.0 0.0 649
24.96 -1862.42 1789.91 -206.15 0.0 32104.0 0.0 649
24.98 -1867.65 1793.42 -206.15 0.0 32104.0 0.0 649
24.99 -1873.1 1797.44 -206.15 0.0 32104.0 0.0 649
25.01 -1878.02 1801.36 -206.15 0.0 32104.0 0.0 649
25.02 -1882.82 1805.43 -206.15 0.0 32104.0 0.0 649
25.04 -1887.88 1809.94 -206.15 0.0 32104.0 0.0 649
25.05 -1892.48 1814.23 -206.15 0.0 32104.0 0.0 649
25.07 -1897.36 1818.94 -206.15 0.0 32180.0 0.0 649
25.08 -1902.16 1823.71 -206.15 0.0 32266.0 0.0 649
25.1 -1906.58 1828.19 -206.15 0.0 32381.0 0.0 649
25.11 -1910.97 1832.7 -206.15 0.0 32567.0 0.0 649
25.13 -1915.67 1837.58 -206.15 0.0 32797.0 0.0 649
25.14 -1920.04 1842.11 -206.15 0.0 32983.0 0.0 649
25.16 -1924.76 1846.97 -206.15 0.0 33213.0 0.0 649
25.17 -1929.17 1851.46 -206.15 0.0 33415.0 0.0 649
25.19 -1933.62 1855.91 -206.15 0.0 33663.0 0.0 649
25.2 -1938.46 1860.65 -206.15 0.0 33865.0 0.0 649
25.22 -1943.02 1864.99 -206.15 0.0 34095.0 0.0 649
25.23 -1947.63 1869.27 -206.15 0.0 34325.0 0.0 649
25.24 -1952.31 1873.48 -206.15 0.0 34635.0 0.0 649
25.26 -1957.42 1877.92 -206.15 0.0 34865.0 0.0 649
25.27 -1962.25 1881.96 -206.15 0.0 35095.0 0.0 649
25.29 -1967.15 1885.9 -206.15 0.0 35374.0 0.0 649
25.3 -1972.52 1890.04 -206.15 0.0 35662.0 0.0 649
25.32 -1977.58 1893.78 -206.15 0.0 35972.0 0.0 649
25.33 -1983.12 1897.68 -206.15 0.0 36313.0 0.0 649
25.35 -1988.76 1901.44 -206.15 0.0 36745.0 0.0 649
25.36 -1994.07 1904.8 -206.15 0.0 37277.0 0.0 649
25.38 -2000.32 1908.49 -206.15 0.0 37738.0 0.0 649
25.4 -2005.84 1911.53 -206.15 0.0 38204.0 0.0 649
25.41 -2012.33 1914.78 -206.15 0.0 38701.0 0.0 649
25.43 -2018.49 1917.6 -206.15 0.0 39105.0 0.0 649
25.44 -2024.3 1920.01 -206.15 0.0 39571.0 0.0 649
25.46 -2030.65 1922.36 -206.15 0.0 40032.0 0.0 649
25.47 -2036.63 1924.32 -206.15 0.0 40458.0 0.0 649
25.48 -2042.21 1925.93 -206.15 0.0 40919.0 0.0 649
25.5 -2048.32 1927.44 -206.15 0.0 41385.0 0.0 649
25.51 -2054.97 1928.78 -206.15 0.0 41789.0 0.0 650
25.53 -2061.18 1929.77 -206.15 0.0 42255.0 0.0 650
25.54 -2068.39 1930.59 -206.15 0.0 42721.0 0.0 650
25.56 -2075.15 1931.06 -206.15 0.0 43087.0 0.0 650
25.58 -2082.41 1931.23 -206.15 0.0 43459.0 0.0 650
25.59 -2089.19 1931.11 -206.15 0.0 43858.0 0.0 650
25.61 -2096.43 1930.68 -206.15 0.0 44213.0 0.0 650
25.63 -2104.13 1929.86 -206.15 0.0 44479.0 0.0 650
25.64 -2111.32 1928.82 -206.15 0.0 44727.0 0.0 650
25.66 -2117.98 1927.61 -206.15 0.0 44913.0 0.0 650
25.67 -2124.61 1926.18 -206.15 0.0 45079.0 0.0 650
25.69 -2131.65 1924.42 -206.15 0.0 45265.0 0.0 650
25.7 -2137.89 1921.77 -206.15 0.0 45420.0 0.0 650
25.72 -2143.71 1918.3 -206.15 0.0 45544.0 0.0 650
25.74 -2149.08 1914.16 -206.15 0.0 45637.0 0.0 650
25.75 -2154.01 1909.51 -206.15 0.0 45699.0 0.0 650
25.77 -2158.52 1904.46 -206.15 0.0 45823.0 0.0 650
25.78 -2162.66 1899.1 -206.15 0.0 45947.0 0.0 650
25.8 -2166.47 1893.49 -206.15 0.0 46071.0 0.0 773
25.81 -2169.98 1887.7 -206.15 0.0 46195.0 0.0 773
25.83 -2173.23 1881.75 -206.15 0.0 46361.0 0.0 773
25.84 -2176.44 1875.24 -206.15 0.0 46505.0 0.0 773
25.86 -2179.04 1869.51 -206.15 0.0 46682.0 0.0 773
25.88 -2181.99 1862.35 -206.15 0.0 46837.0 0.0 773
25.89 -2184.39 1856.01 -206.15 0.0 47085.0 0.0 773
25.91 -2186.93 1848.7 -206.15 0.0 47311.0 0.0 773
25.93 -2189.39 1840.85 -206.15 0.0 47537.0 0.0 773
25.95 -2191.64 1832.93 -206.15 0.0 47763.0 0.0 773
25.97 -2193.68 1824.96 -206.15 0.0 47962.0 0.0 773
25.99 -2195.61 1816.46 -206.15 0.0 48150.0 0.0 773
26.01 -2197.24 1808.4 -206.15 0.0 48351.0 0.0 773
26.03 -2198.69 1800.3 -206.15 0.0 48577.0 0.0 773
26.04 -2199.96 1792.17 -206.15 0.0 48803.0 0.0 773
26.06 -2201.06 1784.02 -206.15 0.0 49067.0 0.0 773
26.08 -2201.98 1775.84 -206.15 0.0 49331.0 0.0 773
26.1 -2202.71 1767.64 -206.15 0.0 49541.0 0.0 773
26.12 -2203.3 1758.47 -206.15 0.0 49754.0 0.0 773
26.14 -2203.63 1750.73 -206.15 0.0 49866.0 0.0 773
26.16 -2203.8 1741.54 -206.15 0.0 49904.0 0.0 773
26.18 -2202.33 1732.95 -206.15 0.0 49904.0 0.0 773
26.2 -2199.56 1724.69 -206.15 0.0 49904.0 0.0 773
26.22 -2195.31 1715.99 -206.15 0.0 49942.0 0.0 773
26.24 -2190.78 1708.55 -206.15 0.0 49980.0 0.0 773
26.26 -2185.73 1701.45 -206.15 0.0 49980.0 0.0 773
26.28 -2180.29 1694.65 -206.15 0.0 49980.0 0.0 773
26.3 -2174.56 1688.08 -206.15 0.0 49980.0 0.0 773
26.32 -2168.27 1681.38 -206.15 0.0 49980.0 0.0 773
26.34 -2162.15 1675.18 -206.15 0.0 49980.0 0.0 773
26.36 -2157.06 1668.11 -206.15 0.0 49980.0 0.0 773
26.38 -2152.87 1660.47 -206.15 0.0 49980.0 0.0 773
26.4 -2149.58 1652.92 -206.15 0.0 49980.0 0.0 773
26.42 -2146.72 1644.7 -206.15 0.0 49980.0 0.0 623
26.44 -2144.33 1636.32 -206.15 0.0 49980.0 0.0 623
26.46 -2142.43 1628.31 -206.15 0.0 49980.0 0.0 623
26.48 -2140.79 1620.25 -206.15 0.0 49980.0 0.0 623
26.49 -2139.36 1612.15 -206.15 0.0 49980.0 0.0 623
26.51 -2138.23 1604.98 -206.15 0.0 49980.0 0.0 623
26.53 -2137.15 1597.31 -206.15 0.0 49980.0 0.0 623
26.55 -2136.22 1590.11 -206.15 0.0 49980.0 0.0 623
26.56 -2135.31 1582.42 -206.15 0.0 49980.0 0.0 623
26.58 -2134.56 1575.68 -206.15 0.0 49980.0 0.0 623
26.6 -2135.03 1567.47 -206.15 0.0 49980.0 0.0 623
26.61 -2136.47 1559.86 -206.15 0.0 49980.0 0.0 623
26.63 -2138.34 1553.34 -206.15 0.0 49980.0 0.0 647
26.65 -2140.9 1546.55 -206.15 0.0 49980.0 0.0 647
26.66 -2144.13 1539.52 -206.15 0.0 49980.0 0.0 647
26.68 -2147.51 1533.09 -206.15 0.0 49980.0 0.0 647
26.7 -2151.16 1526.81 -206.15 0.0 49980.0 0.0 647
26.71 -2155.02 1520.67 -206.15 0.0 49980.0 0.0 647
26.73 -2159.06 1514.63 -206.15 0.0 49980.0 0.0 647
26.74 -2163.23 1508.69 -206.15 0.0 49980.0 0.0 647
26.76 -2167.22 1503.21 -206.15 0.0 49980.0 0.0 647
26.78 -2171.58 1497.41 -206.15 0.0 49980.0 0.0 647
26.79 -2174.94 1491.52 -206.15 0.0 49980.0 0.0 647
26.81 -2177.8 1484.85 -206.15 0.0 49980.0 0.0 647
26.82 -2179.93 1478.42 -206.15 0.0 49980.0 0.0 647
26.84 -2181.6 1471.85 -206.15 0.0 49980.0 0.0 647
26.85 -2182.87 1465.19 -206.15 0.0 49980.0 0.0 647
26.87 -2183.82 1458.48 -206.15 0.0 49980.0 0.0 647
26.88 -2184.5 1451.74 -206.15 0.0 49980.0 0.0 647
26.9 -2184.96 1444.98 -206.15 0.0 49980.0 0.0 647
26.91 -2185.23 1438.7 -206.15 0.0 49980.0 0.0 647
26.93 -2185.37 1431.92 -205.75 0.0 49980.0 0.0 647
26.95 -2185.38 1424.66 -202.97 0.0 49980.0 0.0 647
26.96 -2185.31 1418.37 -200.61 0.0 49980.0 0.0 647
26.98 -2185.14 1411.6 -198.07 0.0 49980.0 0.0 647
26.99 -2184.91 1404.82 -195.53 0.0 49980.0 0.0 647
27.01 -2184.64 1398.54 -193.18 0.0 49980.0 0.0 647
27.02 -2184.31 1391.77 -190.64 0.0 49980.0 0.0 647
27.03 -2184.0 1385.97 -188.46 0.0 49980.0 0.0 647
27.05 -2183.64 1379.69 -186.11 0.0 49980.0 0.0 647
27.06 -2183.22 1372.93 -183.57 0.0 49980.0 0.0 647
27.08 -2182.84 1367.13 -181.4 0.0 49980.0 0.0 647
27.09 -2182.42 1360.85 -179.04 0.0 49980.0 0.0 647
27.11 -2181.98 1354.58 -176.69 0.0 49980.0 0.0 647
27.12 -2181.54 1348.3 -174.34 0.0 49980.0 0.0 647
27.13 -2181.08 1342.02 -171.98 0.0 49942.0 0.0 647
27.15 -2180.62 1335.75 -169.63 0.0 49768.0 0.0 647
27.16 -2180.15 1329.47 -167.28 0.0 49652.0 0.0 647
27.19 -2179.71 1323.2 -164.92 0.0 49512.0 0.0 647
27.2 -2179.04 1313.06 -161.12 0.0 49432.0 0.0 647
27.21 -2178.69 1307.26 -158.95 0.0 49379.0 0.0 647
27.22 -2178.37 1301.46 -156.77 0.0 49272.0 0.0 647
27.24 -2178.08 1295.66 -154.6 0.0 49272.0 0.0 647
27.25 -2177.83 1289.86 -152.42 0.0 49272.0 0.0 647
27.26 -2177.6 1284.05 -150.24 0.0 49272.0 0.0 647
27.28 -2177.4 1278.25 -148.07 0.0 49234.0 0.0 647
27.29 -2177.22 1272.44 -145.89 0.0 49234.0 0.0 624
27.3 -2177.07 1266.64 -143.71 0.0 49234.0 0.0 624
27.32 -2176.93 1260.83 -141.54 0.0 49234.0 0.0 624
27.33 -2176.8 1255.02 -139.36 0.0 49234.0 0.0 624
27.34 -2176.7 1249.7 -137.36 0.0 49234.0 0.0 624
27.36 -2176.59 1243.41 -135.0 0.0 49234.0 0.0 624
27.37 -2176.5 1237.6 -132.83 0.0 49234.0 0.0 624
27.38 -2176.42 1232.28 -130.83 0.0 49234.0 0.0 624
27.39 -2176.34 1226.47 -128.65 0.0 49234.0 0.0 624
27.41 -2176.27 1221.15 -126.66 0.0 49234.0 0.0 624
27.42 -2176.19 1214.37 -124.11 0.0 49234.0 0.0 624
27.43 -2176.13 1209.05 -122.12 0.0 49234.0 0.0 624
27.45 -2176.07 1203.72 -120.12 0.0 49234.0 0.0 624
27.46 -2176.01 1197.92 -117.94 0.0 49234.0 0.0 624
27.47 -2175.96 1192.59 -115.95 0.0 49234.0 0.0 624
27.48 -2175.91 1187.27 -113.95 0.0 49234.0 0.0 624
27.5 -2175.86 1181.46 -111.77 0.0 49234.0 0.0 624
27.51 -2175.8 1175.65 -109.6 0.0 49234.0 0.0 624
27.52 -2175.76 1170.33 -107.6 0.0 49234.0 0.0 624
27.54 -2175.71 1164.52 -105.42 0.0 49234.0 0.0 624
27.55 -2175.66 1158.71 -103.24 0.0 49234.0 0.0 624
27.56 -2175.61 1153.39 -101.25 0.0 49234.0 0.0 624
27.57 -2175.56 1147.58 -99.07 0.0 49234.0 0.0 624
27.59 -2175.52 1142.26 -97.07 0.0 49234.0 0.0 624
27.6 -2175.48 1136.94 -95.08 0.0 49234.0 0.0 624
27.61 -2175.43 1131.13 -92.9 0.0 49234.0 0.0 624
27.62 -2175.39 1125.8 -90.9 0.0 49234.0 0.0 624
27.64 -2175.35 1120.48 -88.9 0.0 49234.0 0.0 624
27.65 -2175.31 1115.16 -86.91 0.0 49234.0 0.0 624
27.66 -2175.26 1109.35 -84.73 0.0 49234.0 0.0 624
27.67 -2175.22 1104.02 -82.73 0.0 49234.0 0.0 624
27.69 -2175.17 1098.22 -80.56 0.0 49234.0 0.0 624
27.7 -2175.13 1092.41 -78.38 0.0 49234.0 0.0 624
27.71 -2175.09 1087.08 -76.38 0.0 49234.0 0.0 624
27.73 -2175.04 1081.28 -74.2 0.0 49234.0 0.0 624
27.74 -2175.0 1075.47 -72.03 0.0 49234.0 0.0 624
27.75 -2174.95 1069.66 -69.85 0.0 49234.0 0.0 624
27.76 -2174.91 1063.85 -67.67 0.0 49234.0 0.0 624
27.78 -2174.87 1058.53 -65.67 0.0 49234.0 0.0 624
27.79 -2174.82 1052.72 -63.5 0.0 49234.0 0.0 624
27.8 -2174.78 1046.91 -61.32 0.0 49234.0 0.0 624
27.82 -2174.73 1041.11 -59.14 0.0 49234.0 0.0 624
27.83 -2174.68 1034.81 -56.78 0.0 49234.0 0.0 624
27.84 -2174.64 1029.49 -54.78 0.0 49234.0 0.0 624
27.86 -2174.6 1023.68 -52.61 0.0 49234.0 0.0 624
27.87 -2174.55 1017.87 -50.43 0.0 49234.0 0.0 624
27.88 -2174.51 1011.58 -48.07 0.0 49234.0 0.0 624
27.9 -2174.46 1005.77 -45.89 0.0 49234.0 0.0 624
27.91 -2174.42 999.97 -43.71 0.0 49234.0 0.0 624
27.92 -2174.37 994.16 -41.53 0.0 49234.0 0.0 624
27.94 -2174.33 987.87 -39.18 0.0 49234.0 0.0 624
27.95 -2174.28 982.06 -37.0 0.0 49234.0 0.0 624
27.96 -2174.24 976.25 -34.82 0.0 49234.0 0.0 624
27.98 -2174.19 970.44 -32.64 0.0 49234.0 0.0 624
27.99 -2174.14 964.15 -30.28 0.0 49234.0 0.0 624
28.0 -2174.1 958.34 -28.1 0.0 49234.0 0.0 624
28.02 -2174.05 952.54 -25.93 0.0 49234.0 0.0 624
28.03 -2174.01 946.24 -23.57 0.0 49234.0 0.0 624
28.05 -2173.96 940.44 -21.39 0.0 49272.0 0.0 624
28.06 -2173.92 934.63 -19.21 0.0 49388.0 0.0 624
28.07 -2173.87 928.34 -16.85 0.0 49504.0 0.0 624
28.09 -2173.8 922.05 -14.49 0.0 49638.0 0.0 624
28.1 -2173.71 916.24 -14.0 0.0 49794.0 0.0 624
28.12 -2173.58 909.46 -14.0 0.0 49954.0 0.0 624
28.13 -2173.42 903.66 -14.0 0.0 50099.0 0.0 624
28.14 -2173.2 897.37 -14.0 0.0 50215.0 0.0 624
28.16 -2172.92 891.08 -14.0 0.0 50331.0 0.0 624
28.17 -2172.58 884.8 -14.0 0.0 50447.0 0.0 624
28.19 -2172.18 878.52 -14.0 0.0 50518.0 0.0 624
28.2 -2171.59 870.8 -14.0 0.0 50625.0 0.0 629
28.22 -2171.09 865.01 -14.0 0.0 50683.0 0.0 629
28.23 -2170.5 858.75 -14.0 0.0 50741.0 0.0 629
28.25 -2169.85 852.49 -14.0 0.0 50741.0 0.0 629
28.26 -2169.09 845.76 -14.0 0.0 50741.0 0.0 629
28.28 -2168.4 839.99 -14.0 0.0 50741.0 0.0 629
28.29 -2167.62 833.75 -14.0 0.0 50741.0 0.0 629
28.31 -2166.82 827.51 -14.0 0.0 50741.0 0.0 629
28.32 -2165.92 820.79 -14.0 0.0 50741.0 0.0 630
28.34 -2164.1 814.26 -14.0 0.0 50741.0 0.0 630
28.35 -2161.54 807.99 -14.0 0.0 50741.0 0.0 630
28.37 -2158.64 802.4 -14.1 0.0 50741.0 0.0 630
28.38 -2154.75 796.27 -14.1 0.0 50741.0 0.0 630
28.4 -2150.75 790.81 -14.1 0.0 50741.0 0.0 630
28.41 -2146.45 785.57 -14.1 0.0 50665.0 0.0 630
28.43 -2141.91 780.54 -14.1 0.0 50603.0 0.0 630
28.44 -2137.2 775.67 -14.1 0.0 50541.0 0.0 630
28.46 -2132.36 770.93 -14.1 0.0 50448.0 0.0 630
28.47 -2127.41 766.3 -14.1 0.0 50355.0 0.0 630
28.49 -2122.38 761.76 -14.1 0.0 50289.0 0.0 630
28.51 -2116.94 756.95 -14.1 0.0 50218.0 0.0 630
28.52 -2111.08 751.89 -14.1 0.0 50156.0 0.0 630
28.54 -2105.93 747.48 -14.1 0.0 50090.0 0.0 630
28.56 -2101.14 742.03 -14.1 0.0 49990.0 0.0 630
28.57 -2097.02 736.05 -14.1 0.0 49928.0 0.0 630
28.59 -2093.71 730.14 -14.1 0.0 49828.0 0.0 630
28.6 -2090.7 723.53 -14.1 0.0 49735.0 0.0 630
28.62 -2088.3 717.19 -14.1 0.0 49602.0 0.0 630
28.64 -2086.13 710.27 -14.1 0.0 49446.0 0.0 630
28.65 -2084.42 703.71 -14.1 0.0 49290.0 0.0 630
28.67 -2082.97 697.09 -14.1 0.0 49134.0 0.0 630
28.68 -2081.77 690.42 -14.1 0.0 48978.0 0.0 630
28.7 -2080.79 683.72 -14.1 0.0 48791.0 0.0 630
28.71 -2080.0 676.99 -14.1 0.0 48635.0 0.0 630
28.73 -2080.28 670.22 -14.1 0.0 48479.0 0.0 630
28.74 -2081.47 663.55 -14.1 0.0 48354.0 0.0 630
28.76 -2083.44 657.06 -14.1 0.0 48292.0 0.0 630
28.78 -2086.05 650.81 -14.1 0.0 48192.0 0.0 630
28.79 -2089.43 644.38 -14.1 0.0 48105.0 0.0 630
28.81 -2092.72 639.02 -14.1 0.0 48039.0 0.0 630
28.82 -2096.91 633.09 -14.1 0.0 47914.0 0.0 630
28.84 -2101.09 627.76 -14.1 0.0 47769.0 0.0 630
28.85 -2105.17 622.97 -14.1 0.0 47602.0 0.0 630
28.87 -2110.1 617.64 -14.1 0.0 47457.0 0.0 630
28.88 -2114.52 613.16 -14.1 0.0 47270.0 0.0 630
28.9 -2119.42 608.48 -14.1 0.0 47154.0 0.0 630
28.91 -2124.09 604.26 -14.1 0.0 47092.0 0.0 630
28.93 -2129.23 599.85 -14.1 0.0 47092.0 0.0 630
28.94 -2133.71 596.15 -14.1 0.0 47092.0 0.0 630
28.95 -2138.63 592.23 -14.1 0.0 47092.0 0.0 630
28.97 -2143.22 588.67 -14.1 0.0 47092.0 0.0 630
28.98 -2147.85 585.16 -14.1 0.0 47168.0 0.0 630
28.99 -2152.51 581.7 -14.1 0.0 47356.0 0.0 630
29.01 -2157.2 578.27 -14.1 0.0 47625.0 0.0 630
29.02 -2161.89 574.85 -14.1 0.0 48002.0 0.0 630
29.03 -2166.58 571.42 -14.1 0.0 48433.0 0.0 630
29.04 -2171.25 567.97 -14.1 0.0 48952.0 0.0 630
29.07 -2175.49 564.75 -14.1 0.0 50037.0 0.0 630
29.08 -2183.4 558.36 -14.1 0.0 50796.0 0.0 630
29.09 -2188.16 554.25 -14.1 0.0 51551.0 0.0 630
29.11 -2192.42 550.3 -14.1 0.0 52386.0 0.0 630
29.12 -2196.5 546.17 -14.1 0.0 53320.0 0.0 630
29.14 -2200.7 541.48 -14.1 0.0 54331.0 0.0 630
29.16 -2205.17 535.76 -14.1 0.0 55375.0 0.0 630
29.17 -2209.22 529.73 -14.1 0.0 56453.0 0.0 628
29.19 -2212.79 523.42 -14.1 0.0 57531.0 0.0 628
29.21 -2216.0 516.37 -14.1 0.0 58508.0 0.0 628
29.22 -2218.44 509.53 -14.1 0.0 59418.0 0.0 628
29.24 -2220.28 502.51 -14.1 0.0 60373.0 0.0 628
29.26 -2221.58 494.38 -14.1 0.0 61343.0 0.0 628
29.28 -2222.08 485.69 -14.1 0.0 62253.0 0.0 628
29.3 -2221.64 476.5 -14.1 0.0 63061.0 0.0 628
29.32 -2220.4 467.88 -14.1 0.0 63789.0 0.0 628
29.34 -2218.36 459.41 -14.1 0.0 64443.0 0.0 628
29.36 -2215.41 450.7 -14.1 0.0 65040.0 0.0 628
29.38 -2211.74 442.27 -14.1 0.0 59.0 0.0 628
29.41 -2207.42 434.15 -14.1 0.0 541.0 0.0 628
29.44 -2201.36 424.81 -14.1 0.0 1178.0 0.0 628
29.46 -2193.33 414.5 -14.1 0.0 1672.0 0.0 628
29.49 -2186.26 406.54 -14.1 0.0 2301.0 0.0 628
29.52 -2174.47 399.86 -14.1 0.0 2826.0 0.0 628
29.55 -2161.9 396.28 -14.1 0.0 3351.0 0.0 628
29.58 -2149.38 394.97 -14.1 0.0 3795.0 0.0 628
29.61 -2136.32 395.43 -14.1 0.0 4280.0 0.0 628
29.64 -2123.39 397.29 -14.1 0.0 4964.0 0.0 628
29.68 -2109.74 400.58 -14.1 0.0 5705.0 0.0 627
29.71 -2095.97 405.2 -14.1 0.0 5858.0 0.0 627
29.74 -2082.62 410.9 -14.1 0.0 5858.0 0.0 627
29.77 -2070.47 416.89 -14.1 0.0 5858.0 0.0 627
29.8 -2058.53 423.31 -14.1 0.0 5858.0 0.0 627
29.84 -2045.91 430.49 -14.1 0.0 5858.0 0.0 627
29.87 -2034.24 437.37 -14.1 0.0 5858.0 0.0 627
29.9 -2021.81 444.88 -14.1 0.0 5858.0 0.0 627
29.93 -2010.25 451.95 -14.1 0.0 5858.0 0.0 627
29.96 -1999.13 458.82 -14.1 0.0 5858.0 0.0 627
29.99 -1988.03 465.72 -14.1 0.0 5858.0 0.0 627
30.02 -1976.94 472.64 -14.1 0.0 5858.0 0.0 627
30.04 -1966.27 479.31 -14.1 0.0 5973.0 0.0 630
30.07 -1956.02 485.73 -14.1 0.0 6280.0 0.0 626
30.1 -1945.38 492.46 -14.1 0.0 6640.0 0.0 626
30.13 -1935.64 498.78 -14.1 0.0 6786.0 0.0 626
30.15 -1925.22 505.83 -14.1 0.0 6889.0 0.0 626
30.18 -1916.1 512.21 -14.1 0.0 6889.0 0.0 626
30.2 -1906.68 519.01 -14.1 0.0 6889.0 0.0 626
30.23 -1897.72 525.62 -14.1 0.0 6889.0 0.0 626
30.26 -1888.42 532.59 -14.1 0.0 6889.0 0.0 626
30.28 -1879.55 539.3 -14.1 0.0 6889.0 0.0 626
30.32 -1869.93 546.64 -14.1 0.0 7042.0 0.0 626
30.34 -1858.41 555.49 -14.1 0.0 7223.0 0.0 626
30.37 -1849.24 562.62 -14.1 0.0 7501.0 0.0 626
30.39 -1840.51 569.53 -14.1 0.0 7849.0 0.0 626
30.42 -1831.89 576.56 -14.1 0.0 8301.0 0.0 626
30.44 -1823.4 583.76 -14.1 0.0 8767.0 0.0 626
30.47 -1815.45 590.86 -14.1 0.0 9196.0 0.0 626
30.49 -1808.07 597.85 -6.75 0.0 9450.0 0.0 626
30.51 -1800.93 605.07 -4.07 0.0 9677.0 0.0 626
30.53 -1794.32 612.15 -1.6 0.0 9813.0 0.0 626
30.56 -1787.91 619.4 0.81 0.0 9851.0 0.0 626
30.58 -1781.67 626.8 3.15 0.0 9937.0 0.0 626
30.6 -1775.88 633.94 5.32 0.0 9975.0 0.0 626
30.62 -1768.97 640.01 7.91 0.0 10079.0 0.0 626
30.65 -1759.38 643.81 11.51 0.0 10174.0 0.0 626
30.67 -1749.92 645.03 15.05 0.0 10212.0 0.0 626
30.69 -1739.84 644.43 18.83 0.0 10311.0 0.0 626
30.71 -1729.42 642.26 22.74 0.0 10440.0 0.0 626
30.74 -1720.62 639.59 26.04 0.0 10530.0 0.0 626
30.76 -1714.61 637.77 28.29 0.0 10616.0 0.0 626
30.78 -1710.82 636.62 29.72 0.0 10693.0 0.0 626
30.8 -1708.44 635.9 30.61 0.0 10731.0 0.0 626
30.82 -1706.72 635.37 31.26 0.0 10769.0 0.0 626
30.84 -1705.51 635.01 31.71 0.0 10855.0 0.0 626
30.86 -1704.7 634.76 32.01 0.0 10941.0 0.0 626
30.88 -1704.17 634.6 32.21 0.0 10979.0 0.0 626
30.9 -1703.82 634.49 32.34 0.0 11069.0 0.0 626
30.92 -1703.57 634.42 32.44 0.0 11155.0 0.0 626
30.94 -1703.57 634.42 29.64 0.0 11193.0 0.0 626
30.96 -1702.77 634.51 32.74 0.0 9317.0 0.0 626
30.98 -1701.04 634.71 33.38 0.0 9279.0 0.0 626
31.0 -1698.6 634.98 34.3 0.0 9279.0 0.0 626
31.02 -1695.59 635.31 35.43 0.0 9241.0 0.0 626
31.04 -1691.33 635.76 37.03 0.0 9241.0 0.0 626
31.05 -1686.8 636.24 38.72 0.0 9241.0 0.0 626
31.08 -1681.21 636.82 40.82 0.0 9241.0 0.0 626
31.09 -1674.42 637.52 43.37 0.0 9241.0 0.0 626
31.12 -1667.63 638.22 45.91 0.0 9241.0 0.0 626
31.14 -1658.66 639.14 49.28 0.0 9241.0 0.0 626
31.16 -1649.03 640.12 52.89 0.0 9241.0 0.0 626
31.18 -1640.36 641.0 56.14 0.0 9241.0 0.0 626
31.2 -1632.18 641.83 59.21 0.0 9241.0 0.0 626
31.21 -1623.99 642.66 62.28 0.0 9241.0 0.0 626
31.23 -1615.8 643.49 65.35 0.0 9241.0 0.0 626
31.25 -1607.62 644.32 68.42 0.0 9241.0 0.0 626
31.27 -1598.95 645.19 71.67 0.0 9241.0 0.0 626
31.29 -1590.12 647.75 74.98 0.0 9241.0 0.0 626
31.32 -1584.58 649.36 77.06 0.0 9241.0 0.0 626
31.34 -1579.96 650.69 78.79 0.0 9241.0 0.0 626
31.36 -1577.75 651.34 79.62 0.0 9241.0 0.0 626
31.39 -1576.39 651.73 80.13 0.0 9241.0 0.0 626
31.41 -1575.4 652.01 80.5 0.0 9241.0 0.0 626
31.43 -1574.78 652.19 80.73 0.0 9241.0 0.0 626
31.45 -1574.36 652.32 80.89 0.0 9241.0 0.0 626
31.47 -1574.09 652.4 80.99 0.0 9241.0 0.0 626
31.49 -1574.09 652.4 78.19 0.0 9241.0 0.0 626
31.52 -1573.73 651.36 81.13 0.0 3157.0 0.0 626
31.54 -1573.09 649.43 81.37 0.0 3066.0 0.0 626
31.56 -1572.16 646.56 81.71 0.0 2975.0 0.0 626
31.58 -1570.95 642.73 82.17 0.0 2884.0 0.0 626
31.6 -1568.47 638.76 83.1 0.0 2793.0 0.0 626
31.63 -1564.83 634.61 84.46 0.0 2793.0 0.0 626
31.65 -1560.14 630.21 86.22 0.0 2793.0 0.0 626
31.67 -1554.42 625.54 88.37 0.0 2793.0 0.0 626
31.69 -1547.72 620.56 90.88 0.0 2793.0 0.0 626
31.71 -1540.05 615.23 93.75 0.0 2831.0 0.0 626
31.74 -1531.98 609.89 96.78 0.0 2952.0 0.0 763
31.76 -1523.81 604.7 99.84 0.0 3143.0 0.0 763
31.78 -1515.15 599.39 103.09 0.0 3234.0 0.0 763
31.8 -1506.81 594.47 106.22 0.0 3325.0 0.0 763
31.82 -1498.41 589.67 109.37 0.0 3363.0 0.0 763
31.85 -1489.94 584.98 112.55 0.0 3363.0 0.0 763
31.87 -1481.42 580.38 111.74 0.0 3401.0 0.0 763
31.89 -1472.86 575.85 114.95 0.0 3401.0 0.0 763
31.91 -1464.28 571.38 118.17 0.0 3401.0 0.0 763
31.93 -1456.1 567.18 121.24 0.0 3401.0 0.0 763
31.95 -1447.9 563.0 124.31 0.0 3401.0 0.0 763
31.98 -1439.7 558.85 127.39 0.0 3401.0 0.0 763
31.99 -1431.05 554.5 130.63 0.0 3401.0 0.0 763
32.02 -1423.26 550.6 133.55 0.0 3401.0 0.0 763
32.04 -1415.04 546.49 136.64 0.0 3401.0 0.0 763
32.06 -1406.81 542.38 139.72 0.0 3401.0 0.0 763
32.08 -1399.01 538.5 142.65 0.0 3401.0 0.0 763
32.09 -1391.21 534.63 145.57 0.0 3401.0 0.0 763
32.12 -1383.84 530.97 148.34 0.0 3401.0 0.0 763
32.13 -1375.6 526.88 151.43 0.0 3401.0 0.0 763
32.15 -1368.66 523.44 154.03 0.0 3401.0 0.0 763
32.17 -1360.85 519.57 156.96 0.0 3401.0 0.0 763
32.19 -1353.05 515.71 159.88 0.0 3401.0 0.0 763
32.21 -1345.24 511.84 162.81 0.0 3401.0 0.0 763
32.23 -1337.43 507.97 165.74 0.0 3401.0 0.0 763
32.25 -1329.62 504.11 168.67 0.0 3401.0 0.0 763
32.27 -1322.25 500.46 171.43 0.0 3401.0 0.0 763
32.29 -1315.31 497.02 174.03 0.0 3401.0 0.0 763
32.3 -1307.44 494.62 176.98 0.0 3401.0 0.0 763
32.32 -1299.81 493.29 178.01 0.0 3401.0 0.0 763
32.34 -1291.6 492.75 178.01 0.0 3401.0 0.0 763
32.36 -1283.86 492.86 178.01 0.0 3401.0 0.0 763
32.38 -1276.14 493.46 178.01 0.0 3401.0 0.0 763
32.4 -1268.46 494.45 178.01 0.0 3363.0 0.0 763
32.41 -1260.35 495.85 178.01 0.0 3290.0 0.0 763
32.43 -1252.76 497.41 178.01 0.0 3217.0 0.0 763
32.45 -1245.22 499.14 178.01 0.0 3080.0 0.0 763
32.46 -1238.17 500.88 178.01 0.0 2909.0 0.0 763
32.48 -1232.98 502.15 178.01 0.0 2717.0 0.0 763
32.5 -1229.33 503.05 178.01 0.0 2374.0 0.0 763
32.51 -1226.45 503.76 178.01 0.0 1971.0 0.0 763
32.53 -1224.25 504.31 178.01 0.0 1619.0 0.0 763
32.55 -1222.79 504.66 178.01 0.0 1143.0 0.0 763
32.56 -1221.6 504.96 178.01 0.0 756.0 0.0 763
32.58 -1220.85 505.14 178.01 0.0 173.0 0.0 763
32.59 -1220.21 505.3 178.01 0.0 65160.0 0.0 763
32.61 -1219.75 505.41 178.01 0.0 64542.0 0.0 763
32.63 -1219.4 505.5 178.01 0.0 63997.0 0.0 763
32.64 -1219.16 505.56 178.01 0.0 63517.0 0.0 763
32.66 -1218.98 505.6 178.01 0.0 63174.0 0.0 763
32.68 -1218.42 505.31 178.01 0.0 5240.0 0.0 763
32.7 -1217.15 504.73 178.01 0.0 6370.0 0.0 763
32.72 -1215.19 503.98 178.01 0.0 7484.0 0.0 763
32.74 -1212.31 503.11 178.01 0.0 8598.0 0.0 763
32.76 -1208.6 502.3 178.01 0.0 9673.0 0.0 763
32.78 -1203.78 501.64 178.01 0.0 10728.0 0.0 763
32.8 -1197.73 501.34 178.01 0.0 11657.0 0.0 763
32.82 -1191.14 501.54 178.01 0.0 12528.0 0.0 763
32.84 -1183.76 502.37 177.9 0.0 13268.0 0.0 763
32.86 -1175.66 503.92 177.9 0.0 14072.0 0.0 763
32.89 -1165.91 506.61 177.9 0.0 14844.0 0.0 763
32.91 -1156.35 510.07 177.9 0.0 15584.0 0.0 763
32.94 -1145.45 512.36 177.9 0.0 16191.0 0.0 763
32.96 -1134.9 513.73 177.9 0.0 16738.0 0.0 763
32.98 -1124.77 514.65 177.9 0.0 17302.0 0.0 763
33.01 -1113.67 515.47 177.9 0.0 17807.0 0.0 763
33.04 -1103.06 516.3 177.9 0.0 18322.0 0.0 763
33.06 -1091.49 517.41 177.9 0.0 18815.0 0.0 763
33.09 -1080.44 518.75 177.9 0.0 19313.0 0.0 763
33.11 -1068.49 520.63 177.9 0.0 19864.0 0.0 763
33.14 -1057.09 522.85 177.9 0.0 20467.0 0.0 764
33.17 -1045.32 525.68 177.9 0.0 21080.0 0.0 764
33.2 -1033.71 529.07 177.9 0.0 21677.0 0.0 764
33.23 -1021.83 533.23 177.9 0.0 22136.0 0.0 764
33.25 -1010.64 537.83 177.9 0.0 22467.0 0.0 764
33.28 -1000.12 542.75 177.9 0.0 22665.0 0.0 764
33.3 -990.66 547.64 177.9 0.0 22768.0 0.0 764
33.33 -982.34 555.04 177.9 0.0 22806.0 0.0 764
33.35 -975.54 563.86 177.9 0.0 22905.0 0.0 764
33.38 -970.21 573.07 177.9 0.0 23037.0 0.0 764
33.4 -965.82 582.77 177.9 0.0 23037.0 0.0 764
33.42 -962.18 592.78 177.9 0.0 23037.0 0.0 764
33.45 -959.22 602.5 177.9 0.0 23037.0 0.0 764
33.47 -958.76 613.63 177.9 0.0 23037.0 0.0 764
33.5 -960.11 623.7 177.9 0.0 23037.0 0.0 764
33.52 -962.95 633.96 177.9 0.0 23037.0 0.0 764
33.54 -966.59 643.45 177.9 0.0 23037.0 0.0 764
33.57 -971.14 653.08 177.9 0.0 23037.0 0.0 764
33.59 -973.87 658.88 177.9 0.0 23037.0 0.0 764
33.61 -975.56 662.45 177.9 0.0 23037.0 0.0 764
33.63 -976.67 664.82 177.9 0.0 23037.0 0.0 764
33.66 -977.38 666.31 177.9 0.0 23037.0 0.0 764
33.68 -977.82 667.25 177.9 0.0 23037.0 0.0 764
33.7 -978.09 667.82 177.9 0.0 23228.0 0.0 764
33.72 -978.27 668.21 177.9 0.0 23864.0 0.0 764
33.75 -978.39 668.46 177.9 0.0 24463.0 0.0 764
33.78 -979.43 669.27 177.9 0.0 25868.0 0.0 764
33.8 -981.63 670.99 177.9 0.0 25868.0 0.0 688
33.82 -984.6 673.3 177.9 0.0 25868.0 0.0 758
33.85 -988.51 676.34 177.9 0.0 25868.0 0.0 758
33.87 -993.11 679.92 177.9 0.0 25868.0 0.0 758
33.89 -998.88 684.41 177.9 0.0 25868.0 0.0 758
33.92 -1005.59 689.64 177.9 0.0 25868.0 0.0 758
33.94 -1012.86 695.3 177.9 0.0 25868.0 0.0 758
33.97 -1021.26 701.84 177.9 0.0 25868.0 0.0 758
33.99 -1029.28 708.08 177.9 0.0 25868.0 0.0 758
34.01 -1037.3 714.33 177.9 0.0 25868.0 0.0 758
34.03 -1045.7 720.87 177.9 0.0 25868.0 0.0 758
34.06 -1053.34 726.81 177.9 0.0 25830.0 0.0 758
34.08 -1061.36 733.06 177.9 0.0 25792.0 0.0 758
34.1 -1069.37 739.31 177.9 0.0 25792.0 0.0 758
34.12 -1076.61 744.98 177.9 0.0 25792.0 0.0 758
34.14 -1084.23 750.95 177.9 0.0 25792.0 0.0 758
34.16 -1091.08 756.33 177.9 0.0 25792.0 0.0 758
34.19 -1098.31 762.02 178.87 0.0 25792.0 0.0 758
34.21 -1105.91 768.01 178.87 0.0 25792.0 0.0 758
34.23 -1113.51 774.0 186.12 0.0 25792.0 0.0 758
34.25 -1120.74 779.69 192.58 0.0 25792.0 0.0 758
34.27 -1128.87 786.1 199.24 0.0 25792.0 0.0 758
34.3 -1136.76 792.32 205.11 0.0 25792.0 0.0 758
34.32 -1144.25 798.23 210.26 0.0 25792.0 0.0 758
34.34 -1152.14 804.44 215.24 0.0 25792.0 0.0 758
34.36 -1159.63 810.35 219.54 0.0 25792.0 0.0 758
34.38 -1167.52 816.57 223.61 0.0 25792.0 0.0 758
34.4 -1175.41 822.79 227.23 0.0 25792.0 0.0 758
34.43 -1183.3 829.01 230.39 0.0 25792.0 0.0 758
34.45 -1190.79 834.92 232.96 0.0 25792.0 0.0 758
34.47 -1198.28 840.82 235.12 0.0 25792.0 0.0 758
34.49 -1205.77 846.73 236.87 0.0 25792.0 0.0 758
34.51 -1212.87 852.33 238.14 0.0 25716.0 0.0 758
34.53 -1220.36 858.24 239.07 0.0 25631.0 0.0 758
34.55 -1227.85 864.15 239.59 0.0 25546.0 0.0 758
34.57 -1235.34 870.06 247.01 0.0 25465.0 0.0 758
34.59 -1242.43 875.67 253.66 0.0 25380.0 0.0 758
34.61 -1249.91 881.6 260.28 0.0 25304.0 0.0 731
34.63 -1256.6 886.9 265.84 0.0 25223.0 0.0 731
34.65 -1263.67 892.53 271.37 0.0 25185.0 0.0 731
34.66 -1270.34 897.86 276.25 0.0 25185.0 0.0 731
34.68 -1276.62 902.88 280.54 0.0 25147.0 0.0 731
34.7 -1282.88 907.91 284.54 0.0 25147.0 0.0 731
34.72 -1289.53 913.26 288.46 0.0 25147.0 0.0 731
34.74 -1295.78 918.31 291.85 0.0 25147.0 0.0 731
34.76 -1301.64 923.05 294.76 0.0 25147.0 0.0 731
34.77 -1308.65 928.75 297.91 0.0 25147.0 0.0 731
34.79 -1315.27 934.14 300.55 0.0 25147.0 0.0 731
34.81 -1321.88 939.55 302.85 0.0 25147.0 0.0 731
34.83 -1328.1 944.64 304.71 0.0 25147.0 0.0 731
34.85 -1334.7 950.06 306.37 0.0 25147.0 0.0 731
34.87 -1341.29 955.48 307.69 0.0 25147.0 0.0 731
34.88 -1347.87 960.92 308.69 0.0 25147.0 0.0 731
34.9 -1354.06 966.04 309.32 0.0 25147.0 0.0 731
34.92 -1360.63 971.49 309.66 0.0 25147.0 0.0 731
34.94 -1366.81 976.62 309.69 0.0 25147.0 0.0 731
34.96 -1372.99 981.76 309.42 0.0 25147.0 0.0 731
34.97 -1379.54 987.23 308.81 0.0 25147.0 0.0 731
34.99 -1385.71 992.39 307.93 0.0 25147.0 0.0 731
35.01 -1391.86 997.55 306.76 0.0 25147.0 0.0 731
35.03 -1398.4 1003.04 305.19 0.0 25147.0 0.0 731
35.05 -1404.55 1008.21 303.41 0.0 25147.0 0.0 731
35.06 -1410.7 1013.38 301.34 0.0 25147.0 0.0 731
35.08 -1417.22 1018.89 298.81 0.0 25147.0 0.0 731
35.1 -1422.97 1023.75 296.31 0.0 25147.0 0.0 731
35.12 -1429.11 1028.94 293.35 0.0 25147.0 0.0 731
35.13 -1435.28 1034.08 290.1 0.0 25147.0 0.0 731
35.15 -1441.22 1038.39 291.37 0.0 25147.0 0.0 731
35.17 -1448.1 1041.94 293.52 0.0 25147.0 0.0 731
35.18 -1454.85 1044.62 293.85 0.0 25147.0 0.0 731
35.2 -1462.27 1046.83 293.85 0.0 25147.0 0.0 731
35.22 -1468.87 1048.35 293.85 0.0 25147.0 0.0 732
35.23 -1476.5 1049.66 293.85 0.0 25147.0 0.0 732
35.25 -1483.7 1050.58 293.85 0.0 25147.0 0.0 732
35.27 -1491.42 1051.27 293.85 0.0 25147.0 0.0 732
35.28 -1498.18 1051.7 293.85 0.0 25147.0 0.0 732
35.3 -1505.92 1052.0 293.85 0.0 25032.0 0.0 732
35.32 -1513.18 1052.15 293.85 0.0 24932.0 0.0 732
35.33 -1520.44 1052.21 293.85 0.0 24753.0 0.0 732
35.35 -1528.18 1052.21 293.85 0.0 24552.0 0.0 732
35.37 -1535.44 1052.19 293.85 0.0 24318.0 0.0 732
35.38 -1542.7 1052.17 293.85 0.0 24117.0 0.0 732
35.4 -1549.96 1052.19 293.85 0.0 23916.0 0.0 732
35.42 -1557.22 1052.27 293.85 0.0 23697.0 0.0 732
35.43 -1563.99 1052.41 293.85 0.0 23375.0 0.0 732
35.45 -1571.73 1052.67 293.85 0.0 23006.0 0.0 732
35.47 -1578.98 1053.03 293.85 0.0 22570.0 0.0 732
35.48 -1586.09 1054.54 293.85 0.0 22067.0 0.0 732
35.5 -1592.9 1057.04 293.85 0.0 21588.0 0.0 732
35.52 -1599.35 1060.37 293.85 0.0 21077.0 0.0 732
35.53 -1605.39 1064.41 293.85 0.0 20635.0 0.0 732
35.55 -1611.33 1069.37 293.85 0.0 20188.0 0.0 732
35.57 -1616.46 1074.5 293.85 0.0 19825.0 0.0 774
35.58 -1621.45 1080.43 293.85 0.0 19506.0 0.0 774
35.6 -1625.73 1086.3 293.85 0.0 19234.0 0.0 774
35.62 -1629.85 1092.85 293.85 0.0 19064.0 0.0 774
35.64 -1633.58 1099.64 293.85 0.0 19001.0 0.0 774
35.65 -1636.78 1106.16 293.85 0.0 18933.0 0.0 774
35.67 -1639.89 1113.25 293.85 0.0 18933.0 0.0 774
35.69 -1642.58 1119.99 293.85 0.0 18895.0 0.0 774
35.7 -1645.1 1126.8 293.85 0.0 18831.0 0.0 770
35.72 -1647.47 1133.66 293.85 0.0 18729.0 0.0 770
35.74 -1649.85 1141.03 293.85 0.0 18569.0 0.0 768
35.76 -1651.96 1147.98 293.85 0.0 18364.0 0.0 768
35.77 -1654.08 1155.42 293.85 0.0 18124.0 0.0 768
35.79 -1656.07 1162.91 293.85 0.0 17816.0 0.0 768
35.81 -1657.91 1170.43 293.85 0.0 17439.0 0.0 768
35.83 -1659.6 1177.99 293.85 0.0 16993.0 0.0 768
35.84 -1661.1 1185.59 293.85 0.0 16410.0 0.0 768
35.86 -1662.45 1193.7 293.85 0.0 15827.0 0.0 768
35.88 -1663.47 1201.38 293.85 0.0 15171.0 0.0 768
35.9 -1664.22 1209.57 293.85 0.0 14356.0 0.0 768
35.92 -1664.6 1218.76 293.85 0.0 13558.0 0.0 768
35.94 -1664.49 1227.47 293.85 0.0 12709.0 0.0 768
35.96 -1663.87 1236.16 293.85 0.0 11897.0 0.0 768
35.98 -1662.59 1245.27 293.85 0.0 11205.0 0.0 768
36.0 -1660.82 1253.8 293.85 0.0 10610.0 0.0 768
36.02 -1658.32 1262.65 293.85 0.0 10149.0 0.0 768
36.04 -1656.7 1268.38 293.85 0.0 9822.0 0.0 768
36.06 -1655.63 1272.17 293.85 0.0 9525.0 0.0 768
36.08 -1654.84 1274.99 293.85 0.0 9416.0 0.0 768
36.1 -1654.34 1276.76 293.85 0.0 9416.0 0.0 768
36.12 -1653.97 1278.04 293.85 0.0 9416.0 0.0 768
36.14 -1653.73 1278.91 293.85 0.0 9416.0 0.0 768
36.16 -1653.56 1279.51 293.85 0.0 9416.0 0.0 768
36.18 -1653.44 1279.91 293.85 0.0 9531.0 0.0 768
36.2 -1653.37 1280.19 293.85 0.0 9918.0 0.0 768
36.21 -1653.69 1280.74 293.85 0.0 21979.0 0.0 768
36.23 -1654.34 1281.83 293.85 0.0 21979.0 0.0 768
36.25 -1655.23 1283.33 293.85 0.0 21979.0 0.0 768
36.26 -1656.41 1285.31 293.85 0.0 21979.0 0.0 768
36.28 -1657.87 1287.77 293.85 0.0 21979.0 0.0 771
36.3 -1659.75 1290.94 293.85 0.0 22017.0 0.0 771
36.31 -1661.65 1294.14 293.85 0.0 22017.0 0.0 771
36.33 -1664.14 1298.33 293.85 0.0 22093.0 0.0 771
36.35 -1666.97 1303.06 293.85 0.0 22232.0 0.0 771
36.37 -1670.13 1308.33 293.85 0.0 22354.0 0.0 771
36.38 -1673.16 1313.35 301.9 0.0 22613.0 0.0 771
36.4 -1677.26 1320.02 301.9 0.0 22907.0 0.0 771
36.42 -1681.11 1326.18 301.9 0.0 23234.0 0.0 771
36.43 -1685.05 1332.28 301.9 0.0 23548.0 0.0 771
36.45 -1688.06 1336.96 301.9 0.0 23842.0 0.0 771
36.47 -1690.14 1340.18 301.9 0.0 24191.0 0.0 771
36.49 -1691.93 1342.97 301.9 0.0 24420.0 0.0 771
36.51 -1692.93 1344.51 301.9 0.0 24603.0 0.0 771
36.52 -1693.62 1345.59 301.9 0.0 24777.0 0.0 771
36.54 -1694.2 1346.48 301.9 0.0 24907.0 0.0 771
36.55 -1694.59 1347.1 301.9 0.0 24998.0 0.0 771
36.57 -1694.87 1347.53 301.9 0.0 25068.0 0.0 771
36.59 -1695.1 1347.88 301.9 0.0 25125.0 0.0 771
36.6 -1695.24 1348.1 301.9 0.0 25125.0 0.0 771
36.62 -1695.37 1348.3 301.9 0.0 25125.0 0.0 771
36.64 -1694.18 1348.15 301.9 0.0 64238.0 0.0 771
36.66 -1691.96 1347.87 301.9 0.0 64660.0 0.0 771
36.69 -1688.44 1347.43 301.9 0.0 65381.0 0.0 771
36.71 -1683.73 1346.92 301.9 0.0 65457.0 0.0 771
36.73 -1677.81 1346.47 301.9 0.0 65457.0 0.0 771
36.77 -1671.06 1346.11 301.9 0.0 65457.0 0.0 771
36.81 -1665.27 1345.8 301.9 0.0 65457.0 0.0 771
36.84 -1662.37 1345.64 301.9 0.0 65457.0 0.0 771
36.86 -1661.33 1345.59 301.9 0.0 65457.0 0.0 771
36.88 -1660.62 1345.55 301.9 0.0 65457.0 0.0 771
36.91 -1660.21 1345.53 301.9 0.0 65457.0 0.0 771
36.93 -1659.94 1345.51 301.9 0.0 65457.0 0.0 771
36.95 -1659.96 1344.31 301.9 0.0 64492.0 0.0 771
36.97 -1660.03 1342.08 301.9 0.0 63542.0 0.0 771
37.0 -1660.26 1338.54 301.9 0.0 62510.0 0.0 771
37.02 -1660.76 1334.11 301.9 0.0 61297.0 0.0 771
37.04 -1661.78 1328.34 301.9 0.0 60284.0 0.0 771
37.06 -1663.31 1322.25 301.9 0.0 59605.0 0.0 771
37.09 -1665.44 1315.78 293.9 0.0 59203.0 0.0 771
37.11 -1668.49 1308.26 293.9 0.0 58864.0 0.0 771
37.13 -1672.16 1300.52 293.9 0.0 58596.0 0.0 771
37.15 -1676.74 1292.0 293.9 0.0 58462.0 0.0 771
37.17 -1679.98 1282.88 293.9 0.0 58424.0 0.0 771
37.19 -1682.13 1273.93 293.9 0.0 58424.0 0.0 771
37.21 -1683.54 1264.85 293.9 0.0 58424.0 0.0 771
37.23 -1684.38 1255.69 293.9 0.0 58424.0 0.0 768
37.25 -1683.37 1247.04 293.9 0.0 58424.0 0.0 768
37.27 -1680.69 1238.24 293.9 0.0 58424.0 0.0 768
37.29 -1677.07 1230.32 293.9 0.0 58424.0 0.0 768
37.31 -1672.65 1222.81 293.9 0.0 58424.0 0.0 768
37.33 -1667.63 1215.69 293.9 0.0 58424.0 0.0 768
37.35 -1662.18 1208.89 293.9 0.0 58424.0 0.0 768
37.37 -1656.4 1202.37 293.9 0.0 58577.0 0.0 768
37.39 -1650.39 1196.07 293.9 0.0 59021.0 0.0 768
37.41 -1644.17 1189.97 293.9 0.0 59532.0 0.0 768
37.43 -1637.38 1183.77 299.9 0.0 60171.0 0.0 768
37.45 -1630.34 1177.84 299.9 0.0 60682.0 0.0 768
37.47 -1622.19 1173.59 299.9 0.0 61139.0 0.0 768
37.49 -1614.37 1171.03 299.9 0.0 61421.0 0.0 770
37.51 -1605.78 1169.6 299.9 0.0 61497.0 0.0 770
37.53 -1597.07 1169.25 299.9 0.0 61497.0 0.0 770
37.55 -1588.38 1169.77 299.9 0.0 61497.0 0.0 770
37.57 -1579.74 1170.95 299.9 0.0 61497.0 0.0 770
37.59 -1571.67 1172.52 299.9 0.0 61497.0 0.0 770
37.61 -1563.67 1174.46 299.9 0.0 61497.0 0.0 770
37.63 -1555.75 1176.67 299.9 0.0 61497.0 0.0 770
37.65 -1548.08 1177.76 299.9 0.0 61190.0 0.0 770
37.66 -1539.85 1178.0 299.9 0.0 60731.0 0.0 770
37.68 -1531.64 1177.45 299.9 0.0 60204.0 0.0 770
37.7 -1525.71 1177.05 299.9 0.0 59808.0 0.0 770
37.72 -1521.91 1176.79 299.9 0.0 59403.0 0.0 770
37.74 -1519.0 1176.6 299.9 0.0 58975.0 0.0 770
37.76 -1516.95 1176.46 299.9 0.0 58516.0 0.0 770
37.78 -1515.67 1176.37 299.9 0.0 58057.0 0.0 770
37.8 -1514.77 1176.31 299.9 0.0 57559.0 0.0 770
37.82 -1514.14 1176.27 299.9 0.0 56938.0 0.0 770
37.84 -1513.68 1176.24 299.9 0.0 56402.0 0.0 770
37.86 -1513.38 1176.22 299.9 0.0 55904.0 0.0 770
37.87 -1513.17 1176.21 299.9 0.0 55406.0 0.0 770
37.89 -1512.8 1175.59 299.9 0.0 55498.0 0.0 770
37.91 -1511.96 1174.28 299.9 0.0 55498.0 0.0 770
37.93 -1510.65 1172.31 299.9 0.0 55498.0 0.0 770
37.95 -1508.87 1169.69 299.9 0.0 55498.0 0.0 770
37.97 -1506.63 1166.41 299.9 0.0 55498.0 0.0 770
37.98 -1503.93 1162.48 299.9 0.0 55498.0 0.0 770
38.0 -1500.96 1158.18 299.9 0.0 55498.0 0.0 770
38.02 -1497.36 1152.97 299.9 0.0 55498.0 0.0 770
38.04 -1493.55 1147.47 299.9 0.0 55498.0 0.0 770
38.06 -1489.05 1140.98 299.9 0.0 55498.0 0.0 770
38.08 -1484.09 1133.84 299.9 0.0 55498.0 0.0 770
38.1 -1479.67 1127.48 299.9 0.0 55536.0 0.0 770
38.12 -1474.7 1120.32 299.9 0.0 55611.0 0.0 770
38.14 -1470.0 1113.57 299.9 0.0 55838.0 0.0 770
38.16 -1465.28 1106.83 293.9 0.0 55951.0 0.0 770
38.17 -1460.52 1100.12 293.9 0.0 56026.0 0.0 770
38.19 -1455.71 1093.45 293.9 0.0 56026.0 0.0 770
38.21 -1450.55 1086.42 293.9 0.0 56026.0 0.0 770
38.23 -1445.36 1079.43 293.9 0.0 56026.0 0.0 731
38.25 -1440.43 1072.84 293.9 0.0 56026.0 0.0 731
38.27 -1435.47 1066.27 293.9 0.0 56064.0 0.0 731
38.29 -1430.5 1059.72 293.9 0.0 56064.0 0.0 731
38.31 -1425.51 1053.18 293.9 0.0 56064.0 0.0 731
38.33 -1420.5 1046.65 293.9 0.0 56064.0 0.0 731
38.35 -1415.48 1040.13 293.9 0.0 56064.0 0.0 731
38.36 -1410.45 1033.62 293.9 0.0 56064.0 0.0 731
38.38 -1405.71 1027.5 293.9 0.0 56064.0 0.0 731
38.4 -1400.67 1020.99 293.9 0.0 56064.0 0.0 731
38.42 -1395.92 1014.88 293.9 0.0 56064.0 0.0 731
38.43 -1391.17 1008.76 301.9 0.0 56064.0 0.0 731
38.45 -1386.71 1003.03 301.9 0.0 56064.0 0.0 731
38.47 -1381.65 996.54 301.9 0.0 56064.0 0.0 731
38.49 -1376.9 990.43 301.9 0.0 56064.0 0.0 731
38.5 -1372.14 984.32 301.9 0.0 56064.0 0.0 731
38.52 -1367.38 978.21 301.9 0.0 56064.0 0.0 731
38.54 -1362.91 972.49 301.9 0.0 56064.0 0.0 731
38.56 -1358.08 966.29 307.74 0.0 56064.0 0.0 731
38.57 -1353.49 960.4 312.94 0.0 56064.0 0.0 731
38.59 -1348.59 954.12 318.21 0.0 56064.0 0.0 731
38.61 -1343.7 947.84 323.18 0.0 56064.0 0.0 731
38.62 -1339.1 941.95 327.58 0.0 56064.0 0.0 731
38.64 -1334.21 935.67 331.98 0.0 56064.0 0.0 731
38.66 -1329.61 929.78 335.84 0.0 56064.0 0.0 731
38.67 -1324.72 923.49 339.67 0.0 56064.0 0.0 731
38.69 -1320.43 918.0 342.78 0.0 56064.0 0.0 731
38.71 -1315.53 911.72 346.06 0.0 56064.0 0.0 731
38.73 -1310.33 905.04 349.22 0.0 56064.0 0.0 731
38.75 -1305.73 899.15 351.74 0.0 56064.0 0.0 731
38.76 -1300.53 892.48 354.28 0.0 56064.0 0.0 731
38.78 -1295.94 886.59 356.24 0.0 56102.0 0.0 731
38.8 -1291.35 880.7 357.94 0.0 56102.0 0.0 731
38.81 -1286.45 874.42 359.48 0.0 56102.0 0.0 731
38.83 -1281.85 868.53 360.65 0.0 56102.0 0.0 731
38.85 -1277.56 863.03 361.51 0.0 56140.0 0.0 731
38.86 -1272.66 856.75 362.21 0.0 56140.0 0.0 731
38.88 -1268.38 851.26 362.59 0.0 56140.0 0.0 731
38.89 -1263.78 845.37 362.74 0.0 56178.0 0.0 731
38.91 -1259.18 839.49 362.63 0.0 56178.0 0.0 731
38.93 -1254.58 833.6 362.27 0.0 56178.0 0.0 731
38.94 -1249.98 827.72 361.65 0.0 56178.0 0.0 758
38.96 -1245.38 821.84 360.77 0.0 56216.0 0.0 758
38.98 -1241.08 816.35 359.71 0.0 56216.0 0.0 758
38.99 -1236.17 810.08 358.23 0.0 56216.0 0.0 758
39.01 -1231.87 804.59 356.69 0.0 56254.0 0.0 758
39.03 -1226.96 798.32 354.65 0.0 56315.0 0.0 758
39.04 -1222.65 792.84 352.63 0.0 56385.0 0.0 758
39.06 -1217.73 786.58 350.04 0.0 56446.0 0.0 758
39.08 -1213.42 781.1 347.54 0.0 56551.0 0.0 758
39.09 -1208.49 774.84 344.4 0.0 56616.0 0.0 758
39.11 -1203.86 768.98 341.19 0.0 56616.0 0.0 758
39.12 -1199.54 763.51 337.96 0.0 56692.0 0.0 758
39.14 -1194.9 757.66 334.25 0.0 56832.0 0.0 758
39.16 -1189.94 751.43 330.01 0.0 56924.0 0.0 758
39.17 -1185.59 745.98 326.06 0.0 57064.0 0.0 758
39.19 -1180.61 739.76 321.26 0.0 57195.0 0.0 758
39.21 -1175.94 733.94 316.5 0.0 57370.0 0.0 758
39.23 -1170.93 727.74 311.14 0.0 57534.0 0.0 758
39.24 -1166.22 721.94 305.84 0.0 57709.0 0.0 758
39.26 -1161.18 715.77 299.91 0.0 57840.0 0.0 758
39.28 -1156.44 710.0 294.08 0.0 57989.0 0.0 758
39.3 -1151.04 703.49 287.16 0.0 58129.0 0.0 758
39.31 -1145.93 697.38 280.34 0.0 58234.0 0.0 758
39.33 -1140.79 691.29 273.23 0.0 58299.0 0.0 758
39.35 -1135.95 685.6 266.3 0.0 58364.0 0.0 758
39.36 -1131.08 679.93 259.1 0.0 58469.0 0.0 758
39.38 -1125.87 673.91 251.15 0.0 58530.0 0.0 758
39.4 -1121.28 668.66 243.94 0.0 58595.0 0.0 758
39.41 -1116.34 663.06 235.97 0.0 58660.0 0.0 758
39.43 -1111.37 657.48 227.75 0.0 58725.0 0.0 758
39.45 -1106.38 651.93 219.26 0.0 58790.0 0.0 758
39.46 -1101.36 646.4 210.52 0.0 58851.0 0.0 758
39.48 -1096.65 641.25 202.12 0.0 58912.0 0.0 758
39.49 -1091.92 636.13 193.5 0.0 58973.0 0.0 758
39.51 -1087.17 631.03 184.66 0.0 59034.0 0.0 758
39.52 -1082.39 625.96 175.59 0.0 59091.0 0.0 758
39.54 -1077.97 621.45 176.77 0.0 59152.0 0.0 758
39.55 -1073.06 616.78 177.85 0.0 59152.0 0.0 758
39.57 -1067.67 611.92 177.85 0.0 59190.0 0.0 758
39.58 -1063.27 608.12 177.85 0.0 59254.0 0.0 758
39.6 -1057.69 603.49 177.85 0.0 59310.0 0.0 758
39.61 -1052.79 599.54 177.85 0.0 59310.0 0.0 758
39.63 -1047.83 595.66 177.85 0.0 59310.0 0.0 758
39.64 -1042.44 591.55 177.85 0.0 59348.0 0.0 758
39.66 -1037.41 587.78 177.85 0.0 59348.0 0.0 764
39.67 -1032.34 584.05 177.85 0.0 59348.0 0.0 764
39.69 -1026.85 580.08 177.85 0.0 59348.0 0.0 764
39.7 -1021.73 576.42 177.85 0.0 59348.0 0.0 764
39.71 -1016.6 572.78 177.85 0.0 59348.0 0.0 764
39.73 -1011.45 569.16 177.85 0.0 59310.0 0.0 764
39.74 -1006.29 565.56 177.85 0.0 59259.0 0.0 764
39.76 -1001.52 562.25 177.85 0.0 59203.0 0.0 764
39.77 -996.35 558.66 177.85 0.0 59203.0 0.0 764
39.78 -991.18 555.08 177.85 0.0 59203.0 0.0 764
39.8 -986.41 551.77 177.85 0.0 59203.0 0.0 764
39.81 -981.64 548.45 177.85 0.0 59203.0 0.0 764
39.82 -976.87 545.14 177.85 0.0 59203.0 0.0 764
39.84 -971.7 541.55 177.85 0.0 59203.0 0.0 764
39.85 -966.93 538.24 177.85 0.0 59203.0 0.0 764
39.86 -961.76 534.65 177.85 0.0 59203.0 0.0 764
39.88 -956.99 531.33 177.85 0.0 59203.0 0.0 764
39.89 -951.83 527.74 177.85 0.0 59203.0 0.0 764
39.91 -947.06 524.43 177.85 0.0 59203.0 0.0 764
39.92 -942.29 521.12 177.85 0.0 59203.0 0.0 764
39.93 -937.52 517.8 177.85 0.0 59203.0 0.0 764
39.95 -932.35 514.21 177.85 0.0 59203.0 0.0 764
39.96 -927.58 510.9 177.85 0.0 59203.0 0.0 764
39.97 -922.41 507.31 177.85 0.0 59203.0 0.0 764
39.99 -917.65 503.99 177.85 0.0 59203.0 0.0 764
40.0 -912.48 500.4 177.85 0.0 59203.0 0.0 764
40.02 -907.71 497.08 177.85 0.0 59203.0 0.0 764
40.03 -902.54 493.49 177.85 0.0 59203.0 0.0 764
40.05 -897.77 490.18 177.85 0.0 59203.0 0.0 764
40.06 -890.22 484.93 177.85 0.0 59203.0 0.0 764
40.07 -886.65 482.44 177.85 0.0 59203.0 0.0 764
40.09 -881.88 479.13 177.85 0.0 59203.0 0.0 764
40.1 -876.71 475.54 177.85 0.0 59203.0 0.0 764
40.11 -871.94 472.22 177.85 0.0 59203.0 0.0 764
40.13 -866.78 468.63 177.85 0.0 59203.0 0.0 764
40.14 -862.01 465.32 177.85 0.0 59203.0 0.0 764
40.16 -856.84 461.72 177.85 0.0 59203.0 0.0 764
40.17 -851.67 458.13 177.85 0.0 59203.0 0.0 764
40.18 -846.51 454.54 177.85 0.0 59203.0 0.0 764
40.2 -841.34 450.95 177.85 0.0 59203.0 0.0 764
40.21 -836.17 447.36 177.85 0.0 59203.0 0.0 764
40.23 -831.01 443.77 177.85 0.0 59203.0 0.0 764
40.24 -825.84 440.18 177.85 0.0 59203.0 0.0 764
40.26 -820.68 436.59 177.85 0.0 59203.0 0.0 764
40.27 -815.11 432.72 177.85 0.0 59203.0 0.0 764
40.29 -809.95 429.13 177.85 0.0 59203.0 0.0 764
40.3 -804.78 425.53 177.85 0.0 59203.0 0.0 764
40.31 -800.01 422.22 177.85 0.0 59203.0 0.0 764
40.33 -794.84 418.63 177.85 0.0 59203.0 0.0 764
40.34 -789.68 415.04 177.85 0.0 59203.0 0.0 764
40.36 -784.51 411.45 177.85 0.0 59203.0 0.0 764
40.37 -779.34 407.85 177.85 0.0 59203.0 0.0 764
40.38 -774.58 404.54 177.85 0.0 59203.0 0.0 764
40.4 -769.9 400.33 177.85 0.0 59203.0 0.0 764
40.41 -765.7 395.64 177.85 0.0 59203.0 0.0 764
40.42 -762.21 391.0 177.85 0.0 59203.0 0.0 764
40.44 -759.05 386.13 177.85 0.0 59203.0 0.0 764
40.45 -756.2 381.07 177.85 0.0 59203.0 0.0 764
40.47 -753.43 375.42 177.85 0.0 59203.0 0.0 764
40.48 -751.1 370.1 177.85 0.0 59203.0 0.0 764
40.49 -748.97 364.69 177.85 0.0 59203.0 0.0 764
40.51 -746.85 358.77 177.85 0.0 59203.0 0.0 764
40.52 -745.04 353.25 177.85 0.0 59203.0 0.0 764
40.53 -743.23 347.23 177.85 0.0 59203.0 0.0 764
40.55 -741.65 341.64 177.85 0.0 59203.0 0.0 764
40.56 -740.16 336.02 177.85 0.0 59203.0 0.0 764
40.57 -738.74 330.39 177.85 0.0 59127.0 0.0 764
40.59 -737.27 324.27 177.85 0.0 59127.0 0.0 764
40.6 -735.97 318.61 177.85 0.0 59165.0 0.0 764
40.62 -734.62 312.47 177.85 0.0 59221.0 0.0 764
40.63 -733.32 306.31 177.85 0.0 59325.0 0.0 764
40.64 -732.14 300.62 177.85 0.0 59420.0 0.0 764
40.65 -731.07 295.41 177.85 0.0 59420.0 0.0 764
40.67 -729.91 289.72 177.85 0.0 59611.0 0.0 764
40.68 -728.75 284.03 177.85 0.0 59611.0 0.0 764
40.69 -727.47 277.87 177.85 0.0 59611.0 0.0 764
40.71 -726.39 272.65 177.85 0.0 59611.0 0.0 764
40.72 -725.19 266.97 177.85 0.0 59611.0 0.0 632
40.73 -723.12 261.03 177.85 0.0 59611.0 0.0 632
40.75 -720.67 255.76 177.85 0.0 59611.0 0.0 632
40.76 -717.78 250.72 177.85 0.0 59611.0 0.0 632
40.77 -714.52 245.92 177.85 0.0 59611.0 0.0 632
40.79 -710.97 241.32 177.85 0.0 59611.0 0.0 632
40.8 -707.51 237.28 177.85 0.0 59611.0 0.0 632
40.81 -703.88 233.38 177.85 0.0 59611.0 0.0 632
40.82 -699.75 229.29 177.85 0.0 59611.0 0.0 632
40.84 -695.5 225.34 177.85 0.0 59611.0 0.0 632
40.85 -691.13 221.51 177.85 0.0 59611.0 0.0 632
40.86 -686.67 217.79 177.85 0.0 59611.0 0.0 632
40.88 -682.14 214.16 177.85 0.0 59611.0 0.0 632
40.89 -677.55 210.6 177.85 0.0 59611.0 0.0 632
40.91 -672.51 206.83 177.85 0.0 59573.0 0.0 632
40.92 -667.43 203.11 177.85 0.0 59521.0 0.0 632
40.93 -662.71 199.73 177.85 0.0 59465.0 0.0 632
40.95 -657.57 196.11 177.85 0.0 59465.0 0.0 632
40.96 -652.8 192.79 177.85 0.0 59465.0 0.0 632
40.97 -647.63 189.21 177.85 0.0 59465.0 0.0 632
40.99 -642.84 185.93 177.85 0.0 59465.0 0.0 632
41.0 -638.04 182.66 177.85 0.0 59465.0 0.0 632
41.02 -633.23 179.4 177.85 0.0 59465.0 0.0 632
41.03 -628.01 175.88 177.85 0.0 59465.0 0.0 632
41.04 -623.59 172.91 177.85 0.0 59465.0 0.0 632
41.05 -618.77 169.68 177.85 0.0 59465.0 0.0 632
41.07 -614.34 166.72 177.85 0.0 59465.0 0.0 632
41.08 -609.1 163.23 177.85 0.0 59465.0 0.0 632
41.09 -604.27 160.02 177.85 0.0 59465.0 0.0 632
41.11 -599.02 156.54 177.85 0.0 59465.0 0.0 632
41.12 -594.18 153.33 177.85 0.0 59465.0 0.0 632
41.14 -589.34 150.12 177.85 0.0 59465.0 0.0 632
41.15 -584.09 146.65 177.85 0.0 59465.0 0.0 632
41.16 -578.85 143.18 177.85 0.0 59465.0 0.0 632
41.18 -573.19 139.45 177.85 0.0 59465.0 0.0 632
41.19 -567.94 135.98 177.85 0.0 59465.0 0.0 632
41.21 -563.09 132.78 177.85 0.0 59465.0 0.0 632
41.22 -557.84 129.32 177.85 0.0 59465.0 0.0 632
41.24 -552.59 125.85 177.85 0.0 59465.0 0.0 632
41.25 -546.93 122.12 177.85 0.0 59465.0 0.0 632
41.26 -541.68 118.66 177.85 0.0 59465.0 0.0 632
41.28 -536.42 115.2 177.85 0.0 59465.0 0.0 632
41.29 -531.17 111.74 177.85 0.0 59465.0 0.0 632
41.31 -526.32 108.54 177.85 0.0 59465.0 0.0 632
41.32 -521.06 105.08 177.85 0.0 59465.0 0.0 632
41.34 -515.81 101.62 177.85 0.0 59465.0 0.0 632
41.35 -510.55 98.16 177.85 0.0 59465.0 0.0 632
41.36 -505.7 94.97 177.85 0.0 59465.0 0.0 632
41.38 -500.45 91.51 177.85 0.0 59465.0 0.0 632
41.39 -495.19 88.05 177.85 0.0 59465.0 0.0 632
41.4 -489.94 84.59 177.85 0.0 59465.0 0.0 632
41.42 -485.08 81.39 177.85 0.0 59465.0 0.0 632
41.43 -479.42 77.67 177.85 0.0 59465.0 0.0 632
41.45 -474.17 74.21 177.85 0.0 59465.0 0.0 632
41.46 -469.32 71.01 177.85 0.0 59465.0 0.0 632
41.48 -464.06 67.56 177.85 0.0 59465.0 0.0 632
41.49 -458.81 64.1 177.85 0.0 59465.0 0.0 632
41.51 -453.55 60.64 177.85 0.0 59465.0 0.0 632
41.52 -447.49 56.64 177.85 0.0 59465.0 0.0 632
41.54 -442.23 53.18 177.85 0.0 59465.0 0.0 632
41.55 -436.57 49.46 177.85 0.0 59465.0 0.0 632
41.57 -431.32 46.0 177.85 0.0 59465.0 0.0 632
41.58 -425.25 42.01 177.85 0.0 59465.0 0.0 632
41.6 -419.59 38.28 177.85 0.0 59465.0 0.0 632
41.61 -413.93 34.56 177.85 0.0 59580.0 0.0 632
41.63 -408.27 30.83 177.85 0.0 59808.0 0.0 632
41.65 -402.2 26.85 177.85 0.0 60134.0 0.0 632
41.66 -396.1 22.91 177.85 0.0 60460.0 0.0 632
41.68 -389.96 19.03 177.85 0.0 60753.0 0.0 632
41.7 -383.77 15.25 177.85 0.0 61046.0 0.0 632
41.71 -377.51 11.57 177.85 0.0 61502.0 0.0 632
41.73 -371.18 8.02 177.85 0.0 61919.0 0.0 632
41.75 -364.33 4.4 177.85 0.0 62406.0 0.0 632
41.77 -357.38 0.98 177.85 0.0 62893.0 0.0 632
41.78 -350.33 -2.21 177.85 0.0 63447.0 0.0 632
41.8 -342.71 -5.32 177.85 0.0 63805.0 0.0 634
41.82 -335.89 -7.82 177.85 0.0 64187.0 0.0 634
41.84 -328.53 -10.21 177.85 0.0 64187.0 0.0 634
41.85 -321.08 -12.32 177.85 0.0 64187.0 0.0 634
41.87 -314.04 -14.1 177.85 0.0 64187.0 0.0 634
41.89 -306.49 -15.81 177.85 0.0 64187.0 0.0 634
41.91 -298.9 -17.38 177.85 0.0 64187.0 0.0 634
41.92 -291.3 -18.83 177.85 0.0 64187.0 0.0 634
41.94 -283.67 -20.19 177.85 0.0 64187.0 0.0 634
41.96 -276.51 -21.4 177.85 0.0 64187.0 0.0 634
41.97 -268.87 -22.63 177.85 0.0 64187.0 0.0 634
41.99 -261.22 -23.82 177.85 0.0 64187.0 0.0 634
42.01 -253.56 -24.96 177.85 0.0 64187.0 0.0 634
42.03 -246.37 -26.01 177.85 0.0 64187.0 0.0 634
42.04 -238.23 -27.17 177.85 0.0 64187.0 0.0 634
42.06 -231.04 -28.18 177.09 0.0 64187.0 0.0 634
42.08 -222.89 -29.31 177.09 0.0 64187.0 0.0 634
42.1 -215.69 -30.29 177.09 0.0 64187.0 0.0 634
42.11 -208.5 -31.26 177.09 0.0 64187.0 0.0 634
42.13 -200.34 -32.36 177.09 0.0 64187.0 0.0 634
42.15 -193.15 -33.32 177.09 0.0 64187.0 0.0 634
42.17 -185.47 -34.34 177.09 0.0 64225.0 0.0 634
42.18 -177.79 -35.35 177.09 0.0 64330.0 0.0 634
42.2 -170.12 -36.36 177.09 0.0 64400.0 0.0 634
42.22 -162.43 -37.34 177.09 0.0 64474.0 0.0 634
42.24 -154.27 -38.36 177.09 0.0 64544.0 0.0 634
42.26 -146.58 -39.27 177.09 0.0 64655.0 0.0 634
42.27 -138.41 -40.21 177.09 0.0 64878.0 0.0 634
42.29 -130.22 -41.09 177.09 0.0 65138.0 0.0 634
42.31 -122.04 -41.89 177.09 0.0 65418.0 0.0 634
42.33 -114.32 -42.56 177.09 0.0 127.0 0.0 634
42.35 -106.6 -43.1 177.09 0.0 302.0 0.0 634
42.36 -98.86 -43.51 177.09 0.0 500.0 0.0 634
42.38 -90.64 -43.81 177.09 0.0 648.0 0.0 634
42.4 -82.41 -43.95 177.09 0.0 844.0 0.0 634
42.43 -73.7 -43.94 177.09 0.0 1106.0 0.0 634
42.45 -64.02 -43.74 177.09 0.0 1549.0 0.0 634
42.47 -54.84 -43.36 177.09 0.0 2047.0 0.0 634
42.49 -45.66 -42.74 177.09 0.0 2630.0 0.0 634
42.51 -36.03 -41.78 177.09 0.0 3023.0 0.0 634
42.53 -26.44 -40.44 177.09 0.0 3023.0 0.0 634
42.56 -16.44 -38.64 177.09 0.0 3023.0 0.0 634
42.58 -7.43 -36.77 177.09 0.0 3023.0 0.0 634
42.6 2.0 -34.6 177.09 0.0 3023.0 0.0 634
42.62 10.46 -32.52 177.09 0.0 3023.0 0.0 634
42.64 19.37 -30.23 177.09 0.0 3023.0 0.0 634
42.66 28.25 -27.85 177.09 0.0 3023.0 0.0 634
42.68 36.92 -27.02 177.09 0.0 3023.0 0.0 634
42.7 45.63 -27.35 177.09 0.0 3023.0 0.0 634
42.72 54.25 -28.57 177.09 0.0 2640.0 0.0 634
42.74 63.22 -30.63 177.09 0.0 2364.0 0.0 634
42.76 71.55 -33.17 177.09 0.0 2233.0 0.0 634
42.78 80.6 -36.59 177.09 0.0 2233.0 0.0 634
42.8 89.03 -40.28 177.09 0.0 2233.0 0.0 634
42.82 97.74 -44.51 177.09 0.0 2233.0 0.0 634
42.85 105.89 -48.76 177.09 0.0 2233.0 0.0 634
42.87 113.95 -53.19 177.85 0.0 2233.0 0.0 634
42.89 122.35 -58.0 177.85 0.0 2233.0 0.0 634
42.91 130.27 -62.67 177.85 0.0 2233.0 0.0 634
42.93 138.15 -67.41 177.85 0.0 2233.0 0.0 634
42.95 146.41 -72.47 177.85 0.0 2233.0 0.0 634
42.97 153.81 -77.05 177.85 0.0 2233.0 0.0 634
42.99 161.61 -81.93 177.85 0.0 2233.0 0.0 712
43.01 169.4 -86.82 177.85 0.0 2233.0 0.0 712
43.03 177.17 -91.74 177.85 0.0 2309.0 0.0 712
43.06 184.52 -96.41 177.85 0.0 2396.0 0.0 712
43.08 192.7 -101.59 177.85 0.0 2472.0 0.0 712
43.1 200.47 -106.5 177.85 0.0 2610.0 0.0 712
43.12 208.27 -111.38 177.85 0.0 2728.0 0.0 712
43.14 215.68 -115.96 177.85 0.0 2936.0 0.0 712
43.16 223.53 -120.75 177.85 0.0 3158.0 0.0 712
43.18 231.44 -125.44 177.85 0.0 3449.0 0.0 712
43.2 239.4 -130.04 177.85 0.0 3858.0 0.0 712
43.22 247.87 -134.73 177.85 0.0 4340.0 0.0 712
43.25 256.44 -139.23 177.85 0.0 4778.0 0.0 712
43.27 265.14 -143.48 177.85 0.0 5236.0 0.0 712
43.29 273.52 -147.27 177.85 0.0 5694.0 0.0 712
43.31 282.02 -150.76 177.85 0.0 6307.0 0.0 712
43.33 291.11 -154.1 177.85 0.0 6920.0 0.0 712
43.35 300.33 -157.05 177.85 0.0 7625.0 0.0 712
43.38 310.15 -159.66 177.85 0.0 8385.0 0.0 712
43.4 319.63 -161.66 177.85 0.0 9167.0 0.0 712
43.42 329.68 -163.16 177.85 0.0 9872.0 0.0 712
43.45 339.8 -164.02 177.85 0.0 10398.0 0.0 712
43.47 349.48 -164.24 177.85 0.0 10827.0 0.0 712
43.49 359.38 -161.94 177.85 0.0 11090.0 0.0 712
43.51 368.2 -157.95 177.85 0.0 11234.0 0.0 712
43.54 377.01 -151.97 177.85 0.0 11234.0 0.0 712
43.56 384.64 -145.26 177.85 0.0 11234.0 0.0 712
43.58 391.31 -138.25 177.85 0.0 11234.0 0.0 712
43.61 398.07 -130.02 177.85 0.0 11234.0 0.0 712
43.63 404.11 -121.84 177.85 0.0 11234.0 0.0 712
43.66 410.1 -113.04 177.85 0.0 11234.0 0.0 712
43.68 415.83 -104.06 177.85 0.0 11119.0 0.0 712
43.71 421.63 -94.56 177.85 0.0 10907.0 0.0 636
43.73 427.55 -84.57 177.85 0.0 10869.0 0.0 636
43.76 433.2 -74.97 177.85 0.0 10869.0 0.0 636
43.78 438.83 -65.37 177.85 0.0 10869.0 0.0 636
43.81 444.71 -55.35 177.85 0.0 10869.0 0.0 636
43.84 450.58 -45.33 177.85 0.0 10831.0 0.0 636
43.87 456.7 -34.89 177.85 0.0 10831.0 0.0 636
43.89 462.82 -24.45 177.85 0.0 10831.0 0.0 636
43.92 466.38 -12.38 177.85 0.0 10831.0 0.0 636
43.95 467.86 -0.37 177.85 0.0 10831.0 0.0 636
43.98 467.91 12.21 177.85 0.0 10831.0 0.0 636
44.01 466.93 24.75 177.85 0.0 10793.0 0.0 636
44.04 465.25 37.23 177.85 0.0 10793.0 0.0 636
44.07 463.02 50.1 177.85 0.0 10793.0 0.0 636
44.1 460.35 63.39 177.85 0.0 10717.0 0.0 636
44.13 457.34 77.1 177.85 0.0 10679.0 0.0 636
44.16 454.2 90.78 177.85 0.0 10641.0 0.0 636
44.2 451.12 103.98 177.85 0.0 10603.0 0.0 636
44.23 447.79 118.11 177.85 0.0 10427.0 0.0 636
44.26 444.46 132.24 177.85 0.0 10295.0 0.0 636
44.3 441.22 146.4 177.85 0.0 10159.0 0.0 636
44.33 438.0 161.05 177.85 0.0 9983.0 0.0 636
44.36 435.03 175.26 177.85 0.0 9907.0 0.0 636
44.4 432.06 190.46 177.85 0.0 9869.0 0.0 636
44.43 429.43 204.74 177.85 0.0 9869.0 0.0 636
44.46 431.11 219.65 177.85 0.0 9869.0 0.0 636
44.5 435.58 233.98 177.85 0.0 9869.0 0.0 636
44.53 445.69 245.71 177.85 0.0 9869.0 0.0 636
44.57 457.59 254.02 177.85 0.0 9869.0 0.0 636
44.6 471.14 260.47 177.85 0.0 9869.0 0.0 636
44.63 484.83 265.33 177.85 0.0 9869.0 0.0 636
44.67 499.27 269.4 177.85 0.0 9869.0 0.0 636
44.7 513.39 272.75 177.85 0.0 9869.0 0.0 636
44.74 526.6 279.88 177.85 0.0 9869.0 0.0 636
44.77 535.17 291.45 177.85 0.0 9869.0 0.0 636
44.8 540.16 305.09 177.85 0.0 9869.0 0.0 665
44.83 542.58 319.89 177.85 0.0 9869.0 0.0 665
44.87 543.27 333.91 177.85 0.0 9869.0 0.0 665
44.9 542.93 347.95 177.85 0.0 9869.0 0.0 665
44.93 541.86 362.43 177.85 0.0 9869.0 0.0 666
44.96 540.46 375.91 177.85 0.0 9869.0 0.0 666
45.0 538.66 390.31 177.85 0.0 9793.0 0.0 666
45.03 536.6 405.18 177.85 0.0 9489.0 0.0 666
45.07 534.46 420.03 177.85 0.0 9035.0 0.0 666
45.1 532.36 435.37 177.85 0.0 8567.0 0.0 666
45.14 530.53 451.24 177.85 0.0 8159.0 0.0 666
45.18 529.18 467.64 177.85 0.0 7880.0 0.0 666
45.21 528.41 483.11 177.85 0.0 7732.0 0.0 666
45.25 528.12 499.56 177.85 0.0 7588.0 0.0 666
45.29 528.22 515.53 177.85 0.0 7444.0 0.0 666
45.32 533.4 530.64 177.85 0.0 7272.0 0.0 666
45.36 541.56 544.37 177.85 0.0 7124.0 0.0 666
45.39 551.8 557.26 177.85 0.0 7009.0 0.0 666
45.43 562.41 568.54 177.85 0.0 6933.0 0.0 666
45.46 573.25 578.91 177.85 0.0 6895.0 0.0 666
45.5 584.47 588.87 177.85 0.0 6895.0 0.0 666
45.53 595.55 598.25 177.85 0.0 6895.0 0.0 666
45.55 605.64 606.56 177.85 0.0 6895.0 0.0 666
45.58 617.54 611.97 177.85 0.0 6895.0 0.0 666
45.61 629.23 615.08 177.85 0.0 6895.0 0.0 666
45.63 641.21 616.78 177.85 0.0 6895.0 0.0 666
45.66 651.83 617.52 177.85 0.0 6895.0 0.0 666
45.69 663.45 617.65 177.85 0.0 6895.0 0.0 666
45.71 675.06 617.31 177.85 0.0 6895.0 0.0 666
45.74 686.66 616.64 177.85 0.0 6895.0 0.0 666
45.76 698.24 615.75 177.85 0.0 6895.0 0.0 666
45.79 709.32 614.74 177.85 0.0 6895.0 0.0 666
45.82 720.88 613.56 177.85 0.0 6895.0 0.0 665
45.84 731.95 612.37 177.85 0.0 6895.0 0.0 665
45.87 743.01 611.12 177.85 0.0 6895.0 0.0 665
45.89 753.59 609.89 177.85 0.0 6895.0 0.0 665
45.92 764.64 608.57 177.85 0.0 6895.0 0.0 665
45.94 775.21 607.29 177.85 0.0 6895.0 0.0 665
45.97 786.26 605.95 177.85 0.0 6895.0 0.0 665
45.99 796.83 604.65 177.85 0.0 6895.0 0.0 665
46.01 807.4 603.34 177.85 0.0 6895.0 0.0 665
46.04 817.97 602.03 177.85 0.0 6895.0 0.0 665
46.06 828.53 600.72 177.85 0.0 6895.0 0.0 665
46.09 839.1 599.4 177.85 0.0 6895.0 0.0 665
46.11 850.14 598.02 177.85 0.0 6895.0 0.0 665
46.13 860.75 598.92 177.85 0.0 7125.0 0.0 665
46.16 870.64 601.27 177.85 0.0 7256.0 0.0 665
46.18 879.75 604.55 177.85 0.0 7379.0 0.0 665
46.2 888.96 608.85 177.85 0.0 7417.0 0.0 663
46.23 897.84 613.8 177.85 0.0 7518.0 0.0 663
46.25 907.23 619.77 177.85 0.0 7610.0 0.0 663
46.27 915.58 625.57 177.85 0.0 7785.0 0.0 663
46.29 923.36 631.33 177.85 0.0 7910.0 0.0 663
46.31 930.6 637.0 177.85 0.0 7993.0 0.0 663
46.34 937.71 642.83 177.85 0.0 8076.0 0.0 663
46.35 944.71 648.79 177.85 0.0 8150.0 0.0 663
46.38 950.89 654.22 177.85 0.0 8188.0 0.0 663
46.4 958.07 660.72 177.85 0.0 8226.0 0.0 663
46.42 964.81 666.97 177.85 0.0 8264.0 0.0 663
46.44 971.84 673.63 177.85 0.0 8302.0 0.0 663
46.46 978.81 680.34 177.85 0.0 8302.0 0.0 663
46.48 985.39 686.77 177.85 0.0 8340.0 0.0 663
46.51 991.93 693.23 177.85 0.0 8340.0 0.0 663
46.53 998.79 700.07 177.85 0.0 8340.0 0.0 663
46.55 1005.27 706.59 177.85 0.0 8340.0 0.0 663
46.57 1011.74 713.12 181.9 0.0 8340.0 0.0 663
46.59 1018.19 719.67 179.1 0.0 8340.0 0.0 663
46.61 1024.41 725.98 185.65 0.0 8340.0 0.0 663
46.63 1031.07 732.75 192.15 0.0 8340.0 0.0 663
46.65 1037.37 739.16 197.93 0.0 8340.0 0.0 663
46.67 1043.33 745.21 203.05 0.0 8340.0 0.0 663
46.69 1049.99 751.98 208.37 0.0 8340.0 0.0 663
46.71 1055.94 758.04 212.79 0.0 8340.0 0.0 663
46.73 1062.24 764.45 217.1 0.0 8340.0 0.0 663
46.74 1068.2 770.51 220.83 0.0 8340.0 0.0 663
46.76 1074.15 776.57 224.23 0.0 8340.0 0.0 663
46.78 1080.1 782.63 227.29 0.0 8340.0 0.0 663
46.8 1086.05 788.69 230.02 0.0 8340.0 0.0 663
46.82 1092.0 794.75 232.43 0.0 8340.0 0.0 663
46.84 1098.29 801.17 234.61 0.0 8340.0 0.0 663
46.86 1104.24 807.24 236.32 0.0 8340.0 0.0 663
46.88 1110.19 813.3 237.71 0.0 8340.0 0.0 663
46.89 1116.48 819.72 238.81 0.0 8340.0 0.0 663
46.91 1122.08 825.43 239.48 0.0 8340.0 0.0 663
46.93 1128.02 831.5 246.14 0.0 8340.0 0.0 663
46.95 1133.61 837.21 252.1 0.0 8340.0 0.0 727
46.97 1139.2 842.92 257.77 0.0 8340.0 0.0 727
46.99 1145.15 848.99 263.48 0.0 8340.0 0.0 727
47.0 1151.09 855.06 268.84 0.0 8340.0 0.0 727
47.02 1156.33 860.42 273.31 0.0 8340.0 0.0 727
47.04 1162.27 866.49 278.05 0.0 8378.0 0.0 727
47.06 1168.21 872.56 282.46 0.0 8496.0 0.0 727
47.08 1174.49 878.99 286.77 0.0 8645.0 0.0 727
47.1 1180.43 885.06 290.5 0.0 8770.0 0.0 727
47.12 1187.06 891.86 294.28 0.0 8844.0 0.0 727
47.14 1192.98 897.94 297.3 0.0 8918.0 0.0 727
47.16 1198.9 904.03 299.99 0.0 8992.0 0.0 727
47.18 1204.81 910.14 302.35 0.0 8992.0 0.0 727
47.19 1211.05 916.61 304.49 0.0 8992.0 0.0 727
47.21 1217.28 923.09 306.25 0.0 8992.0 0.0 727
47.23 1223.5 929.58 307.65 0.0 8992.0 0.0 727
47.25 1229.02 935.37 308.57 0.0 8992.0 0.0 727
47.27 1235.22 941.88 309.26 0.0 8992.0 0.0 727
47.29 1240.72 947.68 309.56 0.0 8992.0 0.0 727
47.31 1246.22 953.48 309.56 0.0 8992.0 0.0 727
47.32 1252.05 959.66 309.25 0.0 8992.0 0.0 727
47.34 1257.87 965.84 308.6 0.0 8992.0 0.0 727
47.36 1263.68 972.04 307.62 0.0 8992.0 0.0 727
47.38 1269.48 978.24 306.3 0.0 8992.0 0.0 727
47.4 1274.6 983.71 304.87 0.0 8992.0 0.0 727
47.41 1280.39 989.93 302.93 0.0 8992.0 0.0 727
47.43 1285.83 995.78 300.8 0.0 8992.0 0.0 727
47.45 1291.27 1001.64 298.38 0.0 8992.0 0.0 727
47.47 1296.36 1007.14 295.84 0.0 8992.0 0.0 727
47.48 1301.44 1012.65 293.04 0.0 8992.0 0.0 727
47.5 1307.2 1018.89 289.56 0.0 8992.0 0.0 727
47.52 1312.11 1024.27 291.38 0.0 8992.0 0.0 721
47.54 1316.36 1030.75 293.53 0.0 8992.0 0.0 721
47.55 1319.72 1037.72 293.85 0.0 8992.0 0.0 721
47.57 1322.22 1044.54 293.85 0.0 8992.0 0.0 721
47.59 1324.23 1052.02 293.85 0.0 8992.0 0.0 721
47.6 1325.59 1058.65 293.85 0.0 8992.0 0.0 721
47.62 1326.72 1066.32 293.85 0.0 8992.0 0.0 721
47.64 1327.46 1073.54 293.85 0.0 8992.0 0.0 721
47.65 1327.97 1081.27 293.85 0.0 8992.0 0.0 723
47.67 1329.17 1087.93 293.85 0.0 8992.0 0.0 723
47.69 1331.34 1095.37 293.85 0.0 8992.0 0.0 723
47.7 1333.94 1102.15 293.85 0.0 8992.0 0.0 723
47.72 1337.21 1109.17 293.85 0.0 8801.0 0.0 723
47.74 1340.62 1115.58 293.85 0.0 8524.0 0.0 723
47.75 1344.58 1122.23 293.85 0.0 8264.0 0.0 723
47.77 1348.56 1128.31 293.85 0.0 7991.0 0.0 723
47.79 1352.47 1133.84 296.0 0.0 7697.0 0.0 723
47.8 1357.49 1140.36 297.85 0.0 7455.0 0.0 719
47.82 1361.79 1145.59 297.85 0.0 7087.0 0.0 719
47.84 1367.25 1151.75 297.85 0.0 6741.0 0.0 719
47.86 1373.35 1156.52 297.85 0.0 6273.0 0.0 719
47.88 1381.04 1160.61 297.85 0.0 6000.0 0.0 719
47.89 1387.35 1163.07 297.85 0.0 5708.0 0.0 719
47.91 1394.37 1164.95 297.85 0.0 5431.0 0.0 719
47.93 1402.01 1166.19 297.85 0.0 5189.0 0.0 719
47.94 1408.76 1166.76 297.85 0.0 5027.0 0.0 719
47.96 1416.02 1166.86 297.85 0.0 4962.0 0.0 719
47.97 1423.27 1166.51 297.85 0.0 4962.0 0.0 719
47.99 1430.5 1165.8 297.85 0.0 4962.0 0.0 719
48.01 1437.69 1164.79 297.85 0.0 5077.0 0.0 719
48.02 1444.37 1163.64 297.85 0.0 5260.0 0.0 719
48.04 1451.02 1162.34 297.85 0.0 5458.0 0.0 719
48.05 1457.17 1161.04 297.85 0.0 5752.0 0.0 728
48.07 1464.26 1159.46 297.85 0.0 5979.0 0.0 728
48.08 1470.52 1158.86 293.9 0.0 6306.0 0.0 728
48.1 1477.78 1159.08 293.9 0.0 6568.0 0.0 728
48.13 1484.97 1160.07 293.9 0.0 6980.0 0.0 728
48.14 1491.76 1161.02 293.9 0.0 7076.0 0.0 728
48.16 1494.0 1161.33 293.9 0.0 7228.0 0.0 728
48.17 1496.14 1161.62 293.9 0.0 7284.0 0.0 728
48.19 1497.67 1161.84 293.9 0.0 7375.0 0.0 728
48.2 1498.91 1162.01 293.9 0.0 7436.0 0.0 728
48.22 1499.85 1162.14 293.9 0.0 7501.0 0.0 728
48.23 1500.59 1162.24 293.9 0.0 7562.0 0.0 728
48.25 1501.11 1162.31 293.9 0.0 7622.0 0.0 728
48.27 1501.5 1162.37 293.9 0.0 7622.0 0.0 728
48.28 1501.8 1162.41 293.9 0.0 7622.0 0.0 728
48.3 1502.01 1162.44 293.9 0.0 7622.0 0.0 728
48.31 1502.19 1162.46 293.9 0.0 7622.0 0.0 728
