253.75 -164.37 485.75 1490.76 0.0 32089.0 0.0 0.0 0.0 0.0 0.0 0.0 0.0 2151
253.77 -164.07 485.79 1490.76 0.0 1579.0 0.0 24.48 3.84 0.0 5931.64 903.14 0.0 2151
253.79 -163.02 485.96 1490.76 0.0 1579.0 0.0 60.12 9.25 0.0 5931.64 903.14 0.0 2151
253.8 -161.03 486.26 1490.76 0.0 1579.0 0.0 100.21 15.34 0.0 5931.64 903.14 0.0 2151
253.82 -159.52 486.49 1490.76 0.0 1579.0 0.0 124.71 19.06 0.0 5931.64 903.14 0.0 2151
253.84 -156.48 486.96 1490.76 0.0 1579.0 0.0 162.57 24.82 0.0 5931.64 903.14 0.0 2151
253.85 -151.93 487.65 1490.76 0.0 1579.0 0.0 207.12 31.59 0.0 5931.64 903.14 0.0 2151
253.87 -149.68 487.99 1490.76 0.0 1579.0 0.0 227.16 34.64 0.0 5931.64 903.14 0.0 2151
253.89 -144.72 488.75 1490.76 0.0 1579.0 0.0 265.02 40.4 0.0 5931.64 903.14 0.0 2151
253.9 -140.16 489.44 1490.76 0.0 1579.0 0.0 296.2 45.14 0.0 5931.64 903.14 0.0 2151
253.92 -135.9 490.09 1490.76 0.0 1579.0 0.0 322.93 49.2 0.0 5931.64 903.14 0.0 2151
253.94 -129.59 491.05 1490.76 0.0 1579.0 0.0 358.56 54.62 0.0 5931.64 903.14 0.0 2151
253.95 -121.69 492.26 1490.76 0.0 1655.0 0.0 398.65 60.72 0.0 5931.64 903.14 0.0 2151
253.97 -115.07 493.27 1490.76 0.0 1817.0 0.0 429.83 65.47 0.0 5924.9 946.33 0.0 2151
253.98 -107.9 494.37 1490.76 0.0 2007.0 0.0 434.89 66.86 0.0 5909.29 1039.37 0.0 2151
254.0 -102.64 495.19 1490.76 0.0 2485.0 0.0 434.68 68.22 0.0 5889.6 1145.71 0.0 2151
254.02 -94.52 496.53 1490.76 0.0 3134.0 0.0 434.12 71.67 0.0 5830.66 1415.43 0.0 2151
254.03 -85.95 498.1 1490.76 0.0 3601.0 0.0 432.84 79.08 0.0 5731.53 1774.71 0.0 2151
254.05 -80.26 499.25 1490.76 0.0 4574.0 0.0 431.27 87.2 0.0 5646.16 2030.0 0.0 2151
254.07 -71.78 501.26 1490.76 0.0 5603.0 0.0 428.12 101.54 0.0 5432.76 2546.59 0.0 2151
254.08 -65.25 503.07 1490.76 0.0 6511.0 0.0 424.05 117.4 0.0 5155.81 3068.81 0.0 2151
254.1 -60.63 504.52 1490.76 0.0 8126.0 0.0 419.67 132.19 0.0 4869.47 3505.46 0.0 2151
254.12 -53.41 507.33 1490.76 0.0 9844.0 0.0 410.18 159.22 0.0 4270.21 4214.89 0.0 2153
254.13 -46.45 510.72 1490.76 0.0 10883.0 0.0 395.57 192.68 0.0 0.0 0.0 0.0 2153
254.15 -42.59 512.6 1490.76 0.0 12154.0 0.0 318.99 155.38 0.0 0.0 0.0 0.0 2153
254.16 -38.56 514.56 1490.76 0.0 12978.0 0.0 229.16 111.62 0.0 0.0 0.0 0.0 2153
254.17 -36.17 515.72 1490.76 0.0 13622.0 0.0 180.76 88.05 0.0 0.0 0.0 0.0 2153
254.19 -34.29 516.64 1490.76 0.0 14363.0 0.0 142.58 69.45 0.0 0.0 0.0 0.0 2153
254.21 -32.56 517.48 1490.76 0.0 14912.0 0.0 104.94 51.11 0.0 0.0 0.0 0.0 2153
254.22 -31.23 518.13 1490.76 0.0 15148.0 0.0 75.39 36.72 0.0 0.0 0.0 0.0 2153
254.24 -30.5 518.49 1490.76 0.0 15367.0 0.0 60.79 29.61 0.0 0.0 0.0 0.0 2153
254.25 -29.7 518.88 1490.76 0.0 15367.0 0.0 42.61 20.76 0.0 0.0 0.0 0.0 2153
254.27 -29.31 519.06 1490.76 0.0 15367.0 0.0 35.11 17.1 0.0 0.0 0.0 0.0 2153
254.29 -28.83 519.3 1490.76 0.0 15252.0 0.0 23.37 11.38 0.0 0.0 0.0 0.0 2153
254.3 -28.53 519.45 1490.76 0.0 15157.0 0.0 16.79 8.18 0.0 0.0 0.0 0.0 2153
254.32 -28.37 519.53 1490.76 0.0 15019.0 0.0 13.54 6.59 0.0 0.0 0.0 0.0 2153
254.33 -28.2 519.61 1490.76 0.0 14946.0 0.0 9.72 4.74 0.0 0.0 0.0 0.0 2153
254.35 -28.53 520.05 1490.76 0.0 23171.0 0.0 -20.46 26.89 0.0 -3633.07 4775.02 0.0 2153
254.37 -29.02 520.69 1490.76 0.0 23171.0 0.0 -36.83 48.41 0.0 -3633.07 4775.02 0.0 2153
254.38 -30.33 522.42 1490.76 0.0 23209.0 0.0 -62.75 82.47 0.0 -3633.07 4775.02 0.0 2153
254.4 -31.59 524.07 1490.76 0.0 23209.0 0.0 -81.85 107.57 0.0 -3651.35 4761.05 0.0 2153
254.42 -32.89 525.78 1490.76 0.0 23324.0 0.0 -98.34 128.99 0.0 -3651.35 4761.05 0.0 2153
254.44 -35.49 529.18 1490.76 0.0 23519.0 0.0 -124.45 162.91 0.0 -3704.07 4720.15 0.0 2153
254.46 -38.46 533.03 1490.76 0.0 23754.0 0.0 -149.82 194.55 0.0 -3790.33 4651.17 0.0 2153
254.47 -41.95 537.49 1490.76 0.0 24032.0 0.0 -176.27 225.32 0.0 -3894.59 4564.23 0.0 2153
254.49 -45.48 541.92 1490.76 0.0 24214.0 0.0 -201.0 251.66 0.0 -4015.7 4458.05 0.0 2153
254.51 -48.4 545.49 1490.76 0.0 24475.0 0.0 -220.63 270.44 0.0 -4092.03 4388.09 0.0 2153
254.53 -53.99 552.11 1490.76 0.0 24638.0 0.0 -254.42 300.71 0.0 -4200.13 4284.73 0.0 2153
254.54 -58.63 557.43 1490.76 0.0 24733.0 0.0 -280.89 322.28 0.0 -4266.98 4218.17 0.0 2151
254.56 -62.17 561.4 1490.76 0.0 24892.0 0.0 -292.68 328.54 0.0 0.0 0.0 0.0 2151
254.58 -66.51 566.27 1490.76 0.0 24948.0 0.0 -179.35 201.33 0.0 0.0 0.0 0.0 2151
254.59 -68.49 568.49 1490.76 0.0 24948.0 0.0 -138.32 155.26 0.0 0.0 0.0 0.0 2151
254.61 -70.01 570.21 1490.76 0.0 24757.0 0.0 -106.67 119.74 0.0 0.0 0.0 0.0 2151
254.63 -71.53 571.91 1490.76 0.0 24653.0 0.0 -69.12 77.59 0.0 0.0 0.0 0.0 2151
254.65 -72.25 572.72 1490.76 0.0 24462.0 0.0 -54.52 61.21 0.0 0.0 0.0 0.0 2151
254.66 -73.06 573.63 1490.76 0.0 24406.0 0.0 -33.41 37.51 0.0 0.0 0.0 0.0 2151
254.68 -73.43 574.04 1490.76 0.0 24354.0 0.0 -25.77 28.93 0.0 0.0 0.0 0.0 2151
254.7 -73.7 574.34 1490.76 0.0 24267.0 0.0 -20.33 22.81 0.0 0.0 0.0 0.0 2151
254.71 -73.99 574.67 1490.76 0.0 24146.0 0.0 -13.17 14.78 0.0 0.0 0.0 0.0 2151
254.73 -74.14 574.84 1490.76 0.0 24041.0 0.0 -9.93 11.14 0.0 0.0 0.0 0.0 2151
254.75 -74.27 574.98 1490.76 0.0 23943.0 0.0 -7.13 8.0 0.0 0.0 0.0 0.0 2151
254.78 -74.59 575.34 1490.76 0.0 23734.0 0.0 -20.9 23.62 0.0 -3924.26 4538.74 0.0 2151
254.79 -75.7 576.62 1490.76 0.0 23734.0 0.0 -50.32 57.74 0.0 -3885.83 4571.69 0.0 2151
254.81 -76.99 578.12 1490.76 0.0 23810.0 0.0 -73.56 85.29 0.0 -3885.83 4571.69 0.0 2151
254.83 -78.31 579.66 1490.76 0.0 24131.0 0.0 -92.46 107.67 0.0 -3919.04 4543.25 0.0 2151
254.85 -81.34 583.17 1490.76 0.0 24387.0 0.0 -124.88 145.16 0.0 -4056.56 4420.9 0.0 2151
254.86 -83.41 585.55 1490.76 0.0 24755.0 0.0 -145.2 166.27 0.0 -4163.83 4320.02 0.0 2151
254.88 -86.0 588.44 1490.76 0.0 25252.0 0.0 -168.08 188.08 0.0 -4313.62 4170.45 0.0 2151
254.9 -90.46 593.22 1490.76 0.0 25537.0 0.0 -202.8 217.15 0.0 -4508.51 3958.96 0.0 2151
254.92 -93.71 596.57 1490.76 0.0 25772.0 0.0 -227.15 234.06 0.0 0.0 0.0 0.0 2151
254.94 -97.13 600.09 1490.76 0.0 25824.0 0.0 -135.2 139.31 0.0 0.0 0.0 0.0 2151
254.95 -98.54 601.54 1490.76 0.0 25824.0 0.0 -106.65 109.89 0.0 0.0 0.0 0.0 2151
254.97 -99.78 602.82 1490.76 0.0 25824.0 0.0 -80.37 82.81 0.0 0.0 0.0 0.0 2151
254.99 -100.92 604.0 1490.76 0.0 25824.0 0.0 -52.08 53.66 0.0 0.0 0.0 0.0 2151
255.01 -101.55 604.65 1490.76 0.0 25824.0 0.0 -38.33 39.5 0.0 0.0 0.0 0.0 2151
255.02 -102.02 605.13 1490.76 0.0 25824.0 0.0 -28.21 29.07 0.0 0.0 0.0 0.0 2151
255.04 -102.38 605.5 1490.76 0.0 25862.0 0.0 -20.27 20.88 0.0 0.0 0.0 0.0 2151
255.06 -102.6 605.73 1490.76 0.0 25900.0 0.0 -15.63 16.1 0.0 0.0 0.0 0.0 2151
255.08 -102.83 605.96 1490.76 0.0 25900.0 0.0 -9.85 10.15 0.0 0.0 0.0 0.0 2151
255.1 -102.95 606.09 1490.76 0.0 25938.0 0.0 -7.25 7.47 0.0 0.0 0.0 0.0 2151
255.12 -103.65 606.63 1490.76 0.0 25900.0 0.0 -33.85 26.19 0.0 -4745.61 3671.4 0.0 2151
255.14 -104.75 607.48 1490.76 0.0 25900.0 0.0 -62.36 48.25 0.0 -4745.61 3671.4 0.0 2151
255.16 -105.86 608.34 1490.76 0.0 25900.0 0.0 -83.75 64.79 0.0 -4745.61 3671.4 0.0 2151
255.17 -108.32 610.24 1490.76 0.0 25900.0 0.0 -117.6 90.98 0.0 -4745.61 3671.4 0.0 2151
255.19 -110.89 612.23 1490.76 0.0 25900.0 0.0 -146.11 113.04 0.0 -4745.61 3671.4 0.0 2151
255.21 -113.52 614.27 1490.76 0.0 25900.0 0.0 -171.05 132.34 0.0 0.0 0.0 0.0 2151
255.23 -116.01 616.19 1490.76 0.0 25900.0 0.0 -107.83 83.43 0.0 0.0 0.0 0.0 2151
255.25 -117.13 617.06 1490.76 0.0 25900.0 0.0 -85.06 65.81 0.0 0.0 0.0 0.0 2151
255.26 -118.32 617.98 1490.76 0.0 25900.0 0.0 -56.61 43.8 0.0 0.0 0.0 0.0 2151
255.28 -119.03 618.53 1490.76 0.0 25824.0 0.0 -40.67 31.47 0.0 0.0 0.0 0.0 2151
255.3 -119.48 618.88 1490.76 0.0 25786.0 0.0 -31.37 24.27 0.0 0.0 0.0 0.0 2151
255.32 -119.94 619.23 1490.76 0.0 25786.0 0.0 -19.77 15.3 0.0 0.0 0.0 0.0 2151
255.33 -120.17 619.41 1490.76 0.0 25786.0 0.0 -14.9 11.53 0.0 0.0 0.0 0.0 2151
255.35 -120.34 619.54 1490.76 0.0 25748.0 0.0 -11.23 8.69 0.0 0.0 0.0 0.0 2151
255.37 -120.22 618.84 1490.76 0.0 33673.0 0.0 6.75 -37.7 0.0 802.92 -5946.03 0.0 2151
255.39 -119.94 617.03 1490.76 0.0 33323.0 0.0 12.49 -82.39 0.0 519.37 -5977.48 0.0 2151
255.41 -119.68 614.94 1490.76 0.0 32698.0 0.0 14.87 -118.39 0.0 317.39 -5991.6 0.0 2151
255.43 -119.35 611.57 1490.76 0.0 32214.0 0.0 15.7 -161.26 0.0 -41.42 -5999.86 0.0 2151
255.45 -119.11 607.84 1490.76 0.0 31754.0 0.0 12.92 -199.67 0.0 -319.63 -5990.5 0.0 2151
255.47 -118.97 602.13 1490.76 0.0 31590.0 0.0 6.04 -246.94 0.0 -583.37 -5970.03 0.0 2151
255.49 -118.99 597.51 1490.76 0.0 31292.0 0.0 -1.21 -280.43 0.0 -677.25 -5960.87 0.0 2151
255.51 -119.18 591.56 1490.76 0.0 31216.0 0.0 -10.09 -318.21 0.0 -846.09 -5939.06 0.0 2151
255.53 -119.67 583.59 1490.76 0.0 31216.0 0.0 -22.57 -362.28 0.0 -889.28 -5932.33 0.0 2151
255.55 -120.34 575.63 1490.76 0.0 31216.0 0.0 -33.53 -401.86 0.0 -889.32 -5932.61 0.0 2151
255.57 -121.2 566.96 1490.76 0.0 30871.0 0.0 -43.34 -437.86 0.0 -889.32 -5932.61 0.0 2151
255.59 -122.04 559.26 1490.76 0.0 30548.0 0.0 -47.86 -437.39 0.0 -1086.93 -5900.73 0.0 2151
255.6 -123.27 549.66 1490.76 0.0 30240.0 0.0 -55.93 -436.43 0.0 -1267.42 -5864.61 0.0 2151
255.62 -124.24 542.95 1490.76 0.0 29959.0 0.0 -62.69 -435.51 0.0 -1440.02 -5824.63 0.0 2151
255.64 -125.49 535.31 1490.76 0.0 29563.0 0.0 -71.58 -434.14 0.0 0.0 0.0 0.0 2151
255.66 -126.52 529.12 1490.76 0.0 28969.0 0.0 -46.39 -281.32 0.0 0.0 0.0 0.0 2151
255.68 -127.14 525.32 1490.76 0.0 28520.0 0.0 -31.69 -192.2 0.0 0.0 0.0 0.0 2151
255.7 -127.56 522.8 1490.76 0.0 28062.0 0.0 -22.21 -134.69 0.0 0.0 0.0 0.0 2151
255.72 -127.84 521.1 1490.76 0.0 27547.0 0.0 -15.96 -96.76 0.0 0.0 0.0 0.0 2151
255.74 -128.05 519.79 1490.76 0.0 27019.0 0.0 -10.9 -66.11 0.0 0.0 0.0 0.0 2151
255.76 -128.2 518.89 1490.76 0.0 26495.0 0.0 -7.45 -45.16 0.0 0.0 0.0 0.0 2151
255.78 -128.3 518.3 1490.76 0.0 25826.0 0.0 -5.22 -31.65 0.0 0.0 0.0 0.0 2151
255.8 -128.37 517.86 1490.76 0.0 25122.0 0.0 -3.47 -21.07 0.0 0.0 0.0 0.0 2151
255.82 -128.42 517.59 1490.76 0.0 24299.0 0.0 -2.5 -15.13 0.0 0.0 0.0 0.0 2151
255.83 -128.45 517.4 1490.76 0.0 23524.0 0.0 -1.75 -10.6 0.0 0.0 0.0 0.0 2151
255.84 -128.6 518.1 1490.76 0.0 18535.0 0.0 -7.83 37.49 0.0 -1226.91 5873.22 0.0 2151
255.86 -128.84 519.26 1490.76 0.0 18535.0 0.0 -14.74 70.57 0.0 -1226.91 5873.22 0.0 2151
255.88 -129.17 520.82 1490.76 0.0 18459.0 0.0 -21.19 101.44 0.0 -1226.91 5873.22 0.0 2151
255.89 -129.83 524.02 1490.76 0.0 18345.0 0.0 -30.4 145.54 0.0 -1184.08 5882.0 0.0 2151
255.92 -130.35 526.52 1490.76 0.0 18307.0 0.0 -36.06 174.28 0.0 -1120.85 5894.38 0.0 2151
255.93 -131.26 531.04 1490.76 0.0 18246.0 0.0 -43.59 216.42 0.0 -1098.24 5898.63 0.0 2151
255.95 -132.01 534.85 1490.76 0.0 18185.0 0.0 -48.97 247.5 0.0 -1064.29 5904.85 0.0 2151
255.97 -132.85 539.14 1490.76 0.0 18093.0 0.0 -54.04 278.64 0.0 0.0 0.0 0.0 2151
255.98 -133.63 543.2 1490.76 0.0 18093.0 0.0 -34.07 175.65 0.0 0.0 0.0 0.0 2151
256.01 -134.01 545.14 1490.76 0.0 17978.0 0.0 -26.27 135.46 0.0 0.0 0.0 0.0 2151
256.02 -134.38 547.07 1490.76 0.0 17921.0 0.0 -17.03 87.78 0.0 0.0 0.0 0.0 2151
256.04 -134.57 548.04 1490.76 0.0 17804.0 0.0 -13.13 67.69 0.0 0.0 0.0 0.0 2151
256.06 -134.76 549.0 1490.76 0.0 17747.0 0.0 -8.51 43.86 0.0 0.0 0.0 0.0 2151
256.08 -134.85 549.49 1490.76 0.0 17655.0 0.0 -6.56 33.83 0.0 0.0 0.0 0.0 2151
256.09 -134.95 549.98 1490.76 0.0 17603.0 0.0 -4.14 21.33 0.0 0.0 0.0 0.0 2151
256.11 -134.99 550.2 1490.76 0.0 17565.0 0.0 -3.26 16.82 0.0 0.0 0.0 0.0 2151
256.13 -135.04 550.44 1490.76 0.0 17565.0 0.0 -2.11 10.9 0.0 0.0 0.0 0.0 2151
256.15 -135.14 551.33 1490.76 0.0 17489.0 0.0 -4.67 42.55 0.0 -654.47 5964.2 0.0 2151
256.17 -135.26 552.47 1490.76 0.0 17451.0 0.0 -8.11 73.9 0.0 -633.88 5966.42 0.0 2151
256.19 -135.52 554.9 1490.76 0.0 17365.0 0.0 -12.59 116.46 0.0 -611.0 5968.81 0.0 2151
256.21 -135.75 556.98 1490.76 0.0 17188.0 0.0 -15.49 145.61 0.0 0.0 0.0 0.0 2151
256.22 -135.97 559.06 1490.76 0.0 17109.0 0.0 -10.04 94.35 0.0 0.0 0.0 0.0 2151
256.24 -136.07 560.04 1490.76 0.0 17021.0 0.0 -7.92 74.43 0.0 0.0 0.0 0.0 2151
256.26 -136.18 561.1 1490.76 0.0 16968.0 0.0 -5.13 48.23 0.0 0.0 0.0 0.0 2151
256.28 -136.24 561.6 1490.76 0.0 16930.0 0.0 -4.05 38.04 0.0 0.0 0.0 0.0 2151
256.29 -136.29 562.15 1490.76 0.0 16930.0 0.0 -2.62 24.65 0.0 0.0 0.0 0.0 2151
256.31 -136.32 562.42 1490.76 0.0 16892.0 0.0 -2.02 19.01 0.0 0.0 0.0 0.0 2151
256.33 -136.35 562.7 1490.76 0.0 16839.0 0.0 -1.28 11.99 0.0 0.0 0.0 0.0 2151
256.35 -137.2 562.41 1490.76 0.0 35835.0 0.0 -40.52 -13.8 0.0 -5716.35 -1823.0 0.0 2151
256.37 -138.77 561.89 1490.76 0.0 35699.0 0.0 -79.19 -26.0 0.0 -5742.98 -1737.3 0.0 2151
256.39 -141.28 561.1 1490.76 0.0 35622.0 0.0 -120.26 -38.08 0.0 -5765.14 -1662.28 0.0 2151
256.41 -144.44 560.13 1490.76 0.0 35545.0 0.0 -159.37 -48.82 0.0 -5777.1 -1620.23 0.0 2151
256.43 -148.37 558.96 1490.76 0.0 35464.0 0.0 -198.59 -59.16 0.0 -5788.75 -1578.09 0.0 2151
256.45 -153.39 557.5 1490.76 0.0 35383.0 0.0 -240.11 -69.64 0.0 -5800.68 -1533.64 0.0 2151
256.47 -159.28 555.84 1490.76 0.0 35306.0 0.0 -281.76 -79.62 0.0 -5812.85 -1486.88 0.0 2151
256.49 -165.64 554.09 1490.76 0.0 35197.0 0.0 -321.35 -88.55 0.0 -5823.53 -1444.49 0.0 2151
256.51 -172.35 552.28 1490.76 0.0 35103.0 0.0 -358.84 -96.53 340.0 -5838.17 -1384.11 0.0 2151
256.53 -181.24 549.9 1498.71 0.0 35030.0 0.0 -375.72 -100.53 317.01 -5850.66 -1330.32 0.0 2151
256.55 -188.39 547.99 1504.47 0.0 34992.0 0.0 -388.79 -103.51 299.24 -5859.71 -1289.9 0.0 2151
256.57 -196.22 545.91 1510.21 0.0 34911.0 0.0 -402.65 -106.56 280.43 -5864.12 -1269.67 0.0 2151
256.59 -204.79 543.65 1515.87 0.0 34769.0 0.0 -417.3 -109.73 260.58 -5874.16 -1222.4 0.0 2151
256.61 -215.09 540.95 1521.9 0.0 34657.0 0.0 -434.28 -113.26 237.59 -5890.04 -1143.45 0.0 2151
256.63 -221.3 539.34 1525.2 0.0 34514.0 0.0 -434.44 -112.64 224.01 -5901.97 -1080.14 0.0 2151
256.65 -230.87 536.87 1529.89 0.0 34441.0 0.0 -434.72 -111.55 203.11 -5916.32 -998.56 0.0 2151
256.67 -239.0 534.79 1533.53 0.0 34364.0 0.0 -435.0 -110.48 185.34 -5923.08 -957.69 0.0 2151
256.69 -247.61 532.62 1537.01 0.0 34270.0 0.0 -435.3 -109.29 166.53 -5929.9 -914.51 0.0 2151
256.71 -258.15 529.99 1540.76 0.0 34210.0 0.0 -435.68 -107.75 143.54 -5938.06 -859.89 0.0 2151
256.73 -264.86 528.34 1542.86 0.0 34172.0 0.0 -435.94 -106.71 128.9 -5942.91 -825.72 0.0 2151
256.75 -273.98 526.12 1545.35 0.0 34108.0 0.0 -436.3 -105.25 109.05 -5945.73 -805.2 0.0 2151
256.77 -281.18 524.4 1547.02 0.0 34108.0 0.0 -436.58 -104.09 93.37 -5950.55 -768.71 0.0 2151
256.79 -291.27 522.01 1548.92 0.0 34032.0 0.0 -436.97 -102.43 71.42 -5950.55 -768.71 0.0 2151
256.81 -300.41 519.89 1550.2 0.0 34032.0 0.0 -437.31 -100.97 51.57 -5956.0 -725.33 0.0 2151
256.83 -309.55 517.79 1551.07 0.0 33994.0 0.0 -437.66 -99.45 31.72 -5956.0 -725.33 0.0 2151
256.85 -317.25 516.05 1551.49 0.0 33956.0 0.0 -437.94 -98.22 15.0 -5958.73 -702.48 0.0 2151
256.87 -327.38 513.8 1551.58 0.0 33956.0 0.0 -438.3 -96.58 -6.95 -5961.12 -681.91 0.0 2151
256.89 -335.09 512.11 1551.31 0.0 33956.0 0.0 -438.58 -95.33 -23.67 -5961.12 -681.91 0.0 2151
256.91 -345.71 509.83 1550.46 0.0 33956.0 0.0 -438.94 -93.67 -46.66 -5961.12 -681.91 0.0 2188
256.93 -351.99 508.49 1549.69 0.0 33956.0 0.0 -439.14 -92.71 -60.25 -5961.12 -681.91 0.0 2188
256.95 -362.14 506.37 1548.05 0.0 33918.0 0.0 -439.46 -91.22 -82.2 -5961.12 -681.91 0.0 2188
256.97 -369.87 504.77 1546.45 0.0 33828.0 0.0 -439.69 -90.11 -98.91 -5963.69 -659.05 0.0 2188
257.0 -380.03 502.71 1543.92 0.0 33734.0 0.0 -439.99 -88.65 -120.86 -5969.04 -608.71 0.0 2188
257.02 -390.68 500.58 1540.71 0.0 33612.0 0.0 -440.31 -87.03 -143.85 0.0 0.0 0.0 2188
257.03 -399.89 498.77 1537.5 0.0 33522.0 0.0 -440.31 -87.03 -163.71 0.0 0.0 0.0 2188
257.06 -406.67 497.42 1534.87 0.0 33372.0 0.0 -440.31 -87.03 -178.33 0.0 0.0 0.0 2188
257.07 -416.84 495.41 1530.49 0.0 33276.0 0.0 -440.31 -87.03 -200.27 0.0 0.0 0.0 2188
257.1 -424.1 493.98 1527.06 0.0 33071.0 0.0 -440.31 -87.03 -215.94 0.0 0.0 0.0 2188
257.11 -435.73 491.68 1521.03 0.0 32977.0 0.0 -440.31 -87.03 -241.02 0.0 0.0 0.0 2188
257.13 -441.06 490.63 1518.04 0.0 32767.0 0.0 -440.31 -87.03 -252.51 0.0 0.0 0.0 2189
257.15 -451.23 488.62 1511.96 0.0 32658.0 0.0 -440.31 -87.03 -274.46 0.0 0.0 0.0 2189
257.17 -459.46 486.99 1506.66 0.0 32582.0 0.0 -440.31 -87.03 -292.22 0.0 0.0 0.0 2189
257.19 -469.15 485.08 1500.0 0.0 32505.0 0.0 -440.31 -87.03 -313.12 0.0 0.0 0.0 2189
257.21 -477.87 483.35 1493.61 0.0 32505.0 0.0 -440.31 -87.03 -331.93 0.0 0.0 0.0 2189
257.23 -485.61 481.82 1487.62 0.0 32505.0 0.0 -440.31 -87.03 -348.64 0.0 0.0 0.0 2189
257.25 -492.88 480.38 1481.74 0.0 32505.0 0.0 -440.31 -87.03 -364.32 0.0 0.0 0.0 2189
257.27 -502.08 478.57 1473.92 0.0 32505.0 0.0 -440.31 -87.03 -384.17 0.0 0.0 0.0 2189
257.29 -509.83 477.03 1467.01 0.0 32505.0 0.0 -440.31 -87.03 -400.89 0.0 0.0 0.0 2189
257.3 -520.97 474.83 1456.56 0.0 32505.0 0.0 -440.31 -87.03 -424.92 0.0 0.0 0.0 2189
257.33 -526.3 473.78 1451.35 0.0 32429.0 0.0 -440.31 -87.03 -436.41 0.0 0.0 0.0 2189
257.34 -536.47 471.77 1441.02 0.0 32369.0 0.0 -440.31 -87.03 -458.36 0.0 0.0 0.0 2189
257.37 -543.25 470.43 1433.85 0.0 32279.0 0.0 -440.31 -87.04 -472.99 0.0 0.0 0.0 2189
257.38 -553.42 468.42 1422.67 0.0 32169.0 0.0 -440.32 -87.04 -494.94 0.0 0.0 0.0 2189
257.4 -561.66 466.79 1413.25 0.0 32066.0 0.0 -440.31 -87.04 -512.71 0.0 0.0 0.0 2189
257.42 -569.41 465.26 1404.08 0.0 31969.0 0.0 -440.31 -87.04 -529.42 0.0 0.0 0.0 2189
257.44 -576.67 463.82 1395.21 0.0 31804.0 0.0 -440.31 -87.04 -545.1 0.0 0.0 0.0 2189
257.46 -587.81 461.62 1381.11 0.0 31675.0 0.0 -440.31 -87.04 -569.14 0.0 0.0 0.0 2189
257.48 -595.08 460.18 1371.59 0.0 31494.0 0.0 -440.31 -87.04 -584.82 0.0 0.0 0.0 2189
257.5 -605.25 458.17 1357.83 0.0 31339.0 0.0 -440.31 -87.04 -606.76 0.0 0.0 0.0 2189
257.52 -611.06 457.02 1349.74 0.0 31052.0 0.0 -440.31 -87.04 -619.31 0.0 0.0 0.0 2189
257.53 -620.26 455.2 1336.59 0.0 30962.0 0.0 -440.31 -87.04 -639.16 0.0 0.0 0.0 2152
257.55 -627.04 453.86 1326.63 0.0 30876.0 0.0 -440.31 -87.04 -653.8 0.0 0.0 0.0 2152
257.57 -636.73 451.95 1312.02 0.0 30812.0 0.0 -440.31 -87.04 -674.7 0.0 0.0 0.0 2152
257.59 -643.99 450.51 1300.76 0.0 30743.0 0.0 -440.31 -87.04 -690.38 0.0 0.0 0.0 2152
257.6 -651.74 448.98 1288.46 0.0 30683.0 0.0 -440.31 -87.04 -707.1 0.0 0.0 0.0 2152
257.62 -658.52 447.64 1277.46 0.0 30606.0 0.0 -440.31 -87.04 -721.73 0.0 0.0 0.0 2152
257.64 -667.24 445.92 1262.98 0.0 30606.0 0.0 -440.31 -87.04 -740.54 0.0 0.0 0.0 2152
257.66 -673.54 444.67 1252.29 0.0 30491.0 0.0 -440.31 -87.04 -754.13 0.0 0.0 0.0 2152
257.67 -682.74 442.85 1236.33 0.0 30453.0 0.0 -440.31 -87.04 -773.98 0.0 0.0 0.0 2152
257.69 -687.1 441.99 1228.62 0.0 30299.0 0.0 -440.31 -87.04 -783.39 0.0 0.0 0.0 2152
257.7 -695.82 440.27 1212.92 0.0 30205.0 0.0 -440.31 -87.04 -802.21 0.0 0.0 0.0 2152
257.72 -701.15 439.22 1203.14 0.0 29987.0 0.0 -440.3 -87.04 -813.7 0.0 0.0 0.0 2152
257.73 -709.38 437.59 1187.76 0.0 29807.0 0.0 -440.31 -87.04 -831.47 0.0 0.0 0.0 2152
257.75 -715.19 436.44 1176.7 0.0 29584.0 0.0 -440.3 -87.05 -844.01 0.0 0.0 0.0 2152
257.77 -721.49 435.19 1164.54 0.0 29171.0 0.0 -440.3 -87.05 -857.59 0.0 0.0 0.0 2152
257.78 -729.72 433.57 1148.33 0.0 28892.0 0.0 -440.3 -87.04 -875.35 0.0 0.0 0.0 2152
257.8 -736.02 432.32 1135.72 0.0 28649.0 0.0 -440.3 -87.05 -888.95 0.0 0.0 0.0 2152
257.81 -744.25 430.69 1118.93 0.0 28529.0 0.0 -440.31 -87.05 -906.72 0.0 0.0 0.0 2152
257.83 -751.03 429.35 1104.85 0.0 28358.0 0.0 -440.3 -87.05 -921.34 0.0 0.0 0.0 2152
257.85 -758.78 427.82 1088.49 0.0 28178.0 0.0 -440.31 -87.05 -938.07 0.0 0.0 0.0 2210
257.87 -765.56 426.48 1073.93 0.0 27972.0 0.0 -440.31 -87.05 -952.69 0.0 0.0 0.0 2210
257.88 -773.31 424.95 1057.02 0.0 27827.0 0.0 -440.31 -87.05 -969.42 0.0 0.0 0.0 2210
257.9 -781.55 423.32 1038.72 0.0 27772.0 0.0 -440.31 -87.05 -987.18 0.0 0.0 0.0 2210
257.91 -787.84 422.08 1024.51 0.0 27721.0 0.0 -440.31 -87.05 -1000.77 0.0 0.0 0.0 2210
257.92 -793.66 420.93 1011.22 0.0 27721.0 0.0 -440.3 -87.05 -1013.32 0.0 0.0 0.0 2210
257.94 -798.98 419.87 998.89 0.0 27721.0 0.0 -440.3 -87.05 -1024.81 0.0 0.0 0.0 2210
257.96 -805.76 418.53 982.99 0.0 27721.0 0.0 -440.3 -87.05 -1039.44 0.0 0.0 0.0 2210
257.97 -813.51 417.0 964.55 0.0 27721.0 0.0 -440.3 -87.05 -1056.16 0.0 0.0 0.0 2210
257.98 -818.84 415.95 951.7 0.0 27721.0 0.0 -440.3 -87.05 -1067.65 0.0 0.0 0.0 2210
258.0 -824.17 414.89 938.71 0.0 27721.0 0.0 -440.3 -87.05 -1079.15 0.0 0.0 0.0 2210
258.01 -831.92 413.36 919.57 0.0 27721.0 0.0 -440.3 -87.05 -1095.87 0.0 0.0 0.0 2210
258.03 -837.24 412.31 906.24 0.0 27721.0 0.0 -440.3 -87.05 -1107.37 0.0 0.0 0.0 2210
258.04 -844.02 410.97 889.08 0.0 27721.0 0.0 -440.3 -87.05 -1121.99 0.0 0.0 0.0 2210
258.05 -849.6 409.87 889.85 0.0 27721.0 0.0 -331.34 -65.51 0.0 0.0 0.0 0.0 2210
258.07 -852.11 409.37 889.85 0.0 27721.0 0.0 -284.69 -56.28 0.0 0.0 0.0 0.0 2210
258.08 -855.25 408.75 889.85 0.0 27759.0 0.0 -219.55 -43.41 0.0 0.0 0.0 0.0 2210
258.09 -857.92 408.22 889.85 0.0 27759.0 0.0 -161.59 -31.95 0.0 0.0 0.0 0.0 2210
258.11 -859.26 407.96 889.85 0.0 27759.0 0.0 -136.0 -26.89 0.0 0.0 0.0 0.0 2210
258.12 -860.91 407.63 889.85 0.0 27797.0 0.0 -100.09 -19.79 0.0 0.0 0.0 0.0 2210
258.13 -861.75 407.46 889.85 0.0 27861.0 0.0 -84.24 -16.66 0.0 0.0 0.0 0.0 2210
258.15 -862.77 407.26 889.85 0.0 27912.0 0.0 -62.0 -12.26 0.0 0.0 0.0 0.0 2210
258.16 -863.42 407.13 889.85 0.0 28009.0 0.0 -48.91 -9.67 0.0 0.0 0.0 0.0 2210
258.18 -864.01 407.02 889.85 0.0 28060.0 0.0 -36.0 -7.12 0.0 0.0 0.0 0.0 2210
258.19 -864.39 406.94 889.85 0.0 28124.0 0.0 -28.4 -5.61 0.0 0.0 0.0 0.0 2210
258.21 -864.64 406.89 889.85 0.0 28234.0 0.0 -23.4 -4.62 0.0 0.0 0.0 0.0 2210
258.22 -864.95 406.83 889.85 0.0 28320.0 0.0 -16.4 -3.24 0.0 0.0 0.0 0.0 2210
258.23 -865.1 406.8 889.85 0.0 28417.0 0.0 -13.51 -2.67 0.0 0.0 0.0 0.0 2210
258.26 -865.26 406.77 889.85 0.0 28622.0 0.0 -9.94 -1.97 0.0 0.0 0.0 0.0 2210
258.27 -864.46 407.35 889.85 0.0 6618.0 0.0 36.66 26.2 0.0 4851.94 3529.69 0.0 2210
258.29 -863.59 407.97 889.85 0.0 6700.0 0.0 60.31 43.46 0.0 4832.92 3555.69 0.0 2210
258.31 -861.61 409.41 889.85 0.0 6756.0 0.0 94.72 68.93 0.0 4804.13 3594.49 0.0 2210
258.33 -859.92 410.65 889.85 0.0 6908.0 0.0 118.06 86.61 0.0 4784.76 3620.23 0.0 2210
258.34 -856.33 413.31 889.85 0.0 7021.0 0.0 155.55 115.48 0.0 4731.49 3689.58 0.0 2210
258.36 -853.78 415.23 889.85 0.0 7173.0 0.0 178.33 133.91 0.0 4691.6 3740.17 0.0 2210
258.38 -850.66 417.6 889.85 0.0 7369.0 0.0 202.5 154.2 0.0 4636.6 3808.14 0.0 2210
258.4 -846.05 421.19 889.85 0.0 7499.0 0.0 232.92 181.1 0.0 4564.23 3894.59 0.0 2210
258.42 -841.8 424.56 889.85 0.0 7499.0 0.0 257.5 204.4 0.0 4516.09 3950.31 0.0 2210
258.43 -835.78 429.47 889.85 0.0 7499.0 0.0 288.04 234.6 0.0 4516.09 3950.31 0.0 2210
258.45 -831.36 433.11 889.85 0.0 7499.0 0.0 309.12 255.02 0.0 4516.09 3950.3 0.0 2210
258.47 -823.57 439.64 889.85 0.0 7499.0 0.0 337.2 282.65 0.0 4516.09 3950.31 0.0 2210
258.48 -819.13 443.39 889.85 0.0 7499.0 0.0 336.27 283.77 0.0 4516.09 3950.31 0.0 2210
258.51 -813.97 447.77 889.85 0.0 7499.0 0.0 335.35 284.85 0.0 4516.09 3950.31 0.0 2210
258.52 -806.61 454.07 889.85 0.0 7537.0 0.0 334.3 286.08 0.0 4516.09 3950.31 0.0 2210
258.54 -801.11 458.8 889.85 0.0 7619.0 0.0 333.7 286.78 0.0 4500.91 3967.6 0.0 2154
258.56 -794.15 464.81 889.85 0.0 7680.0 0.0 332.83 287.79 0.0 0.0 0.0 0.0 2154
258.57 -790.29 468.15 889.85 0.0 7745.0 0.0 250.82 216.88 0.0 0.0 0.0 0.0 2154
258.59 -787.24 470.79 889.85 0.0 7814.0 0.0 184.6 159.62 0.0 0.0 0.0 0.0 2154
258.61 -784.91 472.81 889.85 0.0 7912.0 0.0 132.62 114.67 0.0 0.0 0.0 0.0 2154
258.63 -783.17 474.31 889.85 0.0 7973.0 0.0 92.94 80.36 0.0 0.0 0.0 0.0 2154
258.65 -782.09 475.24 889.85 0.0 8084.0 0.0 70.04 60.56 0.0 0.0 0.0 0.0 2154
258.66 -781.18 476.04 889.85 0.0 8136.0 0.0 49.08 42.44 0.0 0.0 0.0 0.0 2154
258.68 -780.66 476.48 889.85 0.0 8284.0 0.0 38.72 33.48 0.0 0.0 0.0 0.0 2154
258.7 -780.16 476.92 889.85 0.0 8519.0 0.0 27.13 23.46 0.0 0.0 0.0 0.0 2154
258.71 -779.79 477.23 889.85 0.0 8793.0 0.0 18.54 16.03 0.0 0.0 0.0 0.0 2154
258.73 -779.58 477.42 889.85 0.0 9250.0 0.0 13.97 12.08 0.0 0.0 0.0 0.0 2154
258.74 -779.41 477.57 889.85 0.0 9668.0 0.0 10.28 8.89 0.0 0.0 0.0 0.0 2154
258.76 -779.3 477.66 889.85 0.0 10478.0 0.0 8.11 7.01 0.0 0.0 0.0 0.0 2154
