329.19 -1331.46 -139.43 771.85 0.0 10896.0 0.0 2232
329.31 -1323.85 -164.61 771.85 0.0 10896.0 0.0 2232
329.35 -1321.08 -174.39 771.85 0.0 10896.0 0.0 2232
329.4 -1322.52 -168.68 771.85 0.0 10896.0 0.0 2232
329.44 -1326.22 -154.59 771.85 0.0 10896.0 0.0 2232
329.48 -1329.74 -141.23 771.85 0.0 10896.0 0.0 2232
329.52 -1333.51 -126.94 771.85 0.0 10896.0 0.0 2232
329.58 -1340.09 -102.14 771.85 0.0 10896.0 0.0 2232
329.62 -1344.93 -83.9 771.85 0.0 10896.0 0.0 2232
329.67 -1349.77 -65.65 771.85 0.0 10896.0 0.0 2271
329.71 -1355.23 -45.07 771.85 0.0 10896.0 0.0 2271
329.75 -1359.45 -29.16 771.85 0.0 10896.0 0.0 2271
329.8 -1365.15 -7.64 771.85 0.0 10896.0 0.0 2271
329.84 -1369.87 10.13 771.85 0.0 10896.0 0.0 2231
329.88 -1373.84 25.1 771.85 0.0 10896.0 0.0 2231
329.93 -1379.55 46.62 771.85 0.0 10896.0 0.0 2231
329.98 -1385.63 69.55 771.85 0.0 10896.0 0.0 2231
330.02 -1389.16 82.88 771.85 0.0 10896.0 0.0 2231
330.06 -1393.94 100.89 771.85 0.0 10896.0 0.0 2231
330.1 -1397.78 115.4 771.85 0.0 10896.0 0.0 2231
330.14 -1403.86 138.32 771.85 0.0 10896.0 0.0 2231
330.19 -1408.08 154.22 771.85 0.0 10896.0 0.0 2247
330.26 -1418.01 191.65 771.85 0.0 10896.0 0.0 2247
330.33 -1426.88 225.1 771.85 0.0 10896.0 0.0 2247
330.37 -1429.76 235.98 771.85 0.0 10896.0 0.0 2247
330.41 -1433.19 248.9 771.85 0.0 10896.0 0.0 2247
330.48 -1444.09 289.98 771.85 0.0 9361.0 0.0 2247
330.52 -1445.5 301.03 771.85 0.0 7783.0 65406.0 2247
330.59 -1444.45 337.57 771.85 0.0 6163.0 65328.0 2247
330.64 -1441.16 352.6 771.85 0.0 5656.0 65307.0 2247
330.68 -1435.88 372.84 771.85 0.0 5529.0 65316.0 2247
330.73 -1428.85 391.76 771.85 0.0 5402.0 65404.0 2247
330.77 -1424.61 407.17 771.85 0.0 5275.0 65457.0 2247
330.81 -1420.13 423.02 771.85 0.0 5594.0 65475.0 2247
330.86 -1415.34 441.78 771.85 0.0 5594.0 0.0 2247
330.9 -1410.32 461.48 771.85 0.0 5594.0 0.0 2247
330.94 -1406.74 475.55 771.85 0.0 5594.0 0.0 2247
330.98 -1401.37 496.65 771.85 0.0 5594.0 0.0 2247
331.03 -1395.63 519.17 771.85 0.0 5594.0 0.0 2247
331.07 -1392.17 532.77 771.85 0.0 5594.0 0.0 2247
331.11 -1387.51 551.06 771.85 0.0 5594.0 0.0 2247
331.18 -1378.02 588.35 771.85 0.0 5594.0 0.0 2247
331.22 -1374.71 601.37 771.85 0.0 5594.0 0.0 2247
331.26 -1371.39 614.38 771.85 0.0 5594.0 0.0 2247
331.3 -1366.86 632.21 771.85 0.0 5594.0 0.0 2247
331.38 -1356.71 672.07 771.85 0.0 5594.0 0.0 2247
331.46 -1347.16 709.6 771.85 0.0 5594.0 0.0 2247
331.5 -1344.41 720.39 771.85 0.0 5594.0 0.0 2247
331.53 -1341.07 733.52 771.85 0.0 5594.0 0.0 2247
331.61 -1331.75 770.1 771.85 0.0 5594.0 0.0 2247
331.68 -1323.4 802.94 771.85 0.0 5594.0 0.0 2170
331.71 -1320.83 813.02 771.85 0.0 5594.0 0.0 2170
331.78 -1312.26 846.67 771.85 0.0 5594.0 0.0 2170
331.82 -1309.53 857.4 771.85 0.0 5339.0 0.0 2170
331.86 -1305.9 870.68 771.85 0.0 4205.0 65509.0 2170
331.93 -1290.38 905.82 771.85 0.0 836.0 65363.0 2170
331.97 -1280.51 918.27 771.85 0.0 64927.0 65292.0 2170
332.03 -1263.82 933.9 771.85 0.0 63791.0 65231.0 2170
332.08 -1243.34 948.48 771.85 0.0 63283.0 65213.0 2170
332.13 -1226.52 958.44 771.85 0.0 63092.0 65326.0 2170
332.17 -1206.87 967.79 771.85 0.0 62500.0 65397.0 2170
332.23 -1182.96 980.71 771.85 0.0 61827.0 65377.0 2170
332.29 -1158.11 991.77 771.85 0.0 61105.0 65364.0 2170
332.36 -1128.05 1003.43 771.85 0.0 60722.0 65326.0 2170
332.41 -1106.09 1009.26 771.85 0.0 60232.0 65413.0 2170
332.49 -1070.03 1019.67 771.85 0.0 59536.0 65381.0 2170
332.54 -1049.44 1023.84 771.85 0.0 58997.0 65402.0 2170
332.6 -1022.58 1026.58 771.85 0.0 58363.0 65386.0 2170
332.65 -1002.59 1028.81 771.85 0.0 57688.0 65400.0 2170
332.72 -972.63 1029.88 771.85 0.0 56890.0 65355.0 2170
332.78 -943.49 1026.84 771.85 0.0 55934.0 65351.0 2156
332.84 -920.89 1022.93 771.85 0.0 55107.0 65338.0 2156
332.9 -890.58 1015.77 771.85 0.0 54256.0 65319.0 2156
332.96 -863.82 1006.65 771.85 0.0 53564.0 65321.0 2156
333.04 -832.05 994.72 771.85 0.0 52664.0 65330.0 2156
333.09 -811.59 984.42 771.85 0.0 52345.0 65344.0 2156
333.16 -783.42 969.03 771.85 0.0 51552.0 65388.0 2156
333.22 -763.76 954.08 771.85 0.0 50745.0 65373.0 2156
333.29 -739.45 935.44 771.85 0.0 49879.0 65343.0 2156
333.35 -734.67 906.29 771.85 0.0 49263.0 64905.0 2156
333.41 -736.39 878.6 771.85 0.0 48688.0 64939.0 2156
333.47 -740.18 847.9 771.85 0.0 47979.0 64929.0 2156
333.52 -742.19 827.22 794.62 0.0 47916.0 65175.0 2156
333.58 -743.07 795.97 813.37 0.0 47853.0 17.0 2156
333.64 -744.48 772.15 824.55 0.0 47853.0 65190.0 2156
333.69 -744.74 744.52 830.78 0.0 47853.0 65202.0 2154
333.77 -745.51 703.63 835.32 0.0 47853.0 65123.0 2154
333.82 -746.23 679.47 834.47 0.0 47853.0 65260.0 2154
333.88 -747.29 651.73 861.44 0.0 47853.0 65266.0 2154
333.94 -748.3 629.76 879.92 0.0 47726.0 65535.0 2154
334.0 -749.38 610.37 894.3 0.0 47663.0 64916.0 2154
334.06 -750.4 617.4 902.02 0.0 47663.0 64905.0 2154
334.12 -751.73 617.47 905.34 0.0 47663.0 0.0 2154
334.18 -754.11 611.81 903.93 0.0 47216.0 137.0 2154
334.24 -756.17 603.06 900.3 0.0 46526.0 185.0 2154
334.3 -759.37 590.17 893.23 0.0 45862.0 185.0 2154
334.36 -763.2 575.78 885.99 0.0 45735.0 34.0 2154
334.41 -764.54 570.66 887.85 0.0 45735.0 0.0 2154
334.48 -764.72 569.97 889.85 0.0 45735.0 0.0 2154
334.54 -764.37 571.3 890.85 0.0 45735.0 0.0 2154
334.6 -763.41 574.99 889.85 0.0 45735.0 0.0 2154
334.66 -767.44 563.15 890.85 0.0 45352.0 0.0 2154
334.72 -773.5 546.84 891.35 0.0 45352.0 65515.0 2154
334.77 -782.05 524.28 891.6 0.0 45352.0 65524.0 2154
334.83 -792.78 496.11 891.72 0.0 45415.0 65523.0 2154
334.87 -799.67 477.87 891.85 0.0 45415.0 0.0 2154
334.92 -807.83 456.12 891.85 0.0 45415.0 0.0 2210
334.97 -809.33 452.14 891.85 0.0 45032.0 65451.0 2210
335.02 -808.92 453.22 891.85 0.0 43312.0 0.0 2210
335.06 -808.21 455.11 891.85 0.0 39996.0 0.0 2210
335.1 -807.62 456.69 891.85 0.0 36432.0 0.0 2210
335.15 -806.4 459.91 889.85 0.0 31583.0 0.0 2210
335.22 -818.62 464.66 890.85 0.0 28904.0 0.0 2210
335.29 -839.57 472.8 891.35 0.0 28904.0 0.0 2210
335.35 -869.36 484.36 891.6 0.0 28904.0 65535.0 2210
335.41 -898.29 495.6 891.72 0.0 28967.0 0.0 2210
335.45 -910.08 500.12 891.79 0.0 29766.0 0.0 2210
335.52 -942.1 511.94 920.69 0.0 31579.0 266.0 2210
335.6 -979.25 524.15 941.73 0.0 32965.0 428.0 2210
335.64 -990.85 527.44 946.83 0.0 33156.0 416.0 2210
335.68 -1004.65 531.07 950.58 0.0 33219.0 405.0 2210
335.75 -1039.83 539.6 954.87 0.0 33219.0 360.0 2210
335.82 -1074.86 546.9 952.93 0.0 33029.0 394.0 2201
335.86 -1086.29 548.9 972.6 0.0 33029.0 405.0 2201
335.93 -1121.4 554.8 998.51 0.0 33582.0 381.0 2201
336.0 -1151.77 558.92 1013.68 0.0 34949.0 349.0 2201
336.07 -1169.93 562.17 1022.65 0.0 35952.0 65535.0 2201
336.14 -1172.96 566.28 1025.16 0.0 36143.0 382.0 2201
336.2 -1173.51 568.87 1023.11 0.0 36143.0 608.0 2201
336.24 -1173.51 569.72 1021.22 0.0 36334.0 65535.0 2201
336.27 -1173.51 572.01 1017.77 0.0 36589.0 0.0 2201
336.33 -1173.51 575.51 1009.72 0.0 37212.0 0.0 2201
336.36 -1173.51 576.9 1004.68 0.0 38326.0 65535.0 2201
336.41 -1173.51 579.5 994.85 0.0 39736.0 0.0 2201
336.45 -1173.51 581.37 986.16 0.0 40558.0 0.0 2201
336.52 -1173.51 586.74 956.43 0.0 40749.0 0.0 2201
336.59 -1173.51 590.66 929.38 0.0 40749.0 65535.0 2201
336.63 -1173.51 592.11 917.52 0.0 40749.0 0.0 2201
336.67 -1173.51 593.56 903.56 0.0 40749.0 65535.0 2201
336.71 -1173.51 595.67 884.48 0.0 40749.0 0.0 2201
336.78 -1173.51 600.41 837.38 0.0 40749.0 0.0 2201
336.85 -1177.02 601.61 785.53 0.0 40749.0 0.0 2169
336.89 -1179.24 600.98 766.53 0.0 40749.0 0.0 2169
336.93 -1182.83 599.55 739.9 0.0 40749.0 65535.0 2169
337.0 -1192.95 594.34 676.58 0.0 40749.0 65535.0 2247
337.04 -1196.53 592.46 652.75 0.0 40749.0 65535.0 2234
337.08 -1200.38 590.52 625.19 0.0 40749.0 65535.0 2234
337.12 -1204.22 588.57 595.63 0.0 40749.0 0.0 2234
337.19 -1214.55 583.52 512.87 0.0 41388.0 0.0 2234
337.24 -1219.84 580.93 467.68 0.0 42563.0 0.0 2234
337.31 -1228.4 576.74 459.81 0.0 44367.0 0.0 2234
337.4 -1229.54 576.18 455.87 0.0 45864.0 0.0 2234
337.45 -1232.22 566.05 453.9 0.0 46311.0 0.0 2234
337.51 -1237.41 546.46 452.91 0.0 46954.0 21.0 2234
337.56 -1241.78 526.57 452.42 0.0 47273.0 73.0 2234
337.61 -1246.77 500.52 452.17 0.0 47592.0 97.0 2234
337.65 -1260.72 483.43 452.05 0.0 47898.0 65062.0 2234
337.7 -1276.58 469.78 451.99 0.0 48025.0 65074.0 2234
337.74 -1292.8 457.17 451.96 0.0 48025.0 65257.0 2234
337.79 -1312.4 443.95 451.93 0.0 48025.0 65386.0 2234
337.84 -1326.75 432.43 451.93 0.0 48025.0 65467.0 2234
337.89 -1344.46 418.14 451.93 0.0 48025.0 65498.0 2234
337.93 -1358.04 407.23 451.93 0.0 48025.0 0.0 2236
337.97 -1372.37 395.69 451.93 0.0 48025.0 0.0 2236
338.02 -1390.85 380.83 451.93 0.0 48025.0 0.0 2236
338.06 -1403.67 370.51 451.93 0.0 48025.0 0.0 2236
338.11 -1425.45 367.41 451.93 0.0 48408.0 65062.0 2236
338.15 -1444.98 368.13 451.93 0.0 50172.0 65448.0 2236
338.21 -1475.0 366.6 451.93 0.0 54113.0 30.0 2236
338.26 -1493.84 358.59 451.93 0.0 58095.0 65050.0 2236
338.31 -1517.28 356.85 451.93 0.0 62403.0 435.0 2236
338.37 -1540.45 346.45 451.93 0.0 1550.0 64972.0 2236
338.42 -1559.4 342.08 451.93 0.0 4493.0 434.0 2236
338.45 -1572.5 336.9 451.93 0.0 6106.0 65227.0 2236
338.49 -1587.07 338.42 451.93 0.0 7470.0 382.0 2236
338.56 -1626.54 350.85 451.93 0.0 9370.0 405.0 2236
338.64 -1656.71 370.74 451.93 0.0 9766.0 59.0 2236
338.7 -1674.07 395.11 451.93 0.0 9766.0 65458.0 2236
338.77 -1681.15 426.72 451.93 0.0 9766.0 65285.0 2236
338.81 -1681.53 443.1 451.93 0.0 9766.0 65264.0 2236
338.88 -1685.71 477.45 451.93 0.0 9766.0 65451.0 2236
338.95 -1689.45 509.09 451.93 0.0 9766.0 65502.0 2236
339.02 -1692.27 538.92 451.93 0.0 9766.0 0.0 2236
339.08 -1696.47 566.67 451.93 0.0 9766.0 0.0 2236
339.15 -1700.9 595.86 451.93 0.0 9766.0 0.0 2236
339.19 -1694.42 606.56 451.93 0.0 9766.0 65141.0 2236
339.23 -1684.69 619.62 451.93 0.0 9766.0 65130.0 2236
339.29 -1667.13 644.2 451.93 0.0 9766.0 65277.0 2236
339.35 -1647.29 670.14 451.93 0.0 9766.0 65418.0 2236
339.42 -1628.07 696.1 451.93 0.0 10535.0 0.0 2238
339.48 -1614.0 716.19 451.93 0.0 10535.0 33.0 2238
339.55 -1595.96 744.87 451.93 0.0 10535.0 0.0 2238
339.61 -1582.07 767.01 451.93 0.0 10535.0 0.0 2238
339.68 -1566.62 791.6 451.93 0.0 10535.0 0.0 2238
339.76 -1546.01 824.38 451.93 0.0 10535.0 0.0 2238
339.82 -1533.15 844.88 451.93 0.0 10535.0 0.0 2238
339.88 -1519.24 867.0 451.93 0.0 10535.0 0.0 2238
339.95 -1503.79 891.59 451.93 0.0 10535.0 0.0 2238
340.01 -1488.34 916.18 451.93 0.0 10535.0 0.0 2238
340.07 -1475.2 937.08 451.93 0.0 10535.0 0.0 2237
340.13 -1460.01 961.26 451.93 0.0 10535.0 0.0 2237
340.2 -1461.2 989.68 451.93 0.0 10535.0 315.0 2237
340.25 -1467.16 1015.4 451.93 0.0 10535.0 257.0 2237
340.31 -1474.36 1042.15 451.93 0.0 10535.0 110.0 2237
340.37 -1483.0 1066.69 451.93 0.0 10535.0 48.0 2237
340.43 -1488.49 1090.76 451.93 0.0 10535.0 18.0 2237
340.5 -1483.31 1122.39 451.93 0.0 10535.0 65141.0 2237
340.55 -1471.15 1145.17 451.93 0.0 10535.0 65231.0 2237
340.62 -1456.15 1168.23 451.93 0.0 10535.0 65326.0 2237
340.67 -1441.32 1190.11 451.93 0.0 10535.0 65445.0 2237
340.73 -1426.07 1210.62 451.93 0.0 10535.0 65492.0 2237
340.79 -1412.43 1232.35 451.93 0.0 10535.0 0.0 2237
340.85 -1399.81 1252.43 451.93 0.0 10535.0 0.0 2142
340.91 -1385.65 1274.97 451.93 0.0 10535.0 0.0 2142
340.96 -1372.0 1296.69 451.93 0.0 10535.0 0.0 2142
341.02 -1359.9 1315.95 451.93 0.0 10535.0 0.0 2142
341.06 -1353.2 1326.61 451.93 0.0 10535.0 0.0 2142
341.11 -1338.91 1349.35 451.93 0.0 10535.0 0.0 2142
341.17 -1324.62 1372.09 451.93 0.0 10216.0 0.0 2142
341.22 -1312.24 1390.02 451.93 0.0 9719.0 65472.0 2142
341.28 -1294.56 1413.99 451.93 0.0 9179.0 65450.0 2142
341.34 -1277.46 1433.53 451.93 0.0 8398.0 65410.0 2142
341.41 -1255.23 1455.9 451.8 0.0 7711.0 65363.0 2142
341.47 -1235.28 1473.62 451.8 0.0 7457.0 65421.0 2142
341.54 -1212.14 1493.53 451.8 0.0 7267.0 65472.0 2142
341.61 -1184.62 1516.46 451.8 0.0 7140.0 65487.0 2142
341.68 -1163.76 1533.02 451.8 0.0 6599.0 65482.0 2143
341.74 -1140.26 1549.34 451.8 0.0 5539.0 65415.0 2143
341.82 -1109.13 1566.72 451.8 0.0 3834.0 65274.0 2142
341.89 -1084.59 1589.63 451.8 0.0 2262.0 394.0 2143
341.93 -1079.75 1597.78 451.8 0.0 1558.0 394.0 2143
342.0 -1059.5 1624.51 451.8 0.0 754.0 0.0 2143
342.04 -1052.42 1633.79 451.8 0.0 691.0 65506.0 2143
342.11 -1029.47 1660.68 451.8 0.0 691.0 0.0 2143
342.15 -1020.61 1670.95 451.8 0.0 691.0 0.0 2143
342.19 -1009.79 1683.36 451.8 0.0 691.0 0.0 2143
342.24 -993.21 1702.29 451.8 0.0 691.0 0.0 2143
342.29 -974.17 1707.73 451.8 0.0 691.0 65074.0 2143
342.33 -955.86 1709.35 451.8 0.0 691.0 65107.0 2143
342.37 -938.67 1709.95 451.8 0.0 691.0 65130.0 2143
342.41 -918.39 1710.78 451.8 0.0 691.0 65264.0 2143
342.45 -901.81 1710.02 451.8 0.0 691.0 65401.0 2143
342.5 -879.6 1711.64 451.8 0.0 691.0 65449.0 2142
342.54 -859.8 1712.97 451.8 0.0 691.0 65490.0 2142
342.59 -839.99 1702.59 451.8 0.0 818.0 65051.0 2142
342.63 -826.1 1691.33 451.8 0.0 1737.0 65119.0 2142
342.72 -786.42 1666.38 451.8 0.0 4509.0 55.0 2142
342.78 -762.0 1656.36 451.8 0.0 6002.0 141.0 2142
342.84 -735.05 1651.42 451.8 0.0 7058.0 145.0 2142
342.9 -711.65 1649.68 451.8 0.0 8197.0 138.0 2147
342.95 -688.3 1656.68 451.8 0.0 8836.0 304.0 2147
343.01 -666.61 1675.49 451.8 0.0 9226.0 304.0 2147
343.07 -649.23 1696.69 451.8 0.0 9543.0 304.0 2147
343.13 -634.07 1717.91 451.8 0.0 9916.0 183.0 2147
343.18 -621.59 1737.05 451.8 0.0 10306.0 134.0 2147
343.23 -603.8 1752.39 451.8 0.0 10432.0 65254.0 2147
343.29 -583.3 1760.29 451.8 0.0 10495.0 65276.0 2147
343.34 -560.92 1766.04 451.8 0.0 10621.0 65364.0 2147
343.39 -538.73 1769.32 451.8 0.0 10748.0 65458.0 2147
343.44 -517.2 1775.0 451.8 0.0 11168.0 0.0 2147
343.49 -501.07 1791.74 451.8 0.0 11644.0 259.0 2147
343.54 -487.86 1813.79 451.8 0.0 11707.0 281.0 2147
343.6 -477.04 1836.34 451.8 0.0 11953.0 222.0 2147
343.65 -467.3 1858.8 451.8 0.0 11953.0 132.0 2147
343.71 -458.41 1882.79 451.8 0.0 11953.0 60.0 2147
343.76 -449.2 1903.07 451.8 0.0 11953.0 28.0 2147
343.81 -438.39 1926.86 451.8 0.0 11953.0 0.0 2147
343.87 -429.8 1945.82 451.8 0.0 11953.0 0.0 2147
343.93 -417.62 1972.72 451.8 0.0 11953.0 0.0 2147
343.98 -408.04 1992.59 454.38 0.0 11953.0 0.0 2147
344.03 -399.06 2010.1 463.08 0.0 11953.0 0.0 2147
344.09 -388.99 2030.89 473.58 0.0 11953.0 0.0 2147
344.14 -386.0 2052.24 484.38 0.0 11953.0 270.0 2147
344.19 -390.8 2073.95 495.29 0.0 11953.0 259.0 2251
344.24 -399.0 2097.19 506.98 0.0 11953.0 212.0 2251
344.3 -408.0 2120.54 518.68 0.0 11635.0 81.0 2251
344.35 -416.13 2143.11 529.98 0.0 11101.0 0.0 2251
344.41 -423.22 2165.84 541.39 0.0 10655.0 65508.0 2251
344.46 -429.16 2189.44 553.28 0.0 9679.0 65479.0 2251
344.52 -432.66 2212.78 565.0 0.0 8544.0 65433.0 2251
344.57 -433.58 2234.59 575.9 0.0 7475.0 65425.0 2251
344.62 -431.82 2259.78 588.67 0.0 6233.0 65400.0 2251
344.68 -427.34 2283.94 600.75 0.0 5379.0 65406.0 2251
344.73 -420.54 2311.22 605.37 0.0 4281.0 65407.0 2251
344.79 -409.81 2339.91 608.61 0.0 3474.0 65406.0 2251
344.85 -398.45 2363.37 610.23 0.0 2824.0 65431.0 2251
344.92 -382.77 2390.71 611.04 0.0 2350.0 65431.0 2251
344.97 -368.92 2410.23 611.85 0.0 2350.0 65480.0 2251
345.04 -354.43 2434.28 636.0 0.0 2350.0 65510.0 2251
345.1 -340.85 2456.61 653.76 0.0 2350.0 65513.0 2251
345.15 -328.57 2475.2 662.32 0.0 2350.0 65254.0 2251
345.21 -313.05 2495.1 669.39 0.0 2350.0 65243.0 2250
345.27 -295.45 2515.17 673.55 0.0 2350.0 65231.0 2250
345.32 -277.41 2533.52 674.15 0.0 2350.0 65231.0 2250
345.38 -258.5 2550.97 671.52 0.0 2350.0 65231.0 2250
345.44 -240.29 2566.3 666.1 0.0 2350.0 65243.0 2250
345.5 -218.12 2581.34 656.98 0.0 2350.0 65243.0 2250
345.55 -197.2 2592.93 645.7 0.0 2350.0 65254.0 2250
345.61 -184.01 2602.95 648.74 0.0 2350.0 65254.0 2250
345.67 -157.32 2599.15 660.18 0.0 1473.0 65243.0 2250
345.72 -133.3 2584.83 672.06 0.0 261.0 65243.0 2250
345.78 -112.51 2566.16 682.2 0.0 65032.0 65243.0 2250
345.84 -93.66 2545.55 691.45 0.0 64905.0 65346.0 2250
345.9 -76.02 2525.02 700.17 0.0 64905.0 65454.0 2250
345.95 -59.67 2505.98 708.26 0.0 64905.0 65496.0 2259
346.02 -40.5 2483.31 717.93 0.0 64905.0 0.0 2259
346.08 -22.04 2461.95 727.13 0.0 64905.0 0.0 2259
346.14 -5.74 2443.64 735.2 0.0 64905.0 0.0 2259
346.2 15.78 2429.88 746.37 0.0 64968.0 292.0 2259
346.26 41.74 2433.72 759.73 0.0 65415.0 315.0 2259
346.31 68.73 2449.98 764.35 0.0 65415.0 304.0 2259
346.37 91.58 2470.25 768.1 0.0 65415.0 304.0 2259
346.43 111.69 2490.56 769.97 0.0 65415.0 130.0 2259
346.5 134.41 2513.8 770.91 0.0 65415.0 65.0 2259
346.56 156.08 2536.74 771.85 0.0 64579.0 0.0 2259
346.64 188.26 2547.54 771.85 0.0 63544.0 65164.0 2259
346.7 218.31 2542.48 771.85 0.0 61382.0 65186.0 2259
346.75 232.18 2534.68 771.85 0.0 60057.0 65096.0 2259
346.82 263.75 2515.22 771.85 0.0 57958.0 65175.0 2259
346.86 268.41 2495.41 771.85 0.0 56579.0 65085.0 2259
346.9 268.05 2474.12 771.85 0.0 55067.0 65096.0 2259
346.95 263.55 2449.48 771.85 0.0 53496.0 65040.0 2259
347.01 253.66 2422.72 771.85 0.0 52453.0 64972.0 2259
347.05 243.8 2404.86 771.85 0.0 52076.0 65074.0 2259
347.09 234.32 2389.38 771.85 0.0 52076.0 65242.0 2259
347.14 221.91 2372.02 771.85 0.0 52076.0 65369.0 2259
347.18 213.74 2357.17 771.85 0.0 52076.0 65455.0 2259
347.23 202.58 2336.79 771.85 0.0 52076.0 65487.0 2259
347.27 193.91 2321.12 771.85 0.0 52076.0 0.0 2259
347.33 180.38 2296.53 771.85 0.0 52907.0 0.0 2259
347.38 183.23 2275.18 771.85 0.0 54368.0 484.0 2259
347.42 191.14 2258.09 771.85 0.0 55098.0 428.0 2259
347.47 204.27 2236.65 770.21 0.0 55161.0 518.0 2259
347.52 225.49 2226.48 769.38 0.0 55161.0 473.0 2259
347.57 256.63 2218.87 768.97 0.0 55161.0 608.0 2259
347.62 274.46 2216.84 768.77 0.0 55161.0 329.0 2259
347.66 291.8 2214.41 768.67 0.0 55161.0 170.0 2259
347.7 309.41 2212.97 770.71 0.0 55161.0 94.0 2259
347.74 331.64 2208.12 771.85 0.0 55161.0 57.0 2259
347.79 345.52 2195.06 771.85 0.0 55161.0 65096.0 2259
347.83 356.61 2179.78 771.85 0.0 55161.0 65107.0 2259
347.87 367.58 2162.64 771.85 0.0 55161.0 65085.0 2216
347.92 379.16 2146.54 791.99 0.0 55161.0 65275.0 2216
347.97 394.18 2126.97 808.89 0.0 55161.0 65252.0 2216
348.02 410.49 2105.94 821.69 0.0 55161.0 65253.0 2249
348.07 420.79 2092.49 827.52 0.0 55161.0 65336.0 2249
348.11 431.54 2078.16 830.93 0.0 55161.0 65345.0 2249
348.16 446.24 2058.94 833.66 0.0 55161.0 65337.0 2268
348.21 458.18 2043.09 833.46 0.0 55161.0 65360.0 2268
348.25 468.89 2028.73 831.57 0.0 55161.0 65383.0 2268
348.3 481.29 2012.02 854.78 0.0 55161.0 65387.0 2268
348.35 494.75 1993.67 872.48 0.0 55161.0 65388.0 2268
348.4 507.52 1976.02 886.24 0.0 55161.0 65402.0 2268
348.44 517.13 1962.66 892.15 0.0 55161.0 65426.0 2268
348.49 530.93 1943.38 898.91 0.0 55161.0 65421.0 2268
348.54 542.7 1926.8 902.26 0.0 54906.0 65432.0 2268
348.58 554.65 1909.75 903.63 0.0 54270.0 65386.0 2268
348.64 569.14 1888.58 902.66 0.0 53501.0 65236.0 2268
348.69 582.95 1867.53 898.42 0.0 52392.0 65075.0 2268
348.75 598.7 1841.98 889.54 0.0 51031.0 64905.0 2268
348.81 609.52 1822.5 879.52 0.0 49846.0 64961.0 2268
348.88 625.41 1791.47 860.56 0.0 48043.0 64803.0 2268
348.94 634.95 1768.1 841.46 0.0 46881.0 64916.0 2268
349.0 642.9 1745.72 821.27 0.0 45920.0 64950.0 2253
349.06 651.39 1718.18 794.19 0.0 45537.0 64893.0 2253
349.12 656.19 1695.6 767.93 0.0 45474.0 64961.0 2253
349.17 658.54 1671.75 771.18 0.0 45474.0 65062.0 2253
349.22 642.17 1656.77 771.52 0.0 45474.0 65040.0 2253
349.28 614.21 1642.45 770.04 0.0 45474.0 64939.0 2253
349.34 585.64 1631.26 769.3 0.0 45474.0 64964.0 2253
349.39 566.61 1624.71 768.93 0.0 45474.0 65361.0 2253
349.44 544.45 1617.92 768.56 0.0 45474.0 65444.0 2253
349.49 523.34 1608.2 768.56 0.0 46113.0 65494.0 2253
349.54 500.77 1595.98 768.56 0.0 46791.0 75.0 2253
349.59 484.44 1585.49 768.56 0.0 47846.0 112.0 2253
349.65 464.09 1569.66 768.56 0.0 49116.0 182.0 2253
349.71 443.54 1550.38 768.56 0.0 50221.0 256.0 2253
349.76 441.8 1525.2 768.56 0.0 51109.0 540.0 2253
349.8 453.56 1510.3 768.56 0.0 51364.0 405.0 2253
349.85 474.3 1492.64 768.56 0.0 51364.0 495.0 2253
349.9 494.91 1479.51 768.56 0.0 51364.0 484.0 2253
349.95 516.51 1466.75 768.56 0.0 51364.0 369.0 2253
350.02 548.08 1447.77 769.64 0.0 51364.0 215.0 2253
350.07 557.07 1425.63 770.74 0.0 51364.0 64984.0 2253
350.12 561.38 1403.69 771.3 0.0 51364.0 65017.0 2253
350.18 566.47 1374.31 771.57 0.0 51364.0 65101.0 2253
350.24 570.11 1351.16 771.71 0.0 51364.0 65381.0 2253
350.29 573.02 1327.82 771.85 0.0 51364.0 65465.0 2253
350.34 577.98 1304.63 771.48 0.0 51364.0 0.0 2253
350.4 582.76 1282.39 771.48 0.0 51364.0 0.0 2253
350.47 590.41 1246.91 771.48 0.0 51364.0 0.0 2208
350.52 594.52 1227.74 771.48 0.0 51364.0 0.0 2206
350.57 599.24 1205.74 771.48 0.0 51364.0 0.0 2206
350.63 604.23 1182.55 771.48 0.0 51364.0 0.0 2206
350.68 608.41 1163.15 771.85 0.0 51364.0 0.0 2206
350.73 612.79 1142.81 771.85 0.0 51364.0 0.0 2206
350.78 602.44 1117.83 771.85 0.0 51364.0 64972.0 2161
350.83 589.5 1098.25 771.85 0.0 51364.0 65017.0 2161
350.88 575.25 1078.25 771.85 0.0 51364.0 65224.0 2161
350.95 556.18 1050.84 771.85 0.0 51364.0 65370.0 2161
351.01 539.38 1028.85 771.48 0.0 51364.0 65483.0 2161
351.07 542.08 1002.62 771.48 0.0 51364.0 585.0 2161
351.12 548.3 980.43 771.48 0.0 51364.0 529.0 2161
351.18 555.91 953.27 771.48 0.0 51364.0 399.0 2161
351.25 565.0 918.51 771.48 0.0 51364.0 192.0 2161
351.33 574.02 882.03 771.48 0.0 51364.0 0.0 2161
351.39 561.09 858.88 771.48 0.0 51364.0 64916.0 2161
351.45 544.65 837.62 771.48 0.0 51364.0 64927.0 2161
351.51 530.19 819.62 771.48 0.0 51364.0 65301.0 2161
351.57 511.38 793.56 771.67 0.0 51173.0 65411.0 2161
351.63 496.74 776.33 771.85 0.0 49021.0 65453.0 2192
351.69 475.53 756.61 771.85 0.0 46739.0 64997.0 2192
351.75 451.83 740.92 771.85 0.0 45162.0 64893.0 2192
351.8 441.27 721.93 771.85 0.0 43792.0 540.0 2192
351.86 428.76 698.08 771.85 0.0 42068.0 276.0 2192
351.92 416.2 680.07 771.85 0.0 40791.0 65251.0 2192
351.98 395.43 658.95 771.67 0.0 40408.0 65061.0 2192
352.03 378.6 646.1 771.48 0.0 40408.0 65288.0 2192
352.09 361.98 631.27 771.48 0.0 40408.0 65423.0 2192
352.14 344.32 615.43 771.48 0.0 40408.0 65481.0 2192
352.19 329.2 601.85 771.28 0.0 40408.0 0.0 2192
352.25 323.07 571.85 771.28 0.0 41239.0 619.0 2192
352.3 324.11 550.97 771.28 0.0 43169.0 484.0 2192
352.36 330.83 519.74 771.28 0.0 46520.0 642.0 2192
352.42 344.74 495.97 771.28 0.0 49577.0 585.0 2192
352.46 359.42 482.73 771.28 0.0 51172.0 461.0 2192
352.51 376.64 471.29 771.28 0.0 51708.0 461.0 2192
352.55 392.83 462.37 771.28 0.0 51708.0 428.0 2192
352.59 407.92 454.28 771.28 0.0 51708.0 220.0 2192
352.64 429.24 442.1 771.28 0.0 51708.0 149.0 2192
352.68 446.13 433.75 771.28 0.0 51708.0 62.0 2192
352.72 461.06 424.76 771.28 0.0 51708.0 31.0 2192
352.77 480.13 413.28 771.28 0.0 51708.0 0.0 2192
352.81 489.65 395.01 771.28 0.0 51708.0 65074.0 2192
352.86 495.58 374.95 771.28 0.0 51708.0 65074.0 2192
352.9 499.56 356.92 771.28 0.0 51708.0 65117.0 2192
352.94 501.68 338.23 771.28 0.0 51708.0 65300.0 2192
352.98 506.29 320.4 771.28 0.0 51708.0 65404.0 2192
353.03 510.59 303.51 771.28 0.0 51708.0 65463.0 2192
353.08 517.02 278.43 771.28 0.0 51708.0 0.0 2192
353.13 522.03 257.98 771.28 0.0 51708.0 0.0 2192
353.17 527.67 235.87 792.75 0.0 51708.0 0.0 2192
353.21 532.09 218.5 805.57 0.0 51708.0 65526.0 2192
353.26 538.22 194.4 817.68 0.0 51708.0 65525.0 2192
353.31 543.31 174.35 825.04 0.0 51708.0 65527.0 2192
353.35 548.06 155.65 829.2 0.0 51708.0 65528.0 2192
353.39 552.54 137.97 831.68 0.0 51261.0 65528.0 2192
353.43 556.45 122.29 832.65 0.0 50180.0 65454.0 2163
353.47 561.52 100.99 832.55 0.0 49099.0 65253.0 2163
353.52 567.29 74.5 829.73 0.0 48358.0 65029.0 2163
353.6 575.15 32.2 819.5 0.0 47859.0 65119.0 2163
353.64 577.37 17.63 813.86 0.0 47859.0 65107.0 2163
353.68 579.37 2.83 806.92 0.0 47859.0 65141.0 2163
353.72 581.62 -17.21 795.19 0.0 47859.0 65085.0 2163
353.77 583.88 -37.95 782.47 0.0 47859.0 65085.0 2163
353.81 585.83 -58.73 767.91 0.0 47859.0 65085.0 2163
353.85 587.5 -79.53 766.44 0.0 47859.0 65085.0 2163
353.93 584.71 -122.08 768.87 0.0 47859.0 65240.0 2163
353.98 582.71 -135.56 770.36 0.0 47859.0 65383.0 2163
354.02 580.27 -152.87 771.1 0.0 47859.0 65446.0 2163
354.06 577.41 -170.12 771.85 0.0 47859.0 65488.0 2163
354.11 575.03 -189.34 771.85 0.0 47859.0 0.0 2283
354.16 572.28 -211.43 771.85 0.0 47859.0 0.0 2283
354.2 570.3 -227.28 771.85 0.0 47859.0 0.0 2283
354.24 568.26 -243.61 771.85 0.0 47859.0 0.0 2283
354.28 575.4 -261.87 771.67 0.0 47859.0 428.0 2283
354.35 597.91 -293.45 771.58 0.0 47859.0 720.0 2283
354.39 607.68 -303.62 771.53 0.0 47859.0 202.0 2283
354.43 621.36 -317.0 771.48 0.0 46708.0 116.0 2283
354.48 632.61 -335.1 771.48 0.0 44822.0 65463.0 2283
354.52 638.3 -349.72 771.48 0.0 42828.0 65367.0 2283
354.58 645.82 -378.47 771.48 0.0 40647.0 65259.0 2283
354.63 646.11 -405.18 771.67 0.0 39339.0 65195.0 2283
354.71 639.82 -442.54 771.76 0.0 39212.0 65066.0 2283
354.75 635.31 -459.87 771.8 0.0 39212.0 65400.0 2283
354.8 631.43 -476.63 771.83 0.0 39212.0 65469.0 2283
354.84 626.78 -495.22 771.85 0.0 39212.0 65497.0 2283
354.9 622.26 -522.43 771.85 0.0 39212.0 0.0 2283
354.95 618.38 -544.85 771.85 0.0 39212.0 0.0 2283
355.0 614.58 -567.28 771.48 0.0 39212.0 0.0 2283
355.05 611.11 -587.8 771.48 0.0 39212.0 0.0 2283
355.11 607.15 -611.18 771.48 0.0 39212.0 0.0 2283
355.15 604.17 -628.84 771.48 0.0 38765.0 0.0 2283
355.19 600.73 -644.94 771.48 0.0 38194.0 65482.0 2283
355.25 593.96 -671.95 771.48 0.0 37428.0 65416.0 2283
355.3 586.21 -692.69 771.48 0.0 36917.0 65388.0 2283
355.35 576.11 -717.39 771.48 0.0 36354.0 65383.0 2283
355.41 555.44 -729.5 771.67 0.0 35648.0 65006.0 2283
355.46 523.12 -720.2 771.76 0.0 34652.0 64939.0 2283
355.52 499.53 -704.34 771.8 0.0 33810.0 64995.0 2282
355.58 476.64 -684.21 771.83 0.0 33619.0 64939.0 2282
355.64 452.4 -661.1 771.66 0.0 33619.0 65159.0 2282
355.7 431.36 -640.9 771.57 0.0 33619.0 65412.0 2282
355.76 413.05 -621.96 771.48 0.0 34706.0 65495.0 2282
355.82 391.97 -608.07 771.48 0.0 35729.0 139.0 2282
355.87 373.32 -598.48 771.48 0.0 36690.0 181.0 2282
355.93 349.09 -588.23 771.85 0.0 37392.0 219.0 2282
356.01 314.25 -575.49 771.85 0.0 38285.0 240.0 2282
356.06 291.42 -569.87 771.85 0.0 39391.0 175.0 2282
356.12 266.4 -566.43 771.85 0.0 40642.0 213.0 2282
356.17 247.23 -566.3 771.85 0.0 41303.0 226.0 2282
356.22 226.15 -567.42 771.85 0.0 41776.0 204.0 2282
356.27 203.09 -571.4 771.85 0.0 42031.0 176.0 2282
356.32 182.36 -573.64 771.85 0.0 42350.0 117.0 2282
356.36 165.55 -575.96 771.85 0.0 42413.0 95.0 2282
356.41 145.4 -578.71 771.85 0.0 42413.0 62.0 2275
356.45 131.5 -580.66 771.85 0.0 42413.0 29.0 2275
356.52 91.69 -586.08 771.85 0.0 42413.0 0.0 2275
356.6 54.31 -591.31 771.85 0.0 42413.0 0.0 2275
356.64 42.81 -592.95 771.85 0.0 42413.0 0.0 2275
356.69 17.89 -596.48 771.85 0.0 42413.0 0.0 2275
356.74 -3.2 -599.44 771.85 0.0 42413.0 0.0 2275
356.8 -27.65 -602.86 771.85 0.0 42413.0 0.0 2275
356.85 -46.34 -605.48 771.85 0.0 42413.0 0.0 2275
356.89 -61.68 -607.63 771.85 0.0 42413.0 0.0 2275
356.93 -79.89 -610.18 771.85 0.0 42413.0 0.0 2275
357.01 -125.43 -616.56 771.85 0.0 42413.0 0.0 2275
357.06 -142.69 -618.98 771.85 0.0 42413.0 0.0 2275
357.1 -156.59 -620.93 771.85 0.0 42413.0 0.0 2275
357.14 -173.36 -623.28 771.85 0.0 42413.0 0.0 2275
357.22 -211.47 -628.62 771.85 0.0 42413.0 0.0 2275
357.26 -225.49 -630.58 771.85 0.0 42413.0 0.0 2275
357.31 -244.72 -648.26 771.85 0.0 42413.0 551.0 2275
357.36 -256.41 -664.31 771.85 0.0 42413.0 461.0 2275
357.4 -268.33 -678.25 791.54 0.0 42413.0 372.0 2275
357.45 -283.61 -694.38 807.5 0.0 42413.0 391.0 2275
357.49 -295.87 -708.07 818.46 0.0 42413.0 331.0 2175
357.54 -312.24 -724.56 826.29 0.0 42413.0 339.0 2175
357.58 -323.69 -736.39 829.85 0.0 42413.0 279.0 2175
357.62 -336.07 -749.33 832.44 0.0 42413.0 254.0 2175
357.67 -352.0 -766.25 833.74 0.0 42413.0 268.0 2175
357.71 -361.53 -776.56 832.79 0.0 42413.0 209.0 2175
357.76 -377.22 -793.7 829.87 0.0 42413.0 228.0 2175
357.8 -386.29 -803.77 826.49 0.0 42540.0 177.0 2175
357.84 -398.86 -817.86 820.78 0.0 43027.0 198.0 2175
357.87 -409.37 -829.9 814.43 0.0 43282.0 258.0 2175
357.92 -421.65 -844.24 805.5 0.0 43560.0 301.0 2175
357.95 -431.27 -855.77 796.96 0.0 43687.0 306.0 2175
357.99 -443.54 -870.75 784.59 0.0 43942.0 334.0 2175
358.03 -454.7 -884.76 771.4 0.0 44133.0 358.0 2175
358.07 -463.9 -896.63 766.62 0.0 44133.0 342.0 2175
358.11 -474.31 -912.01 768.81 0.0 44133.0 231.0 2175
358.16 -485.86 -932.38 770.33 0.0 44133.0 289.0 2175
358.2 -491.62 -944.93 771.85 0.0 44133.0 117.0 2175
358.27 -509.38 -977.97 771.85 0.0 44133.0 40.0 2175
358.34 -524.83 -1007.44 771.85 0.0 44133.0 0.0 2175
358.4 -520.83 -1039.06 771.85 0.0 44133.0 337.0 2175
358.47 -511.11 -1069.54 771.85 0.0 44133.0 266.0 2175
358.54 -499.94 -1102.98 771.85 0.0 42902.0 46.0 2175
358.61 -493.07 -1132.39 771.85 0.0 41049.0 65421.0 2175
358.65 -492.95 -1143.61 771.85 0.0 39973.0 65374.0 2175
358.69 -501.63 -1155.58 771.85 0.0 39313.0 65153.0 2175
358.76 -533.87 -1184.68 771.85 0.0 39067.0 65119.0 2195
358.84 -564.09 -1204.83 771.85 0.0 39067.0 65283.0 2195
358.93 -605.05 -1231.3 771.85 0.0 39067.0 65397.0 2195
358.97 -613.72 -1235.66 771.85 0.0 39067.0 65492.0 2195
359.03 -638.41 -1250.92 771.85 0.0 39067.0 0.0 2195
359.1 -665.9 -1269.88 771.85 0.0 39067.0 0.0 2195
359.16 -684.43 -1282.65 771.85 0.0 39067.0 0.0 2195
359.22 -706.95 -1298.16 771.85 0.0 39067.0 0.0 2195
359.29 -732.85 -1316.02 771.85 0.0 39067.0 0.0 2281
359.35 -754.17 -1330.72 795.79 0.0 39067.0 65535.0 2281
359.41 -776.83 -1346.34 814.32 0.0 39067.0 0.0 2281
359.48 -800.22 -1362.47 824.58 0.0 39067.0 65535.0 2281
359.54 -824.45 -1379.18 831.47 0.0 39067.0 65535.0 2281
359.6 -847.42 -1395.02 834.3 0.0 39067.0 65535.0 2281
359.66 -869.98 -1410.57 833.7 0.0 39067.0 0.0 2168
359.72 -894.63 -1427.57 829.41 0.0 39067.0 65535.0 2168
359.79 -917.6 -1443.41 821.62 0.0 39067.0 0.0 2168
359.85 -940.99 -1459.54 810.19 0.0 39067.0 0.0 2168
359.91 -963.55 -1475.1 795.68 0.0 39067.0 65535.0 2168
359.97 -984.86 -1489.79 778.84 0.0 39067.0 0.0 2168
360.03 -1008.67 -1506.21 767.25 0.0 38620.0 65535.0 2168
360.09 -1031.13 -1519.78 769.55 0.0 36435.0 65346.0 2168
360.16 -1061.96 -1530.04 770.7 0.0 33295.0 65175.0 2168
360.23 -1098.65 -1530.26 771.28 0.0 30499.0 65107.0 2168
360.31 -1136.24 -1519.85 771.56 0.0 28568.0 65085.0 2168
360.36 -1148.12 -1512.34 771.71 0.0 27557.0 65085.0 2168
360.4 -1160.45 -1504.05 771.78 0.0 26677.0 65119.0 2168
360.44 -1176.45 -1492.86 771.81 0.0 26007.0 65100.0 2168
360.5 -1197.34 -1476.7 771.83 0.0 25880.0 65105.0 2168
360.55 -1216.09 -1459.11 771.85 0.0 25880.0 65317.0 2168
360.6 -1229.41 -1448.62 771.85 0.0 25880.0 65447.0 2168
360.64 -1236.69 -1430.09 771.85 0.0 25880.0 65085.0 2168
360.71 -1244.17 -1409.46 771.85 0.0 25880.0 65164.0 2168
360.78 -1247.07 -1408.63 771.85 0.0 25880.0 0.0 2168
360.83 -1246.7 -1407.05 771.85 0.0 25880.0 0.0 2168
360.87 -1248.96 -1407.84 771.85 0.0 25880.0 0.0 2168
360.91 -1250.73 -1401.08 771.85 0.0 25880.0 0.0 2168
360.97 -1262.11 -1389.12 771.85 0.0 25880.0 0.0 2168
361.04 -1279.76 -1373.68 771.85 0.0 25880.0 75.0 2168
361.1 -1304.67 -1353.69 771.85 0.0 25880.0 40.0 2168
361.18 -1317.33 -1310.08 771.85 0.0 25880.0 65040.0 2168
361.26 -1321.3 -1275.24 771.85 0.0 25880.0 65337.0 2168
361.32 -1323.77 -1245.11 771.85 0.0 25880.0 65476.0 2168
361.39 -1344.32 -1222.62 771.85 0.0 25880.0 360.0 2228
361.44 -1357.5 -1214.33 771.85 0.0 25880.0 450.0 2228
361.5 -1382.17 -1196.14 771.85 0.0 25880.0 163.0 2228
361.56 -1386.91 -1200.89 771.85 0.0 25880.0 172.0 2228
361.63 -1390.42 -1203.01 771.85 0.0 25880.0 0.0 2228
361.72 -1392.61 -1206.11 771.85 0.0 25880.0 0.0 2228
361.78 -1393.91 -1207.38 771.85 0.0 25880.0 0.0 2228
361.83 -1394.7 -1208.16 771.85 0.0 25880.0 0.0 2228
361.9 -1406.54 -1207.16 771.85 0.0 25880.0 0.0 2228
361.96 -1428.81 -1208.89 771.85 0.0 25880.0 326.0 2228
362.03 -1461.71 -1212.56 771.85 0.0 25880.0 349.0 2228
362.11 -1489.08 -1187.73 771.85 0.0 25880.0 65040.0 2228
362.18 -1499.04 -1151.09 771.85 0.0 25880.0 65119.0 2228
362.22 -1499.04 -1135.59 771.85 0.0 25880.0 65107.0 2228
362.27 -1499.85 -1117.82 771.85 0.0 25880.0 65288.0 2228
362.31 -1501.05 -1100.22 771.85 0.0 25880.0 65408.0 2228
362.37 -1504.28 -1070.76 771.85 0.0 25880.0 65499.0 2228
362.44 -1508.38 -1035.12 771.85 0.0 25880.0 0.0 2228
362.5 -1511.1 -1008.08 771.85 0.0 25880.0 0.0 2228
362.56 -1514.72 -979.27 771.85 0.0 25880.0 0.0 2228
362.63 -1517.98 -953.34 771.85 0.0 25880.0 0.0 2228
362.69 -1521.6 -924.52 771.85 0.0 25880.0 0.0 2228
362.76 -1535.02 -897.87 771.85 0.0 25625.0 337.0 2228
362.83 -1556.62 -873.83 771.85 0.0 21009.0 132.0 2228
362.9 -1571.32 -840.71 771.85 0.0 17216.0 65085.0 2228
362.95 -1572.41 -827.05 771.85 0.0 16769.0 65085.0 2228
362.99 -1572.61 -808.78 771.85 0.0 17024.0 65063.0 2228
363.04 -1572.86 -790.15 771.85 0.0 17024.0 65344.0 2228
363.09 -1572.34 -769.5 771.85 0.0 17024.0 65430.0 2228
363.14 -1573.81 -745.82 771.85 0.0 17024.0 65479.0 2228
363.18 -1574.92 -727.47 771.85 0.0 17024.0 0.0 2228
363.23 -1576.23 -706.21 771.85 0.0 17024.0 0.0 2228
363.27 -1577.39 -687.37 771.85 0.0 17024.0 0.0 2228
363.32 -1578.43 -670.46 771.85 0.0 17024.0 0.0 2225
363.36 -1579.68 -650.17 771.85 0.0 17024.0 0.0 2225
363.41 -1581.05 -627.95 771.85 0.0 16705.0 0.0 2225
363.46 -1581.76 -605.21 771.85 0.0 15194.0 65467.0 2225
363.51 -1579.31 -584.4 771.85 0.0 12633.0 65207.0 2225
363.56 -1571.42 -558.2 771.85 0.0 8808.0 64950.0 2225
363.62 -1556.51 -538.95 771.85 0.0 5047.0 64995.0 2225
363.67 -1535.4 -526.18 771.85 0.0 3223.0 65006.0 2225
363.72 -1511.72 -518.48 771.85 0.0 2840.0 65006.0 2225
363.77 -1490.13 -513.62 771.85 0.0 2840.0 65040.0 2233
363.83 -1461.8 -506.96 771.85 0.0 2840.0 65211.0 2233
363.87 -1442.58 -502.77 771.85 0.0 2840.0 65424.0 2233
363.92 -1423.2 -499.1 771.85 0.0 2840.0 65479.0 2233
363.97 -1405.02 -494.02 771.85 0.0 2840.0 0.0 2233
364.02 -1381.25 -487.37 771.85 0.0 2840.0 0.0 2233
364.07 -1360.74 -481.64 771.85 0.0 2840.0 0.0 2233
364.12 -1334.16 -474.23 771.85 0.0 2840.0 0.0 2233
364.17 -1315.05 -468.89 771.85 0.0 2840.0 0.0 2233
364.22 -1293.61 -462.9 771.85 0.0 3287.0 0.0 2233
364.28 -1271.52 -455.68 771.85 0.0 4462.0 97.0 2233
364.33 -1246.37 -444.05 771.85 0.0 5632.0 326.0 2233
364.38 -1229.06 -432.97 771.85 0.0 7101.0 378.0 2232
364.44 -1220.41 -407.84 771.85 0.0 8817.0 551.0 2232
364.49 -1220.75 -385.19 771.85 0.0 9978.0 484.0 2232
364.53 -1224.56 -364.28 771.85 0.0 10169.0 461.0 2232
364.58 -1229.45 -343.21 771.85 0.0 10169.0 425.0 2232
364.62 -1234.13 -324.13 771.85 0.0 10169.0 198.0 2232
364.66 -1239.85 -306.18 771.85 0.0 10169.0 101.0 2232
364.71 -1243.17 -288.57 771.85 0.0 10169.0 53.0 2232
364.75 -1247.3 -266.69 771.85 0.0 10169.0 0.0 2232
364.8 -1250.76 -248.63 771.85 0.0 10169.0 0.0 2232
364.85 -1255.49 -223.91 771.85 0.0 10169.0 0.0 2232
364.89 -1258.41 -208.7 771.85 0.0 10169.0 0.0 2232
364.94 -1263.24 -183.51 771.85 0.0 10169.0 0.0 2232
364.98 -1265.79 -170.2 771.85 0.0 10169.0 0.0 2232
365.02 -1259.68 -152.45 771.85 0.0 10169.0 65107.0 2232
365.06 -1249.65 -135.2 771.85 0.0 10169.0 65096.0 2232
365.1 -1239.29 -120.19 771.85 0.0 10169.0 65119.0 2232
365.14 -1226.53 -105.36 771.85 0.0 9722.0 65272.0 2232
365.19 -1215.74 -90.41 771.85 0.0 8122.0 65310.0 2231
365.27 -1182.46 -58.45 771.85 0.0 5527.0 65051.0 2231
365.32 -1165.93 -48.58 771.85 0.0 4783.0 65029.0 2231
365.38 -1139.97 -36.16 771.85 0.0 4464.0 65018.0 2231
365.43 -1119.36 -27.76 771.85 0.0 4464.0 65282.0 2231
365.48 -1101.62 -20.57 771.85 0.0 4464.0 65428.0 2231
365.54 -1077.49 -11.02 771.85 0.0 4464.0 65473.0 2231
365.59 -1054.58 -0.6 771.85 0.0 4464.0 0.0 2231
365.65 -1032.11 9.63 771.85 0.0 4464.0 0.0 2231
365.7 -1014.06 17.86 771.85 0.0 4464.0 0.0 2231
365.76 -986.76 30.31 771.85 0.0 4464.0 0.0 2231
365.81 -970.02 37.94 771.85 0.0 4464.0 0.0 2231
365.85 -953.29 45.57 771.85 0.0 4464.0 0.0 2231
365.9 -935.67 53.61 771.85 0.0 4464.0 0.0 2231
365.95 -916.74 62.25 771.85 0.0 4464.0 0.0 2231
365.99 -902.65 68.67 771.85 0.0 4464.0 0.0 2231
366.03 -885.47 76.51 771.85 0.0 4655.0 0.0 2155
366.07 -866.24 85.65 771.85 0.0 5521.0 0.0 2155
366.12 -849.87 95.12 771.85 0.0 6607.0 185.0 2155
366.16 -835.64 105.34 771.85 0.0 7639.0 292.0 2155
366.2 -823.09 116.17 771.85 0.0 8385.0 335.0 2155
366.24 -811.99 127.1 771.85 0.0 8833.0 310.0 2155
366.27 -800.69 139.15 771.85 0.0 9088.0 261.0 2155
366.34 -776.56 165.97 771.85 0.0 9342.0 127.0 2155
366.41 -755.44 192.03 771.85 0.0 9596.0 85.0 2155
366.45 -747.76 202.43 771.85 0.0 9659.0 86.0 2155
366.49 -738.5 214.44 790.18 0.0 9659.0 61.0 2155
366.53 -727.54 228.4 804.26 0.0 9659.0 60.0 2155
366.6 -706.45 255.12 821.15 0.0 9659.0 42.0 2155
366.66 -686.5 280.49 831.18 0.0 9659.0 38.0 2152
366.73 -666.11 306.52 835.55 0.0 9659.0 36.0 2152
366.8 -646.99 331.1 832.99 0.0 9659.0 31.0 2152
366.87 -629.7 331.13 827.07 0.0 9659.0 0.0 2152
366.93 -611.81 334.36 817.03 0.0 9659.0 0.0 2152
366.97 -605.55 335.02 812.58 0.0 9659.0 65153.0 2152
367.04 -583.38 339.44 795.55 0.0 9659.0 65535.0 2152
367.1 -560.06 346.55 774.63 0.0 9659.0 0.0 2152
367.17 -533.37 357.01 747.77 0.0 9659.0 65535.0 2152
367.24 -507.11 369.94 717.98 0.0 9659.0 65535.0 2171
367.3 -479.11 384.68 683.2 0.0 9659.0 349.0 2171
367.37 -455.22 398.78 647.54 0.0 9659.0 326.0 2171
367.43 -431.87 413.73 608.21 0.0 9659.0 337.0 2308
367.5 -407.02 430.83 561.41 0.0 9659.0 315.0 2308
367.56 -384.28 447.54 513.43 0.0 8360.0 326.0 2308
367.63 -361.27 464.68 460.72 0.0 6923.0 177.0 2309
367.69 -338.9 481.05 449.31 0.0 5439.0 65476.0 2309
367.75 -316.88 493.18 451.85 0.0 3943.0 65294.0 2309
367.82 -286.2 504.51 451.85 0.0 2917.0 65267.0 2309
367.89 -253.6 512.8 451.85 0.0 2019.0 65300.0 2309
367.96 -222.32 517.68 451.85 0.0 1186.0 65325.0 2309
368.03 -194.69 520.03 451.85 0.0 676.0 65382.0 2309
368.07 -184.76 520.67 451.85 0.0 613.0 65382.0 2309
368.14 -149.84 522.93 451.85 0.0 613.0 65480.0 2309
368.21 -116.9 524.71 451.85 0.0 613.0 0.0 2309
368.28 -84.9 526.15 451.85 0.0 613.0 0.0 2309
368.35 -51.57 528.1 451.85 0.0 613.0 0.0 2309
368.39 -42.87 528.61 451.85 0.0 613.0 0.0 2309
368.43 -28.86 529.43 451.85 0.0 613.0 0.0 2309
368.49 4.97 531.42 451.85 0.0 613.0 0.0 2309
368.53 18.49 532.21 451.85 0.0 613.0 0.0 2309
368.6 53.52 534.27 451.85 0.0 613.0 0.0 2309
368.67 85.53 536.14 451.85 0.0 613.0 0.0 2309
368.73 111.75 537.68 451.85 0.0 613.0 0.0 2309
368.8 139.77 539.33 451.85 0.0 613.0 0.0 2309
368.86 169.24 541.06 451.85 0.0 613.0 0.0 2309
368.92 195.82 542.62 451.85 0.0 613.0 0.0 2309
368.99 225.25 545.02 451.85 0.0 1803.0 67.0 2217
369.06 255.22 551.2 451.85 0.0 2644.0 184.0 2217
369.12 283.61 559.81 451.85 0.0 4052.0 191.0 2217
369.19 311.47 572.92 451.85 0.0 5453.0 273.0 2217
369.23 321.2 578.5 451.85 0.0 5934.0 306.0 2217
369.29 345.66 593.96 451.85 0.0 6702.0 201.0 2217
369.35 368.67 613.56 451.85 0.0 7795.0 206.0 2217
369.42 387.81 632.32 451.85 0.0 8681.0 196.0 2217
369.48 415.39 646.59 451.85 0.0 9702.0 65209.0 2217
369.54 441.16 652.82 451.85 0.0 10777.0 65300.0 2217
369.61 471.01 659.01 451.85 0.0 12107.0 0.0 2217
369.67 491.5 667.88 451.85 0.0 12913.0 80.0 2217
369.73 517.16 680.56 451.85 0.0 13400.0 81.0 2217
369.79 539.2 692.82 451.85 0.0 13654.0 60.0 2217
369.85 563.42 707.05 451.85 0.0 14112.0 52.0 2217
369.91 586.8 722.67 451.85 0.0 14887.0 79.0 2217
369.97 606.34 737.87 451.85 0.0 15656.0 78.0 2217
370.04 630.08 759.39 451.85 0.0 16778.0 112.0 2217
370.1 645.25 777.24 451.85 0.0 17848.0 117.0 2217
370.16 661.28 799.3 451.85 0.0 18376.0 124.0 2217
370.22 676.21 821.42 451.85 0.0 18376.0 71.0 2217
370.28 691.67 844.28 451.85 0.0 18376.0 30.0 2217
370.34 705.7 865.19 451.85 0.0 18051.0 0.0 2161
370.4 719.31 884.01 451.85 0.0 18051.0 0.0 2206
370.46 736.59 907.95 451.85 0.0 18051.0 0.0 2206
370.52 751.34 928.35 451.85 0.0 18051.0 0.0 2206
370.57 764.38 946.39 451.85 0.0 18051.0 0.0 2206
370.63 771.35 969.15 451.85 0.0 18051.0 0.0 2206
370.69 772.25 986.75 451.85 0.0 18051.0 270.0 2206
370.74 772.65 1013.7 451.85 0.0 18051.0 235.0 2206
370.79 781.81 1033.8 451.85 0.0 18051.0 65276.0 2206
370.85 797.61 1058.03 451.85 0.0 18434.0 65281.0 2206
370.9 809.83 1075.23 451.85 0.0 18878.0 65481.0 2206
370.96 823.4 1095.0 451.85 0.0 20182.0 32.0 2206
371.01 833.66 1119.12 451.85 0.0 21454.0 106.0 2206
371.06 839.55 1139.24 451.85 0.0 22215.0 106.0 2206
371.12 844.88 1163.46 451.85 0.0 23554.0 111.0 2206
371.17 846.9 1188.27 451.85 0.0 24988.0 134.0 2206
371.23 839.61 1212.01 451.85 0.0 25789.0 292.0 2206
371.28 816.27 1220.5 451.85 0.0 25789.0 281.0 2206
371.34 787.86 1221.56 451.85 0.0 25789.0 281.0 2206
371.39 758.98 1218.77 451.85 0.0 25789.0 304.0 2206
371.45 734.11 1215.03 451.85 0.0 25789.0 113.0 2206
371.51 707.0 1211.24 451.85 0.0 24948.0 35.0 2206
371.56 684.84 1223.12 451.85 0.0 23605.0 65254.0 2206
371.62 666.47 1242.17 451.85 0.0 22804.0 65254.0 2206
371.67 652.16 1262.26 451.85 0.0 22497.0 65254.0 2208
371.73 637.55 1285.34 451.85 0.0 22070.0 65392.0 2208
371.78 627.38 1306.88 451.85 0.0 21760.0 65436.0 2208
371.84 613.23 1331.73 451.85 0.0 21570.0 65437.0 2218
371.9 603.09 1350.48 451.85 0.0 21570.0 65486.0 2218
371.95 590.81 1373.0 451.85 0.0 21570.0 0.0 2218
372.01 579.49 1393.84 451.85 0.0 21570.0 0.0 2218
372.06 567.55 1416.0 451.85 0.0 21507.0 0.0 2218
372.12 556.36 1436.91 451.8 0.0 21507.0 0.0 2218
372.18 543.58 1460.81 451.8 0.0 21507.0 0.0 2218
372.23 533.31 1480.02 451.8 0.0 21507.0 0.0 2218
372.29 521.67 1501.79 451.8 0.0 21507.0 0.0 2218
372.34 509.35 1524.84 451.8 0.0 21507.0 0.0 2218
372.4 497.49 1547.03 451.8 0.0 21507.0 0.0 2218
372.45 492.18 1556.96 451.8 0.0 21507.0 65535.0 2218
372.51 492.53 1556.31 451.8 0.0 21507.0 0.0 2218
372.56 493.76 1554.0 451.8 0.0 21507.0 0.0 2218
372.62 496.15 1549.53 449.8 0.0 21507.0 0.0 2218
372.69 496.15 1549.53 449.73 0.0 21507.0 0.0 2218
372.76 496.15 1549.53 449.8 0.0 21507.0 0.0 2218
372.82 496.15 1549.53 449.73 0.0 21507.0 0.0 2218
372.89 496.15 1549.53 449.8 0.0 21507.0 0.0 2218
372.96 496.15 1549.53 449.73 0.0 21507.0 0.0 2218
373.02 496.15 1549.53 449.8 0.0 21507.0 0.0 2218
