269.42 -156.69 409.06 1490.76 0.0 40287.0 0.0 2151
269.48 -156.69 409.06 1490.7 0.0 38050.0 0.0 2151
269.55 -156.69 409.06 1490.76 0.0 35349.0 0.0 2151
269.62 -156.69 409.06 1490.69 0.0 39800.0 0.0 2151
269.69 -156.69 409.06 1490.76 0.0 45245.0 0.0 2151
269.74 -151.82 412.49 1491.76 0.0 6464.0 0.0 2151
269.78 -143.3 418.55 1492.26 0.0 6591.0 0.0 2151
269.82 -132.32 426.5 1492.51 0.0 6718.0 65533.0 2151
269.86 -117.37 437.57 1492.64 0.0 6845.0 5.0 2151
269.9 -100.84 450.08 1492.7 0.0 6494.0 52.0 2151
269.95 -81.49 464.25 1492.73 0.0 5841.0 65494.0 2151
269.99 -66.98 473.52 1492.76 0.0 5021.0 65399.0 2151
270.04 -46.55 484.69 1492.76 0.0 3872.0 65284.0 2153
270.08 -32.89 489.98 1492.76 0.0 2778.0 65223.0 2153
270.11 -17.03 494.84 1492.76 0.0 1715.0 65176.0 2153
270.16 3.5 499.11 1492.76 0.0 826.0 65108.0 2153
270.2 26.3 501.41 1492.76 0.0 108.0 65100.0 2153
270.24 40.6 502.32 1492.76 0.0 65257.0 65232.0 2153
270.28 56.99 501.38 1492.76 0.0 64847.0 65276.0 2153
270.36 96.92 499.95 1490.92 0.0 64784.0 65384.0 2153
270.44 137.38 497.14 1476.95 0.0 64784.0 65475.0 2153
270.48 149.15 496.04 1463.36 0.0 64784.0 0.0 2153
270.51 162.51 494.92 1450.31 0.0 64784.0 0.0 2153
270.55 178.37 493.69 1437.35 0.0 64784.0 0.0 2153
270.62 214.54 491.04 1419.63 0.0 64784.0 0.0 2153
270.66 226.82 490.12 1404.69 0.0 64784.0 0.0 2153
270.7 242.62 488.96 1390.79 0.0 64784.0 0.0 2153
270.77 280.94 486.18 1372.06 0.0 64784.0 0.0 2153
270.81 292.85 485.32 1356.62 0.0 64784.0 0.0 2153
270.85 308.46 484.19 1342.48 0.0 64784.0 0.0 2162
270.92 345.96 481.48 1323.8 0.0 64784.0 0.0 2162
270.96 358.67 480.56 1308.21 0.0 64784.0 0.0 2162
271.03 391.58 478.18 1289.7 0.0 64784.0 0.0 2162
271.1 424.69 475.79 1269.19 0.0 64784.0 0.0 2162
271.13 435.45 475.01 1252.87 0.0 64784.0 0.0 2162
271.2 470.76 472.46 1233.28 0.0 64784.0 0.0 2162
271.24 482.14 471.64 1217.42 0.0 64784.0 0.0 2162
271.31 519.93 468.91 1185.71 0.0 64784.0 0.0 2162
271.36 535.45 467.79 1174.52 0.0 64784.0 0.0 2162
271.42 550.05 466.73 1163.21 0.0 335.0 219.0 2162
271.49 549.23 466.79 1157.56 0.0 4673.0 0.0 2162
271.56 546.71 466.98 1154.73 0.0 10219.0 0.0 2162
271.6 541.97 467.32 1149.9 0.0 12617.0 0.0 2162
271.64 543.38 473.59 1151.9 0.0 14743.0 0.0 2162
271.68 544.96 483.09 1151.9 0.0 15399.0 0.0 2162
271.72 546.53 497.28 1151.9 0.0 16048.0 65527.0 2162
271.8 548.0 539.09 1151.9 0.0 16783.0 80.0 2162
271.84 547.61 553.77 1151.9 0.0 16974.0 116.0 2166
271.88 546.37 566.51 1151.9 0.0 17037.0 111.0 2166
271.94 544.74 598.17 1151.9 0.0 17037.0 114.0 2166
272.02 542.37 636.7 1151.9 0.0 17037.0 0.0 2166
272.05 541.59 647.75 1151.9 0.0 17100.0 0.0 2166
272.12 539.12 683.94 1151.9 0.0 17163.0 0.0 2166
272.19 536.96 711.41 1151.9 0.0 17163.0 0.0 2166
272.26 534.48 741.11 1165.45 0.0 17163.0 0.0 2166
272.32 532.27 769.27 1177.11 0.0 17163.0 0.0 2166
272.39 530.17 796.77 1188.53 0.0 17163.0 0.0 2166
272.46 527.84 827.33 1201.36 0.0 17163.0 0.0 2166
272.52 525.81 854.6 1212.63 0.0 17163.0 0.0 2166
272.59 523.38 886.73 1226.17 0.0 17163.0 0.0 2166
272.66 521.64 915.31 1237.99 0.0 16844.0 65489.0 2166
272.72 520.42 942.15 1249.12 0.0 16844.0 0.0 2166
272.79 519.28 971.66 1254.43 0.0 16844.0 0.0 2166
272.85 518.03 1002.0 1262.05 0.0 16844.0 0.0 2164
272.91 516.94 1028.21 1268.54 0.0 16844.0 0.0 2164
272.98 515.68 1057.4 1275.88 0.0 16844.0 0.0 2164
273.04 514.62 1082.11 1281.98 0.0 16844.0 0.0 2164
273.1 513.36 1110.73 1289.2 0.0 16844.0 0.0 2164
273.14 512.82 1123.96 1292.24 0.0 16844.0 0.0 2164
273.2 511.49 1153.82 1299.95 0.0 16844.0 0.0 2164
273.26 510.35 1179.78 1306.39 0.0 16844.0 0.0 2164
273.32 509.15 1206.96 1313.21 0.0 16844.0 0.0 2164
273.38 507.64 1235.92 1320.48 0.0 17547.0 0.0 2164
273.44 518.45 1257.31 1325.67 0.0 18625.0 65243.0 2164
273.5 533.41 1283.45 1327.83 0.0 21210.0 65476.0 2164
273.56 543.25 1310.53 1329.99 0.0 24671.0 144.0 2164
273.63 542.34 1341.74 1329.99 0.0 28669.0 167.0 2164
273.71 525.27 1377.73 1330.92 0.0 32738.0 204.0 2164
273.76 509.56 1391.5 1331.39 0.0 34882.0 255.0 2164
273.82 478.7 1390.64 1331.62 0.0 35585.0 574.0 2164
273.86 455.54 1383.44 1331.73 0.0 35585.0 484.0 2164
273.92 427.4 1373.9 1331.79 0.0 35585.0 585.0 2164
274.02 378.41 1357.58 1331.82 0.0 35585.0 460.0 2164
274.08 350.33 1347.84 1331.84 0.0 35585.0 0.0 2164
274.16 313.46 1336.52 1331.84 0.0 35585.0 0.0 2182
274.23 290.38 1329.53 1331.85 0.0 35585.0 0.0 2182
274.28 272.77 1324.35 1331.85 0.0 35585.0 0.0 2182
274.33 250.99 1333.0 1331.85 0.0 35585.0 64995.0 2182
274.38 232.87 1344.25 1331.85 0.0 35585.0 65040.0 2182
274.47 192.95 1369.16 1331.85 0.0 35585.0 65048.0 2182
274.52 172.55 1382.86 1331.85 0.0 35585.0 65462.0 2182
274.6 144.75 1399.89 1331.85 0.0 35585.0 0.0 2182
274.67 113.7 1419.03 1331.85 0.0 35585.0 0.0 2182
274.75 74.48 1406.67 1331.85 0.0 35585.0 833.0 2182
274.82 43.71 1393.33 1331.85 0.0 35585.0 570.0 2182
274.88 22.23 1384.0 1331.85 0.0 35585.0 151.0 2182
274.94 1.29 1376.27 1331.85 0.0 35522.0 60.0 2182
275.0 -22.42 1367.64 1331.85 0.0 33904.0 0.0 2182
275.04 -35.66 1365.84 1331.85 0.0 33080.0 65257.0 2182
275.08 -51.23 1366.35 1331.85 0.0 32500.0 65216.0 2182
275.12 -73.58 1366.52 1331.85 0.0 32500.0 65222.0 2182
275.17 -93.93 1366.98 1331.85 0.0 32437.0 65372.0 2182
275.21 -112.32 1367.54 1331.85 0.0 32437.0 65442.0 2182
275.25 -128.78 1368.04 1331.85 0.0 32437.0 65488.0 2182
275.29 -145.71 1368.55 1331.85 0.0 32437.0 0.0 2182
275.34 -170.86 1369.32 1331.85 0.0 32437.0 0.0 2182
275.42 -211.74 1370.59 1331.85 0.0 32437.0 0.0 2278
275.47 -228.31 1371.12 1331.85 0.0 32437.0 0.0 2278
275.54 -267.8 1372.38 1331.85 0.0 32437.0 0.0 2278
275.6 -287.3 1373.01 1331.85 0.0 32437.0 0.0 2278
275.68 -326.58 1373.0 1331.85 0.0 34839.0 121.0 2278
275.72 -343.17 1369.77 1331.85 0.0 37236.0 411.0 2278
275.78 -364.47 1360.46 1331.85 0.0 39533.0 551.0 2278
275.83 -385.04 1345.0 1331.85 0.0 41471.0 574.0 2278
275.89 -387.16 1341.59 1331.85 0.0 43308.0 0.0 2278
275.95 -385.37 1341.39 1331.85 0.0 44790.0 0.0 2278
276.02 -389.99 1326.81 1331.85 0.0 45685.0 0.0 2278
276.1 -423.38 1307.2 1331.85 0.0 46004.0 64691.0 2278
276.17 -453.71 1291.42 1331.85 0.0 46451.0 64848.0 2278
276.24 -481.51 1275.89 1331.85 0.0 47026.0 0.0 2278
276.3 -490.2 1249.34 1331.85 0.0 47641.0 608.0 2278
276.36 -493.51 1215.16 1328.02 0.0 47896.0 698.0 2278
276.43 -494.4 1185.47 1319.15 0.0 47896.0 442.0 2278
276.49 -495.88 1155.84 1307.59 0.0 47896.0 169.0 2278
276.55 -497.71 1129.7 1295.17 0.0 47896.0 0.0 2273
276.61 -499.78 1106.28 1282.79 0.0 47896.0 0.0 2273
276.66 -502.17 1083.04 1270.54 0.0 47769.0 0.0 2273
276.72 -504.86 1060.87 1258.62 0.0 46796.0 0.0 2273
276.78 -511.49 1030.06 1245.47 0.0 46285.0 65262.0 2273
276.84 -519.04 1003.69 1232.27 0.0 45966.0 65311.0 2273
276.92 -529.83 970.85 1221.9 0.0 45250.0 65343.0 2273
276.97 -538.41 950.12 1216.71 0.0 44420.0 65318.0 2273
277.03 -547.8 931.6 1214.12 0.0 43527.0 65265.0 2273
277.08 -561.83 908.56 1212.82 0.0 42364.0 65176.0 2273
277.14 -576.93 889.18 1212.17 0.0 40537.0 65134.0 2273
277.19 -593.75 873.76 1211.85 0.0 38774.0 64995.0 2273
277.25 -597.03 872.01 1211.69 0.0 37284.0 0.0 2273
277.29 -595.88 874.38 1211.61 0.0 36276.0 0.0 2273
277.35 -594.87 876.07 1211.57 0.0 34903.0 0.0 2273
277.41 -593.77 877.6 1211.55 0.0 33603.0 0.0 2273
277.48 -591.55 880.45 1209.52 0.0 33147.0 0.0 2273
277.53 -599.16 878.47 1210.52 0.0 35556.0 0.0 2273
277.58 -611.15 875.22 1211.02 0.0 35556.0 0.0 2273
277.62 -626.67 870.99 1211.27 0.0 35365.0 19.0 2273
277.67 -647.86 865.46 1211.4 0.0 35110.0 5.0 2273
277.71 -669.54 860.25 1211.46 0.0 34745.0 65506.0 2280
277.75 -688.58 856.52 1211.52 0.0 34252.0 65437.0 2280
277.79 -703.43 854.26 1211.52 0.0 33683.0 65400.0 2280
277.83 -722.71 852.18 1211.52 0.0 32979.0 65346.0 2280
277.87 -726.25 851.66 1211.52 0.0 32397.0 65153.0 2280
277.91 -726.46 851.63 1211.52 0.0 31693.0 0.0 2280
277.95 -725.48 851.77 1211.52 0.0 31630.0 0.0 2280
277.99 -724.46 851.92 1211.52 0.0 31630.0 0.0 2280
278.03 -722.13 852.26 1211.52 0.0 31630.0 0.0 2280
278.07 -721.63 852.33 1209.52 0.0 31630.0 0.0 2280
278.11 -728.17 854.12 1211.52 0.0 46374.0 0.0 2280
278.16 -738.87 857.04 1211.52 0.0 46374.0 0.0 2280
278.2 -740.81 857.57 1211.52 0.0 46565.0 0.0 2280
278.25 -740.6 857.51 1211.52 0.0 47304.0 0.0 2280
278.3 -740.42 857.46 1211.52 0.0 47687.0 0.0 2280
278.35 -739.6 857.24 1209.52 0.0 47878.0 0.0 2280
278.4 -740.06 851.01 1210.52 0.0 48388.0 0.0 2280
278.44 -740.87 840.04 1211.02 0.0 48388.0 0.0 2280
278.49 -742.27 820.9 1211.27 0.0 48388.0 0.0 2280
278.54 -743.84 799.46 1211.4 0.0 48388.0 65535.0 2280
278.57 -745.04 783.2 1209.53 0.0 48388.0 65535.0 2280
278.61 -746.41 764.53 1205.81 0.0 48388.0 0.0 2280
278.66 -748.18 740.35 1199.21 0.0 48388.0 65535.0 2280
278.7 -749.35 724.42 1193.02 0.0 48388.0 65535.0 2280
278.75 -751.16 699.76 1182.13 0.0 48388.0 0.0 2280
278.79 -752.29 684.35 1173.08 0.0 48388.0 0.0 2280
278.83 -754.01 660.98 1158.72 0.0 48388.0 0.0 2280
278.88 -755.72 637.61 1141.33 0.0 48388.0 65535.0 2152
278.92 -757.15 618.09 1125.03 0.0 48388.0 65535.0 2152
278.96 -758.44 600.62 1108.99 0.0 48388.0 0.0 2210
279.01 -760.13 577.51 1086.07 0.0 48388.0 0.0 2210
279.06 -761.83 554.39 1060.74 0.0 48388.0 0.0 2210
279.1 -763.3 534.36 1036.73 0.0 48388.0 65535.0 2210
279.15 -764.84 513.29 1009.7 0.0 48388.0 0.0 2210
279.19 -766.31 493.26 982.15 0.0 48388.0 0.0 2210
279.23 -767.52 476.82 958.11 0.0 48388.0 65535.0 2210
279.28 -769.61 448.31 914.53 0.0 48388.0 0.0 2154
279.32 -770.85 431.49 886.98 0.0 48388.0 0.0 2154
279.37 -772.17 413.48 889.41 0.0 48388.0 0.0 2154
279.44 -771.37 424.33 890.63 0.0 48388.0 0.0 2154
279.48 -770.71 433.35 891.24 0.0 48388.0 0.0 2154
279.52 -769.74 446.61 891.55 0.0 48388.0 65535.0 2154
279.56 -768.69 460.81 891.7 0.0 48388.0 0.0 2154
279.6 -767.39 478.61 891.77 0.0 48388.0 0.0 2154
279.64 -767.06 483.08 891.85 0.0 48388.0 0.0 2154
279.69 -767.06 483.03 891.85 0.0 48388.0 0.0 2154
279.73 -767.09 482.72 891.85 0.0 48388.0 0.0 2154
279.78 -767.09 482.68 891.85 0.0 48388.0 0.0 2154
279.82 -767.15 481.82 889.85 0.0 48388.0 0.0 2154
279.86 -767.55 476.47 890.85 0.0 48643.0 0.0 2154
279.91 -768.23 463.97 891.35 0.0 49479.0 0.0 2154
279.95 -768.23 450.88 891.6 0.0 49542.0 45.0 2154
279.99 -767.89 434.96 891.72 0.0 49542.0 38.0 2154
280.03 -767.24 413.31 891.79 0.0 49542.0 29.0 2154
280.09 -766.1 381.27 891.82 0.0 49542.0 33.0 2154
280.13 -765.39 365.67 891.85 0.0 49542.0 0.0 2154
280.17 -764.77 348.74 891.85 0.0 49542.0 0.0 2154
280.26 -762.95 297.84 926.87 0.0 49542.0 3.0 2154
280.3 -762.46 283.89 936.01 0.0 49351.0 3.0 2210
280.34 -761.87 266.69 943.34 0.0 49224.0 65502.0 2210
280.38 -761.35 250.67 948.12 0.0 49033.0 65485.0 2155
280.42 -760.84 232.6 951.17 0.0 48970.0 65449.0 2155
280.46 -760.35 213.67 953.08 0.0 48843.0 65443.0 2155
280.51 -759.8 188.6 953.46 0.0 48716.0 65408.0 2155
280.55 -759.43 166.6 951.28 0.0 48779.0 65390.0 2155
280.6 -759.17 146.64 947.37 0.0 48842.0 65418.0 2155
280.64 -758.93 123.61 940.89 0.0 48969.0 65435.0 2155
280.7 -758.71 98.54 931.23 0.0 49096.0 65465.0 2155
280.74 -758.54 78.07 921.02 0.0 49159.0 65501.0 2155
280.78 -758.42 62.2 911.69 0.0 49222.0 65519.0 2155
280.83 -758.26 42.24 898.77 0.0 49222.0 65532.0 2155
280.88 -758.04 15.12 878.97 0.0 49477.0 65532.0 2155
280.93 -757.79 -8.93 857.88 0.0 50116.0 53.0 2155
280.98 -757.32 -34.0 833.59 0.0 52134.0 193.0 2155
281.03 -756.25 -57.01 808.7 0.0 54574.0 518.0 2155
281.08 -754.07 -81.49 779.7 0.0 55642.0 529.0 2155
281.13 -751.03 -104.34 768.62 0.0 55642.0 518.0 2155
281.18 -742.5 -126.42 771.42 0.0 55642.0 540.0 2177
281.23 -733.83 -140.99 771.64 0.0 55642.0 439.0 2177
281.27 -724.56 -153.91 771.74 0.0 55769.0 359.0 2177
281.32 -710.29 -173.2 771.8 0.0 55769.0 284.0 2177
281.36 -698.27 -187.01 771.85 0.0 55769.0 122.0 2177
281.4 -687.97 -201.07 771.85 0.0 55769.0 63.0 2177
281.45 -677.1 -215.91 771.85 0.0 55769.0 0.0 2177
281.5 -660.66 -238.37 771.85 0.0 55769.0 0.0 2177
281.54 -651.01 -251.4 771.85 0.0 55769.0 0.0 2177
281.59 -640.4 -265.82 771.85 0.0 55769.0 0.0 2177
281.63 -626.63 -284.54 771.85 0.0 55769.0 0.0 2177
281.68 -617.17 -297.4 771.85 0.0 55769.0 0.0 2177
281.73 -600.68 -319.82 771.85 0.0 55769.0 0.0 2177
281.77 -592.43 -331.03 771.85 0.0 55769.0 0.0 2177
281.81 -584.18 -342.24 771.85 0.0 55769.0 0.0 2177
281.85 -581.21 -362.81 771.85 0.0 55769.0 65096.0 2177
281.89 -582.59 -383.91 771.85 0.0 55769.0 65085.0 2177
281.94 -585.52 -403.47 771.85 0.0 55769.0 65155.0 2187
281.97 -590.14 -419.07 771.85 0.0 55769.0 65356.0 2187
282.02 -593.22 -443.08 771.85 0.0 55769.0 65410.0 2187
282.07 -596.4 -462.2 771.85 0.0 55769.0 65481.0 2187
282.11 -598.57 -476.56 771.85 0.0 55769.0 0.0 2187
282.15 -601.81 -498.1 771.85 0.0 55769.0 0.0 2187
282.19 -604.57 -516.28 771.85 0.0 56280.0 0.0 2187
282.24 -606.68 -536.02 771.85 0.0 56889.0 59.0 2187
282.28 -607.48 -552.48 771.85 0.0 57396.0 98.0 2187
282.32 -607.65 -572.36 771.85 0.0 58466.0 108.0 2187
282.37 -605.82 -592.21 771.85 0.0 60417.0 144.0 2187
282.41 -600.29 -612.09 771.85 0.0 62417.0 211.0 2187
282.46 -591.2 -630.28 771.85 0.0 63667.0 276.0 2187
282.5 -573.29 -640.96 771.85 0.0 63922.0 450.0 2187
282.54 -554.03 -646.02 771.85 0.0 63922.0 428.0 2187
282.59 -536.9 -659.29 771.85 0.0 63922.0 65074.0 2187
282.63 -527.23 -672.29 771.85 0.0 63922.0 65168.0 2187
282.67 -515.78 -687.37 771.85 0.0 63922.0 65334.0 2187
282.71 -506.55 -699.83 771.85 0.0 63922.0 65434.0 2187
282.75 -496.46 -713.44 771.85 0.0 63922.0 65477.0 2187
282.79 -485.83 -727.86 771.85 0.0 63922.0 65501.0 2187
282.83 -472.09 -746.59 771.85 0.0 63922.0 0.0 2175
282.88 -459.53 -763.79 771.85 0.0 63922.0 0.0 2175
282.92 -451.26 -775.13 771.85 0.0 63922.0 0.0 2175
282.96 -442.13 -787.64 771.85 0.0 63922.0 0.0 2175
283.04 -415.72 -823.79 771.85 0.0 63795.0 0.0 2175
283.08 -408.06 -834.53 771.85 0.0 63083.0 0.0 2175
283.11 -400.59 -846.21 771.85 0.0 62636.0 65431.0 2175
283.15 -392.63 -861.04 771.85 0.0 62509.0 65408.0 2175
283.19 -384.46 -875.89 771.85 0.0 62509.0 65450.0 2175
283.27 -363.32 -913.4 800.83 0.0 62509.0 65130.0 2175
283.34 -344.57 -946.77 819.68 0.0 62509.0 65509.0 2175
283.38 -338.13 -958.31 824.19 0.0 62509.0 65509.0 2175
283.46 -319.32 -991.95 833.4 0.0 62509.0 65514.0 2175
283.49 -312.95 -1003.39 834.5 0.0 62509.0 65514.0 2175
283.53 -305.63 -1016.54 834.87 0.0 62509.0 65516.0 2175
283.57 -297.97 -1030.33 834.28 0.0 62509.0 65518.0 2175
283.61 -287.64 -1048.93 855.22 0.0 62509.0 65516.0 2299
283.69 -267.76 -1084.83 880.4 0.0 62509.0 65521.0 2299
283.76 -250.31 -1116.29 895.5 0.0 63833.0 20.0 2299
283.83 -231.01 -1149.42 904.35 0.0 811.0 177.0 2299
283.87 -224.84 -1159.07 905.01 0.0 2116.0 200.0 2299
283.92 -214.3 -1174.73 905.1 0.0 3305.0 214.0 2299
283.97 -201.66 -1191.48 902.16 0.0 4234.0 199.0 2299
284.01 -189.84 -1206.48 898.98 0.0 5516.0 102.0 2299
284.06 -173.76 -1225.34 892.9 0.0 5835.0 138.0 2299
284.1 -162.61 -1237.54 887.59 0.0 5835.0 160.0 2299
284.14 -146.4 -1253.5 877.45 0.0 5898.0 216.0 2299
284.19 -132.76 -1266.17 867.72 0.0 5898.0 234.0 2299
284.23 -119.93 -1277.41 857.5 0.0 5898.0 237.0 2245
284.27 -104.06 -1290.66 843.66 0.0 5898.0 267.0 2245
284.31 -85.33 -1305.34 825.57 0.0 5898.0 309.0 2245
284.36 -71.96 -1315.09 811.19 0.0 5898.0 281.0 2245
284.4 -54.61 -1327.28 791.42 0.0 6217.0 276.0 2245
284.44 -39.49 -1337.25 772.86 0.0 6712.0 249.0 2245
284.48 -25.0 -1346.29 767.51 0.0 6839.0 257.0 2245
284.56 16.16 -1358.04 769.57 0.0 7873.0 298.0 2245
284.59 28.87 -1358.52 770.6 0.0 8743.0 229.0 2245
284.63 43.99 -1349.41 771.12 0.0 9404.0 405.0 2245
284.68 58.95 -1334.48 771.38 0.0 9659.0 439.0 2245
284.72 71.15 -1318.71 771.51 0.0 9659.0 428.0 2245
284.76 84.24 -1300.65 771.57 0.0 9659.0 452.0 2245
284.81 105.26 -1292.98 771.64 0.0 9722.0 65062.0 2245
284.86 125.86 -1289.56 771.64 0.0 9722.0 65062.0 2245
284.9 142.27 -1287.09 771.64 0.0 9722.0 65259.0 2293
284.94 161.42 -1284.03 771.64 0.0 9722.0 65385.0 2293
284.99 182.96 -1280.73 771.64 0.0 9722.0 65450.0 2293
285.03 202.11 -1277.88 771.64 0.0 9722.0 65493.0 2293
285.08 223.66 -1274.68 771.64 0.0 9722.0 0.0 2293
285.13 242.33 -1271.92 771.64 0.0 9722.0 0.0 2293
285.16 256.22 -1269.88 771.64 0.0 9722.0 0.0 2293
285.2 273.93 -1267.25 771.64 0.0 9722.0 0.0 2293
285.25 294.04 -1264.28 771.64 0.0 9722.0 0.0 2293
285.29 309.55 -1252.08 771.64 0.0 9977.0 439.0 2293
285.33 322.75 -1236.09 771.64 0.0 10104.0 450.0 2293
285.38 333.84 -1219.88 771.64 0.0 10167.0 439.0 2293
285.42 345.61 -1201.83 771.64 0.0 10167.0 309.0 2293
285.47 354.53 -1185.24 771.64 0.0 10167.0 151.0 2297
285.51 364.65 -1170.46 771.64 0.0 10167.0 81.0 2297
285.55 376.12 -1153.67 771.64 0.0 10167.0 47.0 2297
285.6 388.64 -1135.26 771.64 0.0 10167.0 0.0 2297
285.64 397.06 -1122.85 771.64 0.0 10167.0 0.0 2297
285.68 407.67 -1107.23 771.64 0.0 10167.0 0.0 2297
285.72 415.83 -1095.22 771.64 0.0 10422.0 0.0 2297
285.77 429.62 -1074.17 771.64 0.0 10869.0 58.0 2297
285.81 439.37 -1057.42 771.64 0.0 11662.0 111.0 2297
285.85 446.68 -1042.63 771.64 0.0 12508.0 198.0 2297
285.9 455.03 -1022.43 771.64 0.0 13133.0 288.0 2297
285.95 462.22 -1000.76 771.64 0.0 13133.0 294.0 2297
285.99 467.54 -984.15 771.64 0.0 13133.0 136.0 2297
286.04 475.34 -960.21 771.64 0.0 13133.0 82.0 2297
286.09 480.36 -944.54 771.64 0.0 13133.0 0.0 2297
286.13 487.51 -922.43 771.64 0.0 13133.0 0.0 2297
286.18 492.25 -907.69 771.64 0.0 13196.0 0.0 2297
286.22 498.68 -887.39 771.64 0.0 13196.0 0.0 2282
286.26 504.37 -869.39 771.64 0.0 13196.0 0.0 2282
286.31 510.2 -850.93 771.64 0.0 13196.0 0.0 2282
286.35 516.32 -831.54 771.64 0.0 13196.0 0.0 2282
286.4 521.41 -815.39 771.64 0.0 13196.0 0.0 2282
286.44 527.82 -795.08 771.64 0.0 13196.0 0.0 2282
286.49 533.79 -776.15 771.64 0.0 13196.0 0.0 2282
286.53 539.18 -759.07 771.64 0.0 13196.0 0.0 2283
286.57 543.7 -744.77 771.64 0.0 13196.0 0.0 2283
286.61 549.67 -725.84 771.64 0.0 13196.0 0.0 2283
286.68 560.88 -690.3 771.64 0.0 13196.0 0.0 2283
286.72 565.25 -676.45 771.64 0.0 13196.0 0.0 2283
286.79 575.81 -642.99 771.56 0.0 13196.0 0.0 2283
286.86 586.55 -608.95 771.52 0.0 13196.0 0.0 2283
286.9 590.03 -597.93 771.5 0.0 13387.0 0.0 2283
286.94 593.99 -584.75 771.49 0.0 13387.0 0.0 2283
286.98 597.53 -572.45 771.48 0.0 13387.0 0.0 2283
287.05 607.95 -537.17 771.48 0.0 13513.0 0.0 2283
287.12 618.0 -501.54 771.67 0.0 13576.0 0.0 2283
287.16 621.8 -487.65 771.76 0.0 13576.0 0.0 2283
287.21 626.82 -469.07 771.85 0.0 13703.0 0.0 2283
287.25 630.75 -454.09 771.85 0.0 13830.0 0.0 2283
287.3 636.2 -432.5 771.85 0.0 14464.0 0.0 2283
287.34 638.85 -418.2 771.85 0.0 15212.0 131.0 2283
287.38 641.5 -398.01 771.85 0.0 16332.0 220.0 2283
287.43 641.97 -377.08 771.85 0.0 17447.0 341.0 2283
287.47 640.32 -359.09 771.85 0.0 18272.0 379.0 2283
287.52 636.64 -336.49 771.48 0.0 19052.0 393.0 2283
287.57 631.18 -315.26 771.48 0.0 19772.0 366.0 2283
287.61 624.65 -295.88 771.48 0.0 19963.0 329.0 2283
287.66 618.62 -278.97 771.48 0.0 19963.0 195.0 2283
287.7 612.82 -262.53 771.48 0.0 19963.0 100.0 2283
287.74 605.73 -242.44 771.48 0.0 19963.0 59.0 2283
287.78 600.36 -227.4 771.48 0.0 19963.0 0.0 2283
287.83 592.42 -205.05 771.85 0.0 19963.0 0.0 2283
287.88 586.07 -187.27 771.85 0.0 19708.0 0.0 2163
287.92 579.53 -167.52 771.85 0.0 18811.0 65489.0 2163
287.97 574.29 -145.83 771.85 0.0 18148.0 65323.0 2163
288.02 570.69 -124.77 771.85 0.0 17829.0 65291.0 2163
288.07 568.18 -106.51 771.85 0.0 17574.0 65356.0 2163
288.11 565.96 -87.75 771.85 0.0 17212.0 65393.0 2163
288.17 579.58 -62.34 771.67 0.0 16571.0 64961.0 2163
288.22 597.5 -43.02 771.58 0.0 15894.0 64984.0 2163
288.26 609.09 -34.06 771.53 0.0 15447.0 65153.0 2163
288.3 624.22 -22.01 771.51 0.0 14682.0 65199.0 2163
288.34 640.53 -10.43 771.5 0.0 13777.0 65221.0 2163
288.39 658.08 -1.95 771.48 0.0 13071.0 65226.0 2163
288.43 672.33 5.5 771.48 0.0 12474.0 65275.0 2163
288.47 683.32 21.43 771.48 0.0 12116.0 428.0 2163
288.54 701.66 57.33 771.48 0.0 11989.0 317.0 2163
288.58 706.6 70.43 771.48 0.0 11989.0 200.0 2163
288.62 711.94 86.58 771.48 0.0 11989.0 124.0 2163
288.66 717.71 99.38 771.48 0.0 11989.0 60.0 2163
288.7 725.7 117.02 771.48 0.0 11989.0 0.0 2163
288.74 733.05 133.35 771.48 0.0 11989.0 0.0 2163
288.82 750.54 172.18 771.67 0.0 11989.0 0.0 2163
288.89 764.8 203.98 771.76 0.0 11989.0 0.0 2163
288.93 769.84 215.25 771.8 0.0 11989.0 0.0 2163
288.97 775.72 228.39 771.83 0.0 11989.0 0.0 2163
289.01 781.2 240.65 771.85 0.0 11989.0 0.0 2163
289.05 788.13 256.11 771.85 0.0 11989.0 0.0 2163
289.09 794.67 270.68 771.85 0.0 11989.0 0.0 2163
289.16 810.9 306.9 771.85 0.0 12052.0 0.0 2163
289.23 824.82 339.9 771.85 0.0 13369.0 74.0 2193
289.3 832.24 373.2 771.85 0.0 16173.0 314.0 2193
289.34 832.26 382.63 771.57 0.0 17526.0 382.0 2193
289.38 830.9 395.78 771.43 0.0 18492.0 382.0 2193
289.45 824.13 432.83 771.35 0.0 19119.0 345.0 2193
289.52 815.55 464.23 771.32 0.0 19119.0 144.0 2193
289.59 806.62 495.01 771.3 0.0 19119.0 53.0 2193
289.66 797.24 524.67 771.28 0.0 19119.0 0.0 2193
289.72 789.69 552.71 771.28 0.0 19119.0 0.0 2193
289.79 781.79 582.16 771.28 0.0 19119.0 0.0 2193
289.86 774.52 609.27 771.28 0.0 19119.0 0.0 2193
289.93 766.24 640.13 771.28 0.0 19119.0 0.0 2161
290.0 758.1 670.51 771.28 0.0 19119.0 0.0 2161
290.06 751.83 693.89 771.28 0.0 19119.0 0.0 2161
290.12 744.44 721.47 771.28 0.0 19119.0 0.0 2161
290.19 736.67 750.46 771.85 0.0 19119.0 0.0 2161
290.25 729.9 775.7 771.85 0.0 19119.0 0.0 2161
290.31 723.01 801.41 771.85 0.0 19119.0 0.0 2161
290.38 714.73 832.27 771.85 0.0 19119.0 0.0 2161
290.44 708.59 855.17 771.85 0.0 19119.0 0.0 2161
290.5 701.95 879.95 771.48 0.0 19119.0 0.0 2161
290.54 698.75 891.87 771.48 0.0 19119.0 0.0 2161
290.6 691.2 920.04 771.48 0.0 19119.0 0.0 2161
290.66 683.65 948.2 771.48 0.0 19119.0 0.0 2161
290.72 677.51 971.11 771.48 0.0 19119.0 0.0 2161
290.78 669.99 999.16 771.48 0.0 19119.0 0.0 2161
290.84 663.22 1024.41 771.48 0.0 19119.0 0.0 2161
290.9 655.83 1051.99 771.48 0.0 19119.0 0.0 2161
290.96 650.19 1073.02 771.48 0.0 19119.0 0.0 2161
291.02 642.8 1100.61 771.85 0.0 19119.0 0.0 2161
291.09 633.27 1136.14 771.85 0.0 19119.0 0.0 2206
291.15 627.19 1158.81 771.85 0.0 19119.0 0.0 2206
291.21 621.11 1181.48 771.85 0.0 19119.0 0.0 2206
291.27 614.72 1205.33 771.85 0.0 19119.0 0.0 2206
291.33 607.45 1232.44 771.48 0.0 19119.0 0.0 2206
291.39 600.56 1258.15 771.48 0.0 19119.0 0.0 2208
291.45 594.42 1281.06 771.48 0.0 19119.0 0.0 2253
291.51 587.15 1308.17 771.48 0.0 19119.0 0.0 2253
291.56 581.26 1330.15 771.48 0.0 19119.0 0.0 2253
291.62 573.86 1357.73 771.48 0.0 19119.0 0.0 2253
291.68 567.22 1382.5 771.85 0.0 19119.0 0.0 2253
291.74 560.45 1407.75 771.85 0.0 19119.0 0.0 2253
291.8 553.19 1434.86 771.85 0.0 19119.0 0.0 2253
291.87 545.92 1461.98 771.85 0.0 19119.0 0.0 2253
291.94 537.27 1494.23 771.85 0.0 19119.0 0.0 2253
292.0 530.5 1519.48 770.21 0.0 19119.0 0.0 2253
292.06 523.98 1543.79 768.56 0.0 19119.0 0.0 2253
292.12 516.97 1569.97 768.56 0.0 19119.0 0.0 2253
292.18 509.95 1596.15 768.56 0.0 19119.0 0.0 2253
292.25 502.93 1622.33 768.56 0.0 19119.0 0.0 2253
292.3 496.66 1645.7 768.56 0.0 19119.0 0.0 2253
292.36 489.52 1672.35 768.56 0.0 19119.0 0.0 2253
292.42 482.63 1698.06 768.56 0.0 19119.0 0.0 2253
292.49 475.73 1723.77 768.56 0.0 19119.0 0.0 2253
292.54 469.34 1747.62 768.56 0.0 19119.0 0.0 2253
292.6 462.2 1774.26 768.56 0.0 19119.0 0.0 2253
292.66 456.06 1797.17 768.56 0.0 19119.0 0.0 2253
292.72 448.04 1827.09 768.56 0.0 19119.0 0.0 2253
292.8 438.51 1862.62 770.21 0.0 19119.0 0.0 2249
292.86 432.18 1886.23 771.03 0.0 19119.0 0.0 2249
292.92 424.87 1913.51 798.35 0.0 19119.0 65535.0 2249
292.99 417.31 1941.69 816.47 0.0 19119.0 65535.0 2249
293.05 410.02 1968.88 828.7 0.0 19119.0 65535.0 2249
293.11 402.63 1996.46 833.36 0.0 19119.0 65535.0 2249
293.17 395.76 2022.08 834.33 0.0 19119.0 65535.0 2249
293.23 387.57 2052.62 831.84 0.0 19119.0 0.0 2249
293.29 380.69 2078.23 825.92 0.0 19685.0 18.0 2249
293.36 372.89 2106.24 816.15 0.0 20178.0 121.0 2249
293.42 364.93 2133.67 802.85 0.0 20304.0 141.0 2216
293.47 358.48 2155.17 789.5 0.0 20367.0 123.0 2259
293.53 350.41 2181.5 770.65 0.0 20367.0 119.0 2259
293.59 342.13 2207.78 767.35 0.0 20622.0 113.0 2259
293.64 333.4 2229.64 769.6 0.0 20813.0 132.0 2259
293.7 322.4 2252.69 771.85 0.0 20813.0 60.0 2259
293.76 311.06 2277.85 771.85 0.0 20876.0 0.0 2259
293.82 300.34 2301.16 771.85 0.0 20876.0 0.0 2259
293.88 290.24 2323.15 771.85 0.0 20876.0 0.0 2259
293.94 279.73 2346.02 771.85 0.0 20876.0 0.0 2259
293.99 269.23 2368.89 771.85 0.0 20876.0 0.0 2259
294.05 259.53 2390.0 771.85 0.0 20876.0 0.0 2259
294.1 249.02 2412.87 771.85 0.0 20621.0 0.0 2259
294.16 238.86 2436.43 771.85 0.0 20621.0 0.0 2259
294.22 228.52 2460.43 771.85 0.0 20621.0 0.0 2259
294.28 233.07 2487.79 771.85 0.0 21488.0 65220.0 2259
294.34 239.8 2514.24 771.85 0.0 24478.0 65482.0 2259
294.4 240.91 2540.1 771.85 0.0 29170.0 121.0 2259
294.46 226.94 2568.39 771.85 0.0 35060.0 36.0 2259
294.54 182.91 2564.37 771.85 0.0 41643.0 461.0 2259
294.59 166.99 2549.72 771.85 0.0 43999.0 439.0 2259
294.64 152.41 2527.8 771.85 0.0 45549.0 495.0 2259
294.69 142.32 2502.3 771.85 0.0 46686.0 529.0 2259
294.74 125.22 2484.0 771.85 0.0 47614.0 65017.0 2259
294.79 108.76 2471.93 771.85 0.0 48446.0 65350.0 2259
294.84 89.8 2455.38 771.85 0.0 48509.0 0.0 2259
294.89 73.13 2440.62 771.85 0.0 48509.0 0.0 2259
294.94 56.09 2425.55 771.85 0.0 48509.0 0.0 2259
294.99 50.66 2405.13 771.85 0.0 48509.0 484.0 2259
295.04 48.77 2380.49 771.85 0.0 48509.0 529.0 2259
295.1 47.95 2349.92 771.85 0.0 48254.0 503.0 2259
295.15 47.55 2328.3 771.14 0.0 48254.0 114.0 2259
295.2 46.92 2310.72 770.3 0.0 48254.0 49.0 2259
295.25 45.13 2284.32 769.32 0.0 48381.0 0.0 2259
295.29 44.3 2269.66 768.83 0.0 49065.0 0.0 2259
295.34 43.22 2250.16 765.44 0.0 49767.0 160.0 2259
295.38 42.0 2231.32 760.84 0.0 49767.0 282.0 2259
295.43 40.75 2209.09 753.37 0.0 49767.0 282.0 2144
295.47 40.1 2195.07 747.0 0.0 49767.0 220.0 2144
295.52 39.13 2172.58 735.79 0.0 49256.0 247.0 2144
295.56 38.48 2154.93 724.43 0.0 48534.0 107.0 2144
295.6 37.61 2134.61 710.03 0.0 47926.0 65497.0 2144
295.64 36.74 2117.21 695.91 0.0 47799.0 65386.0 2144
295.69 35.62 2096.91 677.76 0.0 47608.0 65364.0 2144
295.73 34.35 2076.62 657.52 0.0 47225.0 65334.0 2144
295.78 32.83 2055.86 634.71 0.0 46586.0 65267.0 2144
295.82 31.13 2036.56 611.49 0.0 46066.0 65168.0 2144
295.86 29.57 2021.64 592.04 0.0 45587.0 65147.0 2144
295.91 26.88 1998.55 560.63 0.0 45204.0 65040.0 2144
295.96 24.11 1979.38 531.63 0.0 45141.0 65085.0 2144
296.0 21.83 1965.03 508.72 0.0 45141.0 65141.0 2144
296.06 16.5 1934.0 456.7 0.0 45141.0 65254.0 2144
296.11 11.81 1909.75 449.12 0.0 45524.0 65290.0 2144
296.17 4.97 1881.28 450.43 0.0 49978.0 0.0 2144
296.23 8.74 1858.38 451.75 0.0 54789.0 292.0 2144
296.28 24.0 1841.16 451.75 0.0 58690.0 292.0 2144
296.33 47.19 1837.45 451.75 0.0 62277.0 281.0 2216
296.39 78.94 1847.05 451.75 0.0 65325.0 281.0 2216
296.44 100.75 1864.35 451.75 0.0 2027.0 270.0 2216
296.5 118.71 1888.24 451.75 0.0 3271.0 292.0 2216
296.56 131.63 1912.71 451.75 0.0 3625.0 262.0 2216
296.62 142.78 1937.73 451.75 0.0 3688.0 139.0 2216
296.68 154.16 1964.16 451.75 0.0 3688.0 63.0 2216
296.74 163.79 1989.29 451.75 0.0 3688.0 27.0 2216
296.8 175.13 2013.91 451.75 0.0 3688.0 0.0 2216
296.86 186.27 2038.08 451.75 0.0 3688.0 0.0 2216
296.92 197.82 2063.14 451.75 0.0 3688.0 0.0 2216
296.98 208.35 2086.0 451.75 0.0 3688.0 0.0 2216
297.04 218.48 2107.98 451.75 0.0 3688.0 0.0 2216
297.09 226.99 2126.44 451.75 0.0 3688.0 0.0 2216
297.15 238.53 2151.49 451.75 0.0 3688.0 0.0 2216
297.2 248.66 2173.47 451.75 0.0 3688.0 0.0 2216
297.26 259.4 2196.77 451.75 0.0 2153.0 0.0 2216
297.31 271.21 2212.4 451.75 0.0 64512.0 65415.0 2216
297.37 291.61 2230.03 451.75 0.0 60709.0 65378.0 2216
297.43 319.55 2240.6 451.75 0.0 58142.0 65323.0 2216
297.47 333.67 2233.78 451.75 0.0 57049.0 65153.0 2216
297.54 365.97 2207.92 451.75 0.0 55594.0 65141.0 2216
297.58 375.3 2193.35 451.75 0.0 55091.0 65119.0 2216
297.62 383.97 2178.4 451.75 0.0 54772.0 65130.0 2216
297.66 391.67 2164.29 451.75 0.0 54517.0 65193.0 2216
297.7 402.02 2145.53 451.75 0.0 54131.0 65244.0 2216
297.74 407.82 2130.75 451.75 0.0 53940.0 65333.0 2216
297.8 421.38 2104.78 451.75 0.0 53877.0 65325.0 2216
297.85 431.32 2083.47 451.75 0.0 53877.0 65440.0 2145
297.89 439.77 2066.05 451.75 0.0 53877.0 0.0 2145
297.94 449.31 2046.47 451.75 0.0 53877.0 0.0 2145
297.99 457.35 2029.93 451.75 0.0 53877.0 0.0 2145
298.04 467.31 2009.48 451.75 0.0 53877.0 0.0 2145
298.09 480.02 1983.36 451.75 0.0 53877.0 0.0 2145
298.15 489.76 1963.34 451.75 0.0 53877.0 0.0 2145
298.19 497.6 1947.24 451.75 0.0 53877.0 0.0 2145
298.26 511.79 1918.08 451.75 0.0 53877.0 0.0 2145
298.31 520.05 1901.11 451.75 0.0 53877.0 0.0 2145
298.35 527.88 1885.01 451.75 0.0 53877.0 0.0 2145
298.4 536.99 1866.29 451.75 0.0 53494.0 0.0 2145
298.45 547.99 1841.51 451.75 0.0 52446.0 65448.0 2218
298.51 556.34 1815.12 451.75 0.0 51713.0 65240.0 2218
298.58 563.72 1783.4 451.75 0.0 51713.0 65201.0 2218
298.62 577.3 1773.4 451.75 0.0 51713.0 461.0 2218
298.67 594.1 1764.1 451.75 0.0 51713.0 461.0 2218
298.72 614.73 1752.99 451.75 0.0 51650.0 380.0 2218
298.77 632.45 1743.64 451.75 0.0 51209.0 144.0 2218
298.83 658.83 1727.31 451.75 0.0 50599.0 0.0 2218
298.88 675.64 1715.85 451.75 0.0 50216.0 65453.0 2218
298.93 683.09 1691.63 451.75 0.0 49712.0 64995.0 2218
298.99 684.9 1661.84 451.75 0.0 49134.0 64927.0 2218
299.05 683.48 1636.26 451.75 0.0 48684.0 64974.0 2218
299.1 680.98 1609.8 451.75 0.0 48684.0 65165.0 2218
299.16 676.7 1584.31 451.75 0.0 48684.0 65378.0 2218
299.21 675.55 1560.61 451.75 0.0 48684.0 65468.0 2218
299.27 674.48 1537.4 451.75 0.0 48684.0 0.0 2218
299.33 673.27 1510.81 451.75 0.0 48684.0 0.0 2218
299.38 672.31 1489.54 451.75 0.0 48684.0 0.0 2218
299.44 671.0 1460.52 451.75 0.0 48684.0 0.0 2218
299.49 670.13 1441.18 451.75 0.0 48684.0 0.0 2218
299.54 669.02 1416.53 451.75 0.0 48684.0 0.0 2218
299.6 667.87 1390.9 451.75 0.0 48684.0 0.0 2218
299.66 666.72 1365.27 451.75 0.0 48684.0 0.0 2218
299.71 665.64 1341.1 451.75 0.0 48684.0 0.0 2208
299.77 664.62 1318.37 451.75 0.0 48684.0 0.0 2208
299.82 663.51 1293.71 451.75 0.0 48684.0 0.0 2208
299.87 662.51 1271.47 451.75 0.0 48684.0 0.0 2208
299.94 661.12 1240.53 451.75 0.0 48684.0 0.0 2206
299.99 660.21 1220.22 451.75 0.0 48684.0 0.0 2206
300.04 659.19 1197.49 451.75 0.0 48684.0 0.0 2206
300.11 657.76 1165.58 451.75 0.0 48684.0 0.0 2206
300.16 656.8 1144.31 451.75 0.0 48684.0 0.0 2206
300.22 655.61 1117.71 451.75 0.0 48684.0 0.0 2206
300.27 654.7 1097.41 451.75 0.0 48684.0 0.0 2206
300.32 653.59 1072.75 451.75 0.0 49131.0 0.0 2206
300.38 653.62 1048.05 451.75 0.0 50128.0 102.0 2206
300.43 655.92 1026.78 451.75 0.0 50191.0 265.0 2206
300.49 659.03 996.43 451.75 0.0 50191.0 157.0 2206
300.55 661.31 974.76 451.75 0.0 50191.0 58.0 2206
300.6 663.45 953.57 451.75 0.0 50191.0 0.0 2206
300.65 666.0 928.05 451.75 0.0 50191.0 0.0 2206
300.7 668.02 907.82 451.75 0.0 50191.0 0.0 2206
300.75 670.04 887.59 451.75 0.0 50191.0 0.0 2206
300.81 672.63 861.58 451.75 0.0 50191.0 0.0 2217
300.86 690.62 841.7 451.75 0.0 50191.0 574.0 2217
300.91 708.87 827.78 451.75 0.0 50191.0 518.0 2217
300.96 725.71 815.82 451.75 0.0 50191.0 279.0 2180
301.01 745.28 801.22 451.75 0.0 50191.0 148.0 2180
301.06 759.19 790.92 451.75 0.0 49808.0 54.0 2180
301.1 773.67 779.79 451.75 0.0 48811.0 0.0 2180
301.16 793.36 759.75 451.75 0.0 46543.0 65411.0 2180
301.21 807.96 737.2 451.75 0.0 45506.0 65220.0 2180
301.26 816.22 719.28 451.75 0.0 45379.0 65273.0 2180
301.32 828.32 691.23 451.75 0.0 45379.0 65326.0 2180
301.38 835.44 670.44 451.75 0.0 45826.0 65458.0 2180
301.43 846.36 648.84 451.75 0.0 48456.0 0.0 2180
301.48 859.51 634.68 451.75 0.0 51037.0 495.0 2180
301.53 878.34 621.43 449.75 0.0 52521.0 500.0 2180
301.6 914.91 601.4 462.22 0.0 52709.0 307.0 2165
301.67 945.44 587.44 496.6 0.0 52709.0 103.0 2165
301.71 947.04 587.36 520.92 0.0 52709.0 64.0 2165
301.75 964.91 578.73 550.74 0.0 52329.0 31.0 2165
301.79 977.8 572.04 575.81 0.0 51688.0 0.0 2165
301.83 993.7 562.77 609.29 0.0 50608.0 65453.0 2165
301.88 1013.42 548.61 648.08 0.0 48740.0 65384.0 2165
301.92 1026.5 534.57 681.78 0.0 46584.0 65337.0 2193
301.97 1051.1 527.44 715.45 0.0 44860.0 159.0 2193
302.03 1075.97 516.62 745.0 0.0 43776.0 65524.0 2193
302.08 1091.46 507.53 761.59 0.0 42733.0 23.0 2193
302.13 1077.83 478.52 767.85 0.0 41504.0 64984.0 2193
302.18 1063.91 461.26 767.85 0.0 40813.0 65060.0 2193
302.23 1047.21 443.3 767.85 0.0 40557.0 65041.0 2193
302.29 1024.94 422.53 767.85 0.0 40432.0 64937.0 2193
302.34 1010.49 410.18 767.85 0.0 40028.0 65249.0 2193
302.39 990.34 393.43 767.85 0.0 39093.0 65297.0 2193
302.45 966.96 377.65 767.85 0.0 36949.0 65201.0 2193
302.51 941.91 368.29 764.15 0.0 34173.0 64925.0 2193
302.59 900.89 365.03 767.85 0.0 31172.0 64768.0 2193
302.64 885.4 371.69 767.85 0.0 30359.0 64984.0 2193
302.69 864.05 375.56 769.54 0.0 30365.0 65017.0 2193
302.75 839.06 381.62 770.39 0.0 30365.0 65229.0 2193
302.8 819.07 388.07 771.23 0.0 30365.0 65412.0 2193
302.85 795.51 393.62 771.23 0.0 30365.0 65473.0 2193
302.9 772.89 398.94 771.23 0.0 30365.0 0.0 2193
302.96 750.28 404.26 771.23 0.0 30365.0 0.0 2193
303.01 726.72 409.79 771.23 0.0 30365.0 0.0 2192
303.06 702.69 415.44 771.23 0.0 30365.0 0.0 2192
303.12 681.01 420.52 771.23 0.0 30684.0 0.0 2192
303.17 654.43 425.85 771.23 0.0 31067.0 76.0 2192
303.23 633.37 429.14 771.23 0.0 31067.0 116.0 2192
303.29 602.8 434.14 771.23 0.0 31067.0 0.0 2192
303.34 581.78 437.55 771.23 0.0 31067.0 0.0 2192
303.39 564.58 440.38 771.23 0.0 31067.0 0.0 2192
303.45 536.41 445.02 771.23 0.0 31067.0 0.0 2192
303.5 517.78 448.09 771.23 0.0 31067.0 0.0 2192
303.55 489.61 452.73 771.23 0.0 31067.0 0.0 2192
303.61 469.55 456.04 771.23 0.0 31067.0 0.0 2192
303.65 449.01 459.42 771.23 0.0 31067.0 0.0 2192
303.71 425.61 463.28 771.23 0.0 31067.0 0.0 2192
303.75 408.9 466.04 771.23 0.0 31067.0 0.0 2192
303.8 388.36 469.42 771.23 0.0 31067.0 0.0 2192
303.84 368.31 472.73 771.23 0.0 31067.0 0.0 2192
303.89 347.29 476.19 771.23 0.0 31067.0 0.0 2192
303.94 323.89 480.05 771.23 0.0 31067.0 0.0 2192
304.0 297.15 484.46 771.23 0.0 31067.0 0.0 2192
304.05 279.48 487.37 771.23 0.0 31067.0 0.0 2192
304.1 255.6 491.31 771.23 0.0 31067.0 0.0 2192
304.15 236.98 494.38 771.23 0.0 31067.0 0.0 2192
304.21 204.27 499.77 771.23 0.0 31067.0 0.0 2172
304.26 185.88 502.8 771.23 0.0 31067.0 0.0 2172
304.31 167.26 505.87 771.23 0.0 31067.0 0.0 2172
304.36 139.56 510.43 771.23 0.0 31067.0 0.0 2172
304.41 122.13 513.31 771.23 0.0 31067.0 0.0 2172
304.45 103.74 516.34 771.23 0.0 31067.0 0.0 2172
304.5 81.77 519.96 771.23 0.0 31067.0 0.0 2172
304.55 59.81 523.58 771.23 0.0 31067.0 0.0 2172
304.6 41.18 526.65 771.23 0.0 31067.0 0.0 2172
304.65 19.21 530.27 771.23 0.0 31067.0 0.0 2172
304.69 3.93 532.79 771.23 0.0 31578.0 0.0 2172
304.74 -20.1 535.69 771.23 0.0 32105.0 107.0 2172
304.79 -43.32 537.19 771.23 0.0 32168.0 171.0 2172
304.83 -59.76 538.07 771.23 0.0 32295.0 85.0 2172
304.88 -82.97 539.2 771.23 0.0 32486.0 75.0 2172
304.93 -107.17 539.87 771.23 0.0 32613.0 82.0 2172
304.99 -133.79 540.23 771.23 0.0 32740.0 72.0 2172
305.04 -151.7 540.19 771.23 0.0 32740.0 54.0 2172
305.08 -170.1 540.24 771.23 0.0 32740.0 0.0 2172
305.13 -194.78 540.32 771.23 0.0 32740.0 0.0 2172
305.18 -212.21 540.36 771.23 0.0 32931.0 0.0 2172
305.23 -237.86 540.0 771.23 0.0 32994.0 0.0 2171
305.28 -258.66 539.53 771.23 0.0 33057.0 0.0 2171
305.32 -278.5 538.97 771.23 0.0 33120.0 0.0 2171
305.37 -299.3 538.28 771.23 0.0 33120.0 0.0 2171
305.42 -321.07 537.55 771.23 0.0 33183.0 0.0 2171
305.47 -343.32 536.67 771.23 0.0 33183.0 0.0 2171
305.52 -364.11 535.84 771.23 0.0 33246.0 0.0 2171
305.57 -384.42 534.92 771.23 0.0 33246.0 0.0 2171
305.61 -402.31 534.1 771.23 0.0 33246.0 0.0 2171
305.65 -418.75 533.38 791.05 0.0 33309.0 4.0 2171
305.7 -440.75 532.41 808.57 0.0 33309.0 18.0 2171
305.74 -458.88 531.59 820.98 0.0 33309.0 15.0 2171
305.78 -472.91 530.95 826.69 0.0 33309.0 12.0 2171
305.82 -490.31 530.16 832.74 0.0 33309.0 12.0 2152
305.85 -507.23 529.38 837.16 0.0 33309.0 11.0 2152
305.89 -523.19 528.64 840.0 0.0 33309.0 10.0 2152
305.93 -539.63 527.87 841.65 0.0 33309.0 9.0 2152
305.97 -561.87 526.82 842.02 0.0 33372.0 10.0 2152
306.01 -579.27 525.99 840.33 0.0 33499.0 21.0 2152
306.06 -601.51 524.88 836.3 0.0 34047.0 48.0 2152
306.14 -616.58 522.88 823.4 0.0 34648.0 65535.0 2152
306.22 -620.29 520.87 802.48 0.0 35024.0 226.0 2152
306.26 -620.88 520.47 794.74 0.0 35513.0 461.0 2152
306.31 -621.16 519.64 782.32 0.0 36136.0 0.0 2152
306.36 -621.6 518.35 761.0 0.0 36993.0 0.0 2152
306.41 -624.5 516.17 739.86 0.0 37564.0 65400.0 2152
306.46 -626.47 514.43 717.32 0.0 37627.0 0.0 2152
306.51 -628.4 512.73 693.13 0.0 37627.0 0.0 2152
306.56 -630.46 510.91 665.02 0.0 37627.0 0.0 2308
306.6 -632.11 509.45 640.4 0.0 37818.0 65535.0 2308
306.65 -634.04 507.75 610.08 0.0 38073.0 0.0 2308
306.69 -635.92 506.09 578.38 0.0 38697.0 65535.0 2308
306.74 -638.07 504.19 540.26 0.0 39951.0 0.0 2308
306.79 -639.95 502.53 503.66 0.0 40846.0 65535.0 2308
306.85 -642.81 500.0 449.99 0.0 42117.0 0.0 2308
306.9 -644.25 498.73 449.99 0.0 43082.0 0.0 2308
306.94 -644.15 498.81 451.99 0.0 44569.0 0.0 2308
306.99 -648.14 490.9 451.99 0.0 46711.0 0.0 2308
307.05 -653.01 474.37 451.99 0.0 49140.0 65410.0 2308
307.1 -654.69 452.23 451.99 0.0 49907.0 215.0 2308
307.15 -654.19 426.94 451.99 0.0 49907.0 257.0 2308
307.19 -652.73 404.1 451.99 0.0 49907.0 197.0 2308
307.24 -650.48 384.19 451.99 0.0 49907.0 97.0 2308
307.29 -648.78 360.04 451.99 0.0 49396.0 57.0 2308
307.34 -648.29 338.26 451.99 0.0 48949.0 65455.0 2308
307.38 -648.69 320.34 451.99 0.0 48279.0 65410.0 2308
307.43 -650.68 294.72 451.99 0.0 47289.0 65314.0 2308
307.49 -655.11 266.45 451.99 0.0 46413.0 65173.0 2308
307.55 -662.93 242.66 451.99 0.0 45113.0 65196.0 2308
307.6 -669.2 225.54 451.99 0.0 44239.0 65152.0 2308
307.65 -681.38 204.35 451.99 0.0 43597.0 65117.0 2308
307.7 -693.45 184.34 451.99 0.0 43470.0 65195.0 2308
307.74 -700.75 171.77 451.99 0.0 43533.0 65388.0 2308
307.78 -709.54 157.82 451.99 0.0 44832.0 65458.0 2308
307.83 -718.77 137.51 451.99 0.0 47205.0 206.0 2286
307.88 -712.1 114.71 451.99 0.0 50640.0 495.0 2286
307.92 -696.67 98.03 451.99 0.0 52957.0 461.0 2286
307.97 -676.14 86.06 451.99 0.0 53894.0 473.0 2286
308.04 -638.71 70.79 451.99 0.0 53957.0 405.0 2286
308.09 -619.49 65.83 451.99 0.0 54546.0 302.0 2286
308.13 -603.72 62.48 451.99 0.0 54673.0 214.0 2286
308.17 -589.17 59.36 451.99 0.0 54673.0 125.0 2286
308.21 -575.78 47.12 451.99 0.0 54673.0 65119.0 2286
308.25 -564.15 30.91 451.99 0.0 54673.0 65096.0 2286
308.29 -554.86 15.28 451.99 0.0 54673.0 65119.0 2286
308.33 -547.2 -1.53 451.99 0.0 54673.0 65290.0 2286
308.37 -537.49 -17.75 451.99 0.0 54673.0 65393.0 2286
308.41 -528.63 -32.75 451.99 0.0 54673.0 65458.0 2286
308.45 -520.03 -47.35 451.99 0.0 54673.0 65492.0 2286
308.49 -510.71 -63.21 451.99 0.0 54673.0 0.0 2286
308.55 -496.12 -88.04 451.99 0.0 54673.0 0.0 2286
308.59 -488.37 -101.31 451.99 0.0 54673.0 0.0 2286
308.63 -488.09 -118.53 451.99 0.0 54546.0 65130.0 2286
308.67 -491.23 -135.47 451.99 0.0 54154.0 65141.0 2286
308.71 -496.54 -154.36 451.99 0.0 53657.0 65107.0 2286
308.75 -502.4 -170.35 451.99 0.0 53396.0 65198.0 2286
308.79 -510.69 -186.7 451.99 0.0 53205.0 65304.0 2286
308.87 -527.27 -228.58 451.99 0.0 52951.0 65408.0 2286
308.91 -533.49 -242.26 451.99 0.0 52951.0 65457.0 2286
308.95 -539.67 -255.69 451.99 0.0 52951.0 65496.0 2286
309.03 -556.39 -292.89 451.99 0.0 52951.0 0.0 2286
309.07 -561.69 -304.38 451.99 0.0 52951.0 0.0 2286
309.11 -567.61 -317.41 451.99 0.0 52951.0 0.0 2286
309.15 -573.55 -330.43 451.99 0.0 52951.0 0.0 2286
309.22 -589.68 -366.43 451.99 0.0 52951.0 0.0 2286
309.26 -595.67 -379.79 451.94 0.0 52951.0 0.0 2286
309.3 -601.27 -392.26 451.9 0.0 52951.0 0.0 2286
309.38 -618.49 -430.69 451.9 0.0 52951.0 0.0 2285
309.42 -624.53 -444.16 451.9 0.0 53014.0 0.0 2285
309.46 -630.48 -457.67 451.9 0.0 53635.0 0.0 2285
309.5 -636.32 -473.07 451.9 0.0 54303.0 72.0 2285
309.54 -634.0 -489.68 451.9 0.0 55186.0 382.0 2285
309.61 -616.67 -525.24 451.9 0.0 56787.0 371.0 2285
309.65 -604.81 -538.52 451.9 0.0 57424.0 439.0 2285
309.69 -593.78 -548.73 451.9 0.0 57844.0 382.0 2285
309.73 -581.34 -559.74 451.9 0.0 57971.0 349.0 2285
309.77 -566.89 -570.22 451.9 0.0 57971.0 234.0 2285
309.81 -553.97 -581.94 451.9 0.0 57971.0 135.0 2285
309.84 -542.44 -592.29 451.9 0.0 57971.0 74.0 2285
309.88 -530.18 -603.27 451.9 0.0 57971.0 44.0 2285
309.95 -503.86 -626.84 451.9 0.0 57971.0 0.0 2285
310.01 -480.34 -647.74 451.9 0.0 57971.0 0.0 2285
310.08 -455.26 -669.79 451.9 0.0 58034.0 0.0 2285
310.12 -447.8 -676.33 451.9 0.0 58034.0 0.0 2285
310.18 -423.14 -697.94 451.9 0.0 58034.0 0.0 2285
310.25 -398.61 -719.43 451.9 0.0 58034.0 0.0 2285
310.32 -375.52 -739.62 451.9 0.0 58034.0 0.0 2276
310.37 -362.05 -751.42 451.9 0.0 58034.0 0.0 2276
310.43 -339.84 -770.88 451.9 0.0 58034.0 0.0 2276
310.5 -316.91 -790.97 451.9 0.0 58034.0 0.0 2276
310.56 -297.25 -808.19 451.9 0.0 58034.0 0.0 2276
310.63 -273.58 -828.92 451.9 0.0 58034.0 0.0 2194
310.69 -253.56 -846.46 451.9 0.0 58034.0 0.0 2194
310.76 -230.99 -866.24 451.9 0.0 58034.0 0.0 2194
310.82 -209.87 -884.74 451.9 0.0 58034.0 0.0 2194
310.89 -189.12 -902.92 451.9 0.0 58034.0 0.0 2194
310.95 -170.19 -919.5 451.9 0.0 58034.0 0.0 2194
311.01 -149.44 -937.68 451.9 0.0 58034.0 0.0 2194
311.07 -127.6 -956.82 451.9 0.0 58034.0 0.0 2194
311.14 -103.57 -977.87 451.9 0.0 58034.0 0.0 2194
311.2 -85.37 -993.81 451.9 0.0 58034.0 0.0 2194
311.25 -70.81 -1006.57 451.9 0.0 58034.0 0.0 2194
311.31 -52.6 -1022.52 451.9 0.0 58034.0 0.0 2194
311.37 -32.58 -1040.06 451.9 0.0 58034.0 0.0 2194
311.42 -16.56 -1054.09 451.9 0.0 58034.0 0.0 2194
311.47 -1.27 -1067.49 451.9 0.0 58034.0 0.0 2199
311.52 16.57 -1083.11 451.9 0.0 58034.0 0.0 2199
311.57 35.86 -1100.02 451.9 0.0 58034.0 0.0 2199
311.63 58.6 -1104.13 451.9 0.0 58034.0 270.0 2199
311.67 80.02 -1103.76 451.9 0.0 58034.0 259.0 2199
311.72 100.82 -1102.18 451.9 0.0 57779.0 147.0 2199
311.77 122.64 -1099.44 451.9 0.0 56697.0 0.0 2199
311.82 147.71 -1102.0 451.9 0.0 53966.0 65442.0 2199
311.88 167.44 -1114.93 451.9 0.0 50896.0 65254.0 2199
311.93 171.08 -1140.13 451.9 0.0 47426.0 65243.0 2199
311.97 161.49 -1153.26 451.9 0.0 44971.0 65141.0 2199
312.01 147.1 -1163.97 451.9 0.0 42900.0 65153.0 2199
312.09 101.68 -1178.71 451.9 0.0 40366.0 65051.0 2199
312.16 64.59 -1177.87 451.9 0.0 38779.0 65186.0 2199
312.23 30.67 -1170.55 451.9 0.0 38538.0 65269.0 2199
312.27 19.42 -1166.17 451.9 0.0 38538.0 65358.0 2199
312.31 5.57 -1161.88 451.9 0.0 38538.0 65435.0 2199
312.34 -9.11 -1156.79 451.9 0.0 38538.0 65476.0 2198
312.39 -27.97 -1152.4 451.9 0.0 38538.0 65500.0 2198
312.43 -43.99 -1148.63 451.9 0.0 38538.0 0.0 2198
312.47 -61.5 -1153.22 451.9 0.0 38538.0 405.0 2198
312.5 -77.29 -1160.95 451.9 0.0 38538.0 394.0 2198
312.55 -96.2 -1171.95 451.9 0.0 38538.0 461.0 2198
312.62 -121.33 -1199.79 451.9 0.0 37827.0 360.0 2198
312.66 -126.94 -1214.72 451.9 0.0 37572.0 416.0 2198
312.71 -133.65 -1235.24 451.9 0.0 37045.0 436.0 2198
312.75 -138.83 -1251.33 451.9 0.0 36229.0 103.0 2198
312.79 -144.07 -1266.33 451.9 0.0 36038.0 65494.0 2198
312.82 -151.04 -1280.16 451.9 0.0 36038.0 65490.0 2198
312.86 -159.77 -1297.44 451.9 0.0 35975.0 65506.0 2198
312.91 -168.41 -1314.23 451.9 0.0 35975.0 0.0 2198
312.94 -175.08 -1327.12 451.9 0.0 35975.0 0.0 2198
312.98 -183.97 -1344.32 451.9 0.0 35975.0 0.0 2198
313.06 -212.4 -1372.09 451.9 0.0 35975.0 65153.0 2198
313.14 -252.7 -1373.09 451.9 0.0 35975.0 65107.0 2195
313.18 -265.88 -1365.67 451.9 0.0 35784.0 65119.0 2195
313.22 -284.44 -1354.78 451.9 0.0 35784.0 65051.0 2195
313.27 -302.64 -1343.49 451.9 0.0 35784.0 65216.0 2195
313.32 -322.65 -1331.44 451.9 0.0 35784.0 65372.0 2195
313.36 -336.21 -1321.64 451.9 0.0 35784.0 65469.0 2195
313.41 -352.83 -1312.7 451.9 0.0 35847.0 65499.0 2195
313.45 -367.78 -1304.73 451.9 0.0 36230.0 0.0 2195
313.49 -382.11 -1297.67 451.9 0.0 36549.0 39.0 2195
313.53 -398.39 -1290.17 451.9 0.0 37011.0 59.0 2195
313.61 -439.52 -1273.73 451.9 0.0 37843.0 100.0 2195
313.64 -450.54 -1270.33 451.9 0.0 38342.0 95.0 2195
313.71 -483.84 -1261.81 451.9 0.0 39252.0 106.0 2195
313.78 -518.51 -1255.94 451.9 0.0 39379.0 97.0 2195
313.87 -561.09 -1249.75 451.9 0.0 39379.0 47.0 2195
313.93 -584.81 -1246.56 451.9 0.0 39379.0 0.0 2195
314.0 -616.21 -1242.35 451.9 0.0 39379.0 0.0 2195
314.07 -647.79 -1237.52 451.9 0.0 39379.0 0.0 2195
314.14 -676.98 -1233.06 451.9 0.0 39379.0 0.0 2195
314.21 -703.29 -1229.03 451.9 0.0 39379.0 0.0 2195
314.28 -726.0 -1241.93 451.9 0.0 39379.0 349.0 2195
314.34 -736.46 -1269.89 451.9 0.0 39379.0 292.0 2195
314.38 -737.03 -1284.85 451.9 0.0 39379.0 382.0 2195
314.44 -741.64 -1315.66 451.9 0.0 39379.0 202.0 2195
314.5 -745.58 -1347.34 451.9 0.0 39379.0 78.0 2195
314.56 -747.33 -1374.51 451.9 0.0 39379.0 37.0 2195
314.63 -752.88 -1406.67 480.39 0.0 39188.0 22.0 2181
314.69 -757.93 -1435.56 497.74 0.0 38418.0 65504.0 2181
314.75 -762.17 -1458.37 507.74 0.0 38108.0 65461.0 2181
314.78 -764.75 -1471.9 510.86 0.0 37725.0 65431.0 2181
314.84 -770.92 -1502.39 514.76 0.0 36990.0 65417.0 2181
314.91 -778.76 -1537.23 514.06 0.0 35976.0 65352.0 2181
314.98 -787.49 -1570.81 507.99 0.0 34619.0 65312.0 2181
315.02 -791.08 -1582.53 503.78 0.0 33893.0 65301.0 2181
315.06 -795.83 -1597.1 497.83 0.0 33259.0 65298.0 2181
315.11 -801.92 -1613.39 488.79 0.0 32632.0 65293.0 2181
315.15 -808.45 -1630.57 479.41 0.0 32225.0 65293.0 2181
315.21 -823.54 -1662.14 458.31 0.0 32162.0 64882.0 2181
315.29 -845.6 -1697.4 447.61 0.0 32162.0 65096.0 2181
315.33 -856.31 -1699.61 449.07 0.0 32162.0 65141.0 2181
315.36 -872.31 -1699.94 450.46 0.0 32162.0 65153.0 2181
315.4 -889.95 -1699.04 451.15 0.0 32162.0 65141.0 2181
315.44 -908.2 -1697.59 451.5 0.0 32162.0 65130.0 2181
315.48 -926.83 -1695.98 451.68 0.0 32162.0 65250.0 2181
315.52 -944.51 -1693.09 451.85 0.0 32162.0 65376.0 2181
315.56 -959.98 -1692.29 451.85 0.0 32162.0 65448.0 2181
315.63 -1001.79 -1690.19 451.85 0.0 32162.0 0.0 2181
315.67 -1014.0 -1689.45 451.85 0.0 32162.0 0.0 2181
315.71 -1028.12 -1688.53 451.85 0.0 32162.0 0.0 2181
315.75 -1045.52 -1687.52 451.85 0.0 32162.0 0.0 2181
315.79 -1062.91 -1686.51 451.85 0.0 32162.0 0.0 2181
315.83 -1083.21 -1685.33 451.85 0.0 32162.0 0.0 2181
315.87 -1100.12 -1684.34 451.85 0.0 32162.0 0.0 2181
315.95 -1140.46 -1681.99 451.85 0.0 32162.0 0.0 2181
315.99 -1154.6 -1681.17 451.85 0.0 32162.0 0.0 2181
316.03 -1169.15 -1680.32 451.85 0.0 32162.0 0.0 2181
316.07 -1183.12 -1671.47 451.85 0.0 32162.0 65141.0 2181
316.14 -1210.9 -1645.86 451.85 0.0 32162.0 65186.0 2181
316.18 -1220.07 -1634.21 451.85 0.0 32162.0 65266.0 2181
316.21 -1229.8 -1622.21 451.85 0.0 32162.0 65391.0 2181
316.28 -1254.42 -1594.25 451.85 0.0 32162.0 65485.0 2181
316.36 -1276.83 -1568.51 451.85 0.0 32162.0 0.0 2167
316.39 -1284.23 -1559.71 451.85 0.0 32035.0 0.0 2167
316.47 -1307.65 -1531.41 451.85 0.0 30625.0 65449.0 2167
316.5 -1313.74 -1522.05 451.85 0.0 29495.0 65356.0 2167
316.57 -1328.21 -1493.38 451.85 0.0 27444.0 65238.0 2167
316.61 -1332.85 -1477.22 451.85 0.0 26016.0 65107.0 2167
316.65 -1334.93 -1462.64 451.85 0.0 25176.0 65141.0 2167
316.69 -1336.27 -1444.46 451.85 0.0 24921.0 65151.0 2167
316.73 -1334.83 -1429.77 451.85 0.0 24921.0 65317.0 2167
316.78 -1347.81 -1410.04 451.85 0.0 24921.0 484.0 2167
316.82 -1366.79 -1403.12 451.85 0.0 25688.0 416.0 2167
316.89 -1407.48 -1403.04 451.85 0.0 29300.0 349.0 2167
316.96 -1441.13 -1418.24 451.85 0.0 32906.0 405.0 2167
317.01 -1459.28 -1436.6 451.85 0.0 35072.0 315.0 2167
317.08 -1477.61 -1464.43 451.85 0.0 35443.0 337.0 2167
317.14 -1491.21 -1489.62 451.85 0.0 35443.0 154.0 2167
317.2 -1503.95 -1513.68 451.85 0.0 35443.0 56.0 2167
317.27 -1519.38 -1541.73 451.85 0.0 35443.0 24.0 2167
317.34 -1534.4 -1570.03 451.85 0.0 35252.0 0.0 2158
317.4 -1548.99 -1592.87 451.85 0.0 34379.0 65492.0 2158
317.44 -1552.14 -1596.03 449.85 0.0 33016.0 65456.0 2158
317.51 -1582.24 -1626.4 461.0 0.0 29812.0 65352.0 2158
317.58 -1611.87 -1639.91 492.08 0.0 27763.0 65313.0 2158
317.64 -1639.61 -1635.34 532.43 0.0 26712.0 65208.0 2158
317.7 -1667.72 -1618.15 581.6 0.0 26844.0 65229.0 2158
317.77 -1693.8 -1601.09 635.22 0.0 26844.0 65257.0 2158
317.84 -1685.35 -1605.18 690.25 0.0 26844.0 0.0 2266
317.9 -1686.45 -1611.01 728.96 0.0 27992.0 0.0 2266
317.96 -1693.4 -1626.01 752.47 0.0 30800.0 0.0 2266
318.02 -1697.68 -1648.63 766.19 0.0 32888.0 312.0 2266
318.08 -1697.22 -1681.52 770.85 0.0 35393.0 300.0 2266
318.15 -1700.09 -1711.43 770.85 0.0 37748.0 65196.0 2266
318.21 -1707.28 -1735.74 770.85 0.0 38685.0 65457.0 2266
318.27 -1713.04 -1761.73 770.85 0.0 38685.0 0.0 2266
318.33 -1719.02 -1788.66 770.85 0.0 38685.0 0.0 2260
318.39 -1725.09 -1816.07 772.68 0.0 38687.0 0.0 2260
318.45 -1739.75 -1836.83 772.68 0.0 38687.0 65231.0 2260
318.51 -1760.92 -1854.45 772.68 0.0 38240.0 65231.0 2260
318.58 -1786.86 -1869.16 772.68 0.0 37264.0 65220.0 2260
318.63 -1811.1 -1879.51 772.68 0.0 36808.0 65314.0 2260
318.69 -1835.82 -1888.76 772.68 0.0 36554.0 65399.0 2260
318.76 -1863.17 -1896.84 772.68 0.0 36491.0 65444.0 2260
318.82 -1888.61 -1906.21 772.68 0.0 36428.0 65489.0 2260
318.88 -1916.79 -1916.52 772.68 0.0 36428.0 0.0 2260
318.94 -1939.98 -1924.99 772.68 0.0 36428.0 0.0 2260
319.0 -1964.98 -1934.14 772.68 0.0 36428.0 0.0 2289
319.07 -1996.34 -1945.62 772.68 0.0 36428.0 0.0 2289
319.13 -2018.16 -1953.61 772.68 0.0 36428.0 0.0 2289
319.19 -2036.24 -1969.94 772.68 0.0 36428.0 292.0 2289
319.25 -2050.3 -1991.58 772.68 0.0 36428.0 281.0 2289
319.31 -2063.06 -2017.32 772.68 0.0 35589.0 152.0 2289
319.37 -2075.29 -2042.24 772.68 0.0 33955.0 65489.0 2289
319.43 -2100.24 -2050.74 772.68 0.0 32345.0 65243.0 2289
319.48 -2127.69 -2050.51 772.68 0.0 29815.0 65254.0 2289
319.54 -2154.94 -2042.31 772.68 0.0 26796.0 65209.0 2289
319.6 -2180.99 -2024.71 772.68 0.0 22955.0 65186.0 2289
319.64 -2183.28 -2006.23 772.68 0.0 20370.0 65119.0 2289
319.69 -2177.22 -1977.88 772.68 0.0 17749.0 65017.0 2289
319.75 -2160.3 -1951.0 772.68 0.0 14969.0 64961.0 2289
319.81 -2135.33 -1930.43 772.68 0.0 11988.0 64927.0 2289
319.88 -2100.81 -1917.14 772.68 0.0 9166.0 64837.0 2289
319.95 -2061.88 -1914.91 772.68 0.0 6787.0 64781.0 2289
320.02 -2026.07 -1922.17 772.68 0.0 6017.0 64792.0 2289
320.09 -1999.4 -1909.66 772.68 0.0 5954.0 675.0 2289
320.16 -1973.09 -1891.76 772.68 0.0 5954.0 598.0 2262
320.23 -1945.79 -1872.46 772.68 0.0 5954.0 210.0 2266
320.3 -1938.6 -1842.04 772.68 0.0 5954.0 664.0 2266
320.36 -1935.96 -1814.77 772.68 0.0 6401.0 608.0 2266
320.43 -1932.62 -1779.09 772.68 0.0 7381.0 410.0 2262
320.5 -1932.28 -1747.75 772.68 0.0 8820.0 357.0 2262
320.59 -1937.32 -1702.33 772.68 0.0 10377.0 576.0 2262
320.65 -1944.74 -1677.59 772.68 0.0 10568.0 407.0 2262
320.71 -1951.85 -1655.24 772.68 0.0 10759.0 172.0 2262
320.77 -1961.29 -1630.42 772.68 0.0 11526.0 115.0 2262
320.84 -1970.97 -1602.94 772.68 0.0 12327.0 209.0 2262
320.89 -1981.03 -1580.79 772.68 0.0 12646.0 227.0 2262
320.96 -1994.64 -1551.82 772.68 0.0 13093.0 166.0 2262
321.02 -2006.98 -1528.72 772.68 0.0 13638.0 147.0 2262
321.08 -2019.25 -1508.34 772.68 0.0 13829.0 153.0 2262
321.14 -2033.64 -1484.78 772.68 0.0 13829.0 99.0 2262
321.2 -2044.43 -1466.98 772.68 0.0 13829.0 0.0 2262
321.26 -2060.14 -1440.85 772.68 0.0 13829.0 0.0 2262
321.31 -2071.11 -1422.59 772.68 0.0 13829.0 0.0 2262
321.38 -2087.05 -1396.03 772.68 0.0 13829.0 0.0 2261
321.43 -2097.13 -1379.22 772.68 0.0 13574.0 0.0 2226
321.49 -2111.03 -1354.55 772.68 0.0 13191.0 65493.0 2226
321.55 -2123.98 -1329.08 772.68 0.0 12936.0 65451.0 2226
321.61 -2135.03 -1305.9 772.68 0.0 12873.0 65460.0 2226
321.68 -2149.81 -1274.87 772.68 0.0 12746.0 0.0 2226
321.75 -2161.3 -1249.79 772.68 0.0 12555.0 0.0 2226
321.8 -2170.16 -1229.36 772.68 0.0 12236.0 65491.0 2226
321.86 -2178.61 -1208.22 772.68 0.0 11981.0 65469.0 2226
321.92 -2189.68 -1179.54 772.68 0.0 11662.0 65456.0 2226
321.98 -2195.41 -1161.25 772.68 0.0 11471.0 65463.0 2226
322.03 -2202.7 -1138.67 772.68 0.0 11216.0 65472.0 2226
322.08 -2209.55 -1115.45 772.68 0.0 10961.0 65467.0 2226
322.14 -2217.2 -1086.92 772.68 0.0 10770.0 65458.0 2226
322.2 -2223.53 -1061.05 772.68 0.0 10707.0 65470.0 2226
322.26 -2213.71 -1038.91 772.68 0.0 10707.0 64984.0 2226
322.31 -2198.75 -1016.24 772.68 0.0 10707.0 64950.0 2227
322.37 -2168.93 -1005.36 772.68 0.0 10770.0 64927.0 2227
322.43 -2144.18 -1001.09 772.68 0.0 10770.0 65006.0 2227
322.49 -2112.49 -995.3 772.68 0.0 10833.0 65156.0 2229
322.54 -2090.56 -991.58 772.68 0.0 10833.0 65431.0 2229
322.59 -2066.58 -988.05 772.68 0.0 10833.0 65485.0 2229
322.65 -2045.48 -982.63 772.68 0.0 10833.0 0.0 2229
322.71 -2016.9 -975.24 772.68 0.0 10833.0 0.0 2229
322.76 -1997.21 -970.16 772.68 0.0 10896.0 0.0 2229
322.81 -1972.89 -963.7 772.68 0.0 10896.0 0.0 2229
322.87 -1947.63 -957.0 771.9 0.0 10896.0 0.0 2229
322.92 -1926.09 -951.3 794.24 0.0 10896.0 65029.0 2229
322.97 -1903.94 -945.45 809.74 0.0 10896.0 2.0 2229
323.02 -1879.77 -939.05 822.53 0.0 10896.0 1.0 2229
323.08 -1849.94 -931.16 830.46 0.0 10896.0 1.0 2228
323.13 -1828.45 -925.48 834.03 0.0 10896.0 0.0 2228
323.18 -1804.56 -919.15 856.69 0.0 10896.0 0.0 2228
323.24 -1774.41 -911.17 875.98 0.0 10896.0 0.0 2228
323.3 -1750.33 -904.8 887.58 0.0 10896.0 1.0 2228
323.35 -1726.06 -898.37 894.21 0.0 10896.0 0.0 2228
323.41 -1702.3 -892.08 898.14 0.0 10896.0 0.0 2228
323.46 -1680.05 -886.19 899.46 0.0 10896.0 0.0 2228
323.51 -1657.8 -880.3 898.62 0.0 10896.0 0.0 2228
323.56 -1633.03 -873.73 895.22 0.0 10896.0 0.0 2228
323.63 -1596.37 -864.02 886.02 0.0 10896.0 0.0 2228
323.68 -1575.96 -856.98 877.79 0.0 10896.0 518.0 2228
323.75 -1541.82 -842.75 859.18 0.0 10896.0 720.0 2228
323.8 -1521.45 -832.71 844.6 0.0 10896.0 540.0 2228
323.86 -1500.89 -820.65 825.28 0.0 10896.0 551.0 2228
323.91 -1476.15 -805.93 800.97 0.0 10896.0 585.0 2228
323.97 -1454.27 -791.57 775.64 0.0 10896.0 574.0 2228
324.04 -1424.3 -769.52 773.59 0.0 10896.0 443.0 2233
324.1 -1413.37 -752.25 772.72 0.0 10896.0 529.0 2233
324.15 -1403.9 -734.14 772.28 0.0 10896.0 434.0 2233
324.19 -1394.14 -715.34 772.07 0.0 10896.0 215.0 2233
324.24 -1385.26 -695.97 771.85 0.0 10896.0 105.0 2233
324.3 -1373.84 -676.3 771.85 0.0 10896.0 52.0 2233
324.34 -1363.15 -657.88 771.85 0.0 10896.0 0.0 2233
324.41 -1345.63 -627.75 771.85 0.0 10896.0 0.0 2233
324.47 -1320.9 -617.97 771.85 0.0 10896.0 64950.0 2233
324.52 -1296.81 -612.91 771.85 0.0 10896.0 64984.0 2233
324.58 -1274.94 -608.95 771.85 0.0 10896.0 65267.0 2233
324.63 -1250.29 -603.79 771.85 0.0 10896.0 65403.0 2233
324.68 -1226.33 -599.72 771.85 0.0 10896.0 65478.0 2233
324.74 -1210.05 -579.45 771.85 0.0 10896.0 563.0 2233
324.8 -1212.11 -548.88 771.85 0.0 10896.0 574.0 2233
324.85 -1219.85 -522.83 771.85 0.0 10896.0 540.0 2233
324.9 -1227.93 -500.0 771.85 0.0 10896.0 415.0 2233
324.95 -1236.22 -475.1 771.85 0.0 10896.0 200.0 2233
325.0 -1244.06 -457.05 771.85 0.0 10896.0 76.0 2233
325.05 -1250.62 -432.24 771.85 0.0 10896.0 41.0 2232
