187.08 -1222.03 -515.93 771.9 0.0 11279.0 0.0 2233
187.15 -1288.69 -535.77 771.9 0.0 11279.0 0.0 2233
187.24 -1277.32 -490.71 771.9 0.0 11279.0 991.0 2233
187.3 -1276.81 -471.46 771.9 0.0 11279.0 283.0 2233
187.36 -1270.78 -450.08 771.9 0.0 11279.0 126.0 2233
187.41 -1263.38 -430.75 771.9 0.0 11279.0 0.0 2232
187.45 -1256.67 -415.29 771.9 0.0 11279.0 0.0 2232
187.51 -1260.54 -389.51 771.9 0.0 11279.0 551.0 2232
187.57 -1269.3 -362.92 771.9 0.0 11279.0 585.0 2232
187.62 -1277.86 -340.57 771.9 0.0 11279.0 281.0 2232
187.67 -1285.8 -319.08 771.9 0.0 11279.0 122.0 2232
187.72 -1293.97 -299.66 771.9 0.0 11279.0 54.0 2232
187.77 -1300.32 -278.83 771.9 0.0 11279.0 0.0 2232
187.81 -1295.99 -262.44 771.9 0.0 11279.0 65119.0 2232
187.85 -1287.14 -243.33 771.9 0.0 11279.0 65074.0 2232
187.9 -1278.34 -227.81 771.9 0.0 11279.0 65119.0 2232
187.94 -1267.2 -212.19 771.9 0.0 11279.0 65278.0 2232
187.98 -1248.45 -199.98 771.9 0.0 11279.0 65062.0 2232
188.04 -1223.52 -190.83 771.9 0.0 11279.0 64995.0 2232
188.09 -1197.81 -183.7 771.9 0.0 11279.0 65130.0 2232
188.14 -1178.65 -179.02 771.9 0.0 11279.0 65388.0 2232
188.2 -1148.85 -170.74 771.9 0.0 11279.0 65440.0 2232
188.24 -1131.8 -166.18 771.9 0.0 11279.0 0.0 2232
188.31 -1101.97 -157.44 771.9 0.0 11279.0 0.0 2232
188.35 -1084.72 -152.41 771.9 0.0 11279.0 0.0 2232
188.4 -1068.39 -147.71 771.9 0.0 11279.0 0.0 2231
188.46 -1041.77 -139.59 771.9 0.0 11279.0 0.0 2231
188.5 -1026.14 -134.83 771.9 0.0 11279.0 0.0 2231
188.55 -1006.81 -128.95 771.9 0.0 11279.0 0.0 2231
188.6 -980.88 -121.05 771.9 0.0 11279.0 0.0 2231
188.64 -966.53 -116.68 771.9 0.0 11279.0 0.0 2231
188.69 -947.55 -110.9 771.9 0.0 11279.0 0.0 2231
188.73 -927.18 -104.69 771.9 0.0 11279.0 0.0 2155
188.78 -907.27 -98.63 771.9 0.0 11279.0 0.0 2155
188.83 -887.36 -92.56 771.9 0.0 11279.0 0.0 2155
188.87 -873.01 -88.19 771.9 0.0 11279.0 0.0 2155
188.91 -851.24 -81.56 771.9 0.0 11279.0 0.0 2155
188.98 -817.91 -71.41 771.9 0.0 11279.0 0.0 2155
189.03 -800.78 -66.19 771.9 0.0 11279.0 0.0 2155
189.08 -781.8 -60.41 771.9 0.0 11279.0 0.0 2155
189.12 -763.28 -54.77 771.9 0.0 11279.0 0.0 2155
189.17 -745.68 -49.41 771.9 0.0 11279.0 0.0 2155
189.22 -722.53 -42.36 771.9 0.0 11279.0 0.0 2155
189.26 -703.55 -36.57 771.9 0.0 11279.0 0.0 2155
189.31 -682.71 -30.23 771.9 0.0 11279.0 0.0 2155
189.36 -666.97 -25.43 771.9 0.0 11279.0 0.0 2155
189.4 -647.06 -19.37 771.9 0.0 11342.0 0.0 2155
189.45 -625.34 -12.61 771.9 0.0 12124.0 0.0 2155
189.5 -606.41 -5.11 771.9 0.0 13143.0 99.0 2155
189.54 -590.4 3.1 771.9 0.0 13558.0 166.0 2155
189.59 -567.43 1.39 771.9 0.0 13877.0 65040.0 2177
189.64 -541.81 -4.45 771.9 0.0 14458.0 65414.0 2177
189.71 -510.98 -11.4 771.9 0.0 14458.0 65522.0 2177
189.75 -496.11 -15.18 771.9 0.0 14458.0 65534.0 2177
189.84 -448.94 -24.49 771.9 0.0 14458.0 0.0 2177
189.88 -438.22 -26.85 771.9 0.0 14458.0 0.0 2177
189.92 -424.3 -29.65 771.9 0.0 14458.0 0.0 2177
189.96 -409.44 -32.64 771.9 0.0 14841.0 0.0 2177
190.0 -389.82 -35.66 771.9 0.0 14968.0 65532.0 2178
190.07 -351.73 -41.1 771.9 0.0 15031.0 65535.0 2178
190.14 -317.53 -45.61 771.9 0.0 15031.0 0.0 2178
190.22 -283.39 -50.03 771.9 0.0 15031.0 0.0 2178
190.29 -252.12 -53.99 771.9 0.0 15094.0 0.0 2178
190.33 -242.27 -55.21 771.9 0.0 15221.0 0.0 2178
190.4 -211.13 -34.27 771.9 0.0 15221.0 614.0 2178
190.44 -198.74 -21.38 771.9 0.0 15221.0 291.0 2178
190.48 -189.1 -11.32 771.9 0.0 15221.0 147.0 2178
190.56 -168.94 23.94 771.9 0.0 15221.0 428.0 2178
190.62 -163.04 56.06 771.9 0.0 15221.0 360.0 2178
190.66 -162.88 70.86 771.9 0.0 15221.0 363.0 2178
190.74 -159.47 106.91 771.9 0.0 15221.0 116.0 2178
190.82 -155.82 146.42 771.9 0.0 14454.0 48.0 2178
190.89 -149.2 181.55 771.9 0.0 13117.0 65370.0 2178
190.93 -146.48 189.13 771.9 0.0 12247.0 65313.0 2178
191.0 -132.12 221.75 771.9 0.0 10127.0 65223.0 2172
191.04 -125.5 230.38 771.9 0.0 9133.0 65153.0 2172
191.11 -103.05 258.12 771.9 0.0 8821.0 65247.0 2172
191.15 -94.61 266.23 771.9 0.0 8694.0 65347.0 2172
191.22 -68.35 294.75 771.59 0.0 8694.0 65437.0 2172
191.29 -47.22 316.2 771.28 0.0 8694.0 0.0 2172
191.36 -24.11 341.63 771.28 0.0 8694.0 0.0 2172
191.4 -18.08 348.25 771.28 0.0 8694.0 0.0 2172
191.47 5.1 373.78 771.28 0.0 8694.0 0.0 2172
191.54 27.66 398.57 771.28 0.0 8694.0 0.0 2172
191.61 55.29 412.42 771.28 0.0 8694.0 65175.0 2172
191.64 66.91 412.11 771.28 0.0 8694.0 65141.0 2172
191.71 101.78 414.16 771.28 0.0 8694.0 65302.0 2172
191.79 139.72 414.95 771.28 0.0 8694.0 65435.0 2172
191.84 154.63 414.45 771.28 0.0 8694.0 65477.0 2172
191.88 171.28 414.56 771.28 0.0 10101.0 0.0 2172
191.92 185.53 416.26 771.28 0.0 11439.0 119.0 2172
191.96 198.43 420.5 771.28 0.0 12626.0 174.0 2172
192.0 217.47 428.05 771.28 0.0 14246.0 197.0 2172
192.07 249.28 447.85 771.28 0.0 17569.0 187.0 2192
192.11 260.15 460.33 771.28 0.0 20093.0 186.0 2192
192.15 267.68 474.68 771.28 0.0 23005.0 126.0 2192
192.22 274.28 510.3 771.28 0.0 27303.0 122.0 2192
192.26 270.08 529.55 771.28 0.0 29293.0 197.0 2192
192.3 262.89 545.07 771.28 0.0 30682.0 239.0 2192
192.35 249.7 566.6 771.28 0.0 32317.0 298.0 2192
192.4 233.45 584.83 771.28 0.0 33331.0 333.0 2192
192.46 212.89 603.01 771.28 0.0 33650.0 353.0 2172
192.51 196.65 615.44 771.28 0.0 33905.0 192.0 2172
192.55 175.53 617.57 771.28 0.0 34096.0 461.0 2172
192.61 145.17 614.59 771.28 0.0 34096.0 596.0 2172
192.66 120.02 609.9 771.28 0.0 34479.0 480.0 2172
192.73 90.74 603.8 771.28 0.0 34542.0 342.0 2172
192.78 69.35 597.16 771.28 0.0 34542.0 134.0 2172
192.83 46.45 593.19 771.28 0.0 34542.0 62.0 2172
192.9 21.67 563.69 771.28 0.0 34542.0 743.0 2172
192.95 11.1 545.0 771.28 0.0 34542.0 452.0 2172
193.01 -3.87 520.74 771.28 0.0 32751.0 197.0 2172
193.06 -22.13 515.74 771.28 0.0 31701.0 65062.0 2172
193.11 -42.32 516.52 771.28 0.0 31701.0 65074.0 2172
193.15 -64.14 519.25 771.28 0.0 31701.0 65051.0 2172
193.19 -81.13 522.09 771.28 0.0 31701.0 65243.0 2172
193.23 -97.11 526.21 771.28 0.0 31701.0 65373.0 2172
193.27 -114.46 527.86 771.28 0.0 31701.0 65441.0 2172
193.32 -139.51 530.32 771.28 0.0 31701.0 65471.0 2172
193.36 -153.96 531.82 771.28 0.0 31701.0 0.0 2172
193.41 -179.72 534.41 771.28 0.0 31828.0 0.0 2172
193.46 -196.83 535.99 771.28 0.0 32760.0 0.0 2172
193.5 -217.68 536.21 771.28 0.0 33363.0 193.0 2172
193.56 -247.69 535.16 771.28 0.0 33938.0 279.0 2171
193.61 -263.63 533.43 771.28 0.0 33938.0 191.0 2171
193.65 -279.5 530.8 771.28 0.0 33938.0 106.0 2171
193.69 -297.79 528.81 771.28 0.0 33938.0 59.0 2171
193.74 -323.76 525.94 771.28 0.0 33938.0 0.0 2171
193.79 -346.85 523.34 771.28 0.0 33938.0 0.0 2171
193.84 -369.46 520.79 771.28 0.0 33938.0 0.0 2171
193.89 -390.62 518.45 793.62 0.0 33938.0 4.0 2171
193.95 -414.19 515.83 810.18 0.0 33938.0 3.0 2171
193.99 -431.99 513.85 820.49 0.0 33938.0 3.0 2171
194.03 -449.16 511.95 825.13 0.0 33938.0 0.0 2171
194.08 -472.24 509.38 830.17 0.0 33938.0 2.0 2171
194.13 -501.73 506.1 833.71 0.0 33938.0 3.0 2152
194.18 -519.94 504.07 832.82 0.0 33938.0 2.0 2152
194.22 -537.89 502.07 831.11 0.0 33938.0 2.0 2152
194.27 -560.46 499.55 854.28 0.0 33938.0 2.0 2152
194.31 -580.97 497.26 869.92 0.0 33938.0 1.0 2152
194.36 -604.57 494.63 884.22 0.0 33938.0 1.0 2152
194.4 -620.47 492.85 889.85 0.0 33938.0 0.0 2152
194.44 -639.45 490.73 895.46 0.0 33938.0 65535.0 2152
194.48 -656.38 488.84 899.04 0.0 33938.0 1.0 2152
194.52 -677.41 486.49 901.99 0.0 33938.0 1.0 2152
194.57 -703.06 483.62 903.09 0.0 33938.0 1.0 2152
194.61 -719.48 481.79 902.45 0.0 33938.0 1.0 2152
194.65 -735.89 479.95 899.58 0.0 33938.0 0.0 2154
194.69 -756.41 477.65 895.31 0.0 33938.0 1.0 2154
194.73 -771.8 475.93 890.67 0.0 33938.0 0.0 2154
194.77 -793.35 473.52 885.34 0.0 33938.0 1.0 2154
194.81 -809.73 471.68 887.47 0.0 33938.0 0.0 2210
194.85 -828.74 469.55 889.61 0.0 33811.0 0.0 2210
194.9 -850.67 467.32 891.76 0.0 33316.0 0.0 2210
194.94 -866.15 466.51 891.76 0.0 32907.0 65434.0 2210
194.98 -884.07 466.11 891.76 0.0 32652.0 65403.0 2210
195.02 -901.02 466.15 891.76 0.0 32652.0 65417.0 2210
195.06 -919.89 465.73 911.0 0.0 32652.0 65463.0 2210
195.14 -960.3 464.95 935.12 0.0 32589.0 65476.0 2210
195.2 -990.43 464.51 947.34 0.0 32589.0 65481.0 2210
195.24 -1002.34 464.38 950.5 0.0 32589.0 65475.0 2210
195.28 -1016.05 464.24 952.72 0.0 32589.0 65481.0 2210
195.35 -1053.63 463.94 954.43 0.0 32589.0 65485.0 2201
195.42 -1088.15 463.77 950.2 0.0 32589.0 65494.0 2201
195.49 -1118.97 463.69 982.79 0.0 32589.0 65502.0 2201
195.52 -1129.05 463.7 993.79 0.0 32589.0 65499.0 2201
195.59 -1162.65 463.72 1010.94 0.0 32589.0 65505.0 2201
195.66 -1195.28 463.77 1021.24 0.0 32589.0 65510.0 2201
195.73 -1223.84 463.86 1023.87 0.0 32589.0 65511.0 2201
195.79 -1254.82 464.01 1022.41 0.0 32589.0 65512.0 2201
195.83 -1265.23 464.07 1020.85 0.0 32589.0 65511.0 2200
195.9 -1299.23 464.29 1012.55 0.0 32589.0 65517.0 2200
195.97 -1332.94 464.56 1005.86 0.0 31630.0 65517.0 2200
196.04 -1343.86 465.24 1008.75 0.0 26856.0 65198.0 2200
196.1 -1341.62 465.34 1010.19 0.0 21322.0 0.0 2200
196.14 -1338.2 465.31 1010.91 0.0 17985.0 0.0 2200
196.21 -1332.87 465.23 1009.63 0.0 13787.0 0.0 2200
196.27 -1328.75 476.35 1010.63 0.0 12685.0 0.0 2200
196.35 -1320.03 501.5 1011.13 0.0 13711.0 65519.0 2200
196.42 -1310.98 537.78 1011.38 0.0 15324.0 60.0 2200
196.48 -1307.58 561.13 1026.29 0.0 16450.0 229.0 2200
196.55 -1307.61 585.38 1043.54 0.0 16726.0 171.0 2200
196.61 -1308.94 612.4 1062.91 0.0 17044.0 86.0 2200
196.68 -1311.16 641.27 1083.6 0.0 17044.0 54.0 2200
196.74 -1313.35 669.37 1103.6 0.0 17044.0 0.0 2200
196.81 -1315.45 697.64 1123.8 0.0 17044.0 0.0 2212
196.88 -1317.23 727.68 1145.36 0.0 16598.0 65500.0 2212
196.95 -1318.09 757.73 1166.83 0.0 16598.0 0.0 2212
197.01 -1318.67 787.21 1187.85 0.0 16598.0 0.0 2212
197.08 -1319.22 816.71 1208.92 0.0 16598.0 0.0 2212
197.15 -1319.77 855.19 1210.41 0.0 16598.0 0.0 2212
197.21 -1320.27 886.28 1211.15 0.0 16598.0 0.0 2212
197.28 -1320.85 917.8 1211.53 0.0 16598.0 0.0 2212
197.34 -1321.34 945.45 1211.9 0.0 12951.0 0.0 2212
197.41 -1307.96 977.86 1211.9 0.0 7145.0 65153.0 2212
197.45 -1297.8 985.35 1211.9 0.0 5135.0 65141.0 2212
197.49 -1284.52 992.52 1211.9 0.0 3472.0 65153.0 2212
197.53 -1261.66 1001.73 1211.9 0.0 1938.0 65029.0 2212
197.58 -1243.5 1010.63 1209.48 0.0 1078.0 0.0 2212
197.63 -1223.71 1020.57 1203.69 0.0 377.0 65535.0 2212
197.68 -1205.34 1032.28 1196.01 0.0 64739.0 0.0 2212
197.73 -1184.94 1045.29 1184.84 0.0 63578.0 65535.0 2212
197.78 -1167.39 1056.48 1172.7 0.0 63323.0 0.0 2212
197.82 -1150.64 1065.29 1159.8 0.0 63323.0 65062.0 2212
197.87 -1134.86 1072.77 1146.33 0.0 63323.0 65096.0 2212
197.91 -1113.91 1081.78 1126.88 0.0 63578.0 65051.0 2212
197.97 -1088.99 1091.3 1101.39 0.0 64022.0 64961.0 2280
198.02 -1070.21 1093.53 1076.8 0.0 64149.0 65535.0 2280
198.06 -1070.48 1094.36 1057.96 0.0 64276.0 65096.0 2280
198.12 -1067.94 1094.83 1019.83 0.0 64339.0 64927.0 2170
198.16 -1067.59 1094.87 998.91 0.0 64402.0 65130.0 2170
198.2 -1067.19 1094.9 971.43 0.0 64465.0 65370.0 2170
198.25 -1066.89 1094.94 941.5 0.0 64465.0 0.0 2170
198.29 -1066.61 1094.97 913.07 0.0 64465.0 65535.0 2170
198.33 -1066.29 1095.0 878.16 0.0 63826.0 65535.0 2170
198.38 -1065.92 1095.05 836.68 0.0 61599.0 0.0 2170
198.43 -1065.49 1095.09 784.98 0.0 59473.0 0.0 2170
198.49 -1065.13 1095.13 770.0 0.0 58378.0 0.0 2170
198.55 -1065.4 1095.1 769.85 0.0 58761.0 0.0 2170
198.61 -1065.4 1095.1 769.8 0.0 43421.0 0.0 2170
198.65 -1065.4 1095.1 769.85 0.0 43421.0 0.0 2170
198.71 -1072.16 1084.07 770.85 0.0 43421.0 0.0 2170
198.79 -1086.68 1060.36 771.35 0.0 43421.0 65535.0 2170
198.84 -1108.36 1050.22 771.6 0.0 43421.0 64984.0 2170
198.89 -1134.33 1042.72 771.72 0.0 43421.0 65006.0 2170
198.94 -1158.74 1037.18 771.79 0.0 43421.0 65277.0 2170
198.99 -1183.61 1033.21 771.85 0.0 43421.0 65418.0 2170
199.07 -1219.11 1024.55 771.85 0.0 43421.0 65465.0 2170
199.12 -1239.02 1019.87 771.85 0.0 43421.0 0.0 2170
199.17 -1258.02 1015.53 771.85 0.0 43421.0 0.0 2170
199.22 -1281.55 1009.88 771.85 0.0 43421.0 0.0 2170
199.29 -1316.84 1001.39 771.85 0.0 43421.0 0.0 2170
199.34 -1332.38 997.66 771.85 0.0 43421.0 0.0 2170
199.44 -1382.26 985.68 771.85 0.0 43421.0 0.0 2170
199.53 -1405.25 940.76 771.85 0.0 43421.0 968.0 2170
199.6 -1415.16 914.73 771.85 0.0 43421.0 349.0 2211
199.65 -1412.58 912.84 771.85 0.0 43421.0 0.0 2170
199.7 -1408.82 915.56 771.85 0.0 43421.0 0.0 2170
199.77 -1406.4 917.72 771.85 0.0 43421.0 0.0 2170
199.81 -1404.63 919.62 771.85 0.0 43421.0 0.0 2170
199.86 -1402.1 922.65 769.85 0.0 43421.0 0.0 2170
200.02 -1437.98 859.25 770.85 0.0 52742.0 63959.0 2211
200.1 -1454.38 824.19 771.35 0.0 53061.0 64747.0 2211
200.15 -1461.93 806.08 771.6 0.0 53641.0 69.0 2211
200.21 -1470.15 780.88 771.85 0.0 54441.0 120.0 2247
200.26 -1475.83 759.25 771.85 0.0 55108.0 157.0 2247
200.31 -1480.29 737.34 771.85 0.0 55555.0 162.0 2247
200.37 -1484.62 711.51 771.85 0.0 55555.0 153.0 2247
200.42 -1488.05 690.97 771.85 0.0 55618.0 65.0 2247
200.48 -1493.0 662.1 771.85 0.0 56129.0 44.0 2247
200.54 -1495.36 638.71 771.85 0.0 56576.0 92.0 2247
200.59 -1496.96 614.52 771.85 0.0 57319.0 104.0 2247
200.65 -1496.77 588.31 771.85 0.0 57770.0 158.0 2247
200.71 -1495.51 565.05 771.85 0.0 57897.0 138.0 2247
200.79 -1493.43 524.19 771.85 0.0 58344.0 108.0 2247
200.85 -1490.35 501.81 771.85 0.0 58407.0 98.0 2247
200.91 -1487.37 473.89 771.85 0.0 58407.0 53.0 2247
200.96 -1485.14 452.71 771.85 0.0 58407.0 0.0 2247
201.02 -1482.58 427.67 771.85 0.0 58407.0 0.0 2247
201.08 -1479.38 396.38 771.85 0.0 58726.0 0.0 2247
201.14 -1475.72 370.49 771.85 0.0 59856.0 51.0 2247
201.21 -1468.07 342.32 771.85 0.0 60175.0 206.0 2247
201.26 -1462.65 322.21 771.85 0.0 60175.0 119.0 2247
201.32 -1455.85 300.44 771.85 0.0 60175.0 58.0 2247
201.37 -1449.33 277.13 771.85 0.0 60175.0 0.0 2247
201.42 -1443.09 254.76 771.85 0.0 60175.0 0.0 2247
201.47 -1437.77 235.64 771.85 0.0 60175.0 0.0 2247
201.53 -1430.38 209.06 771.85 0.0 61518.0 0.0 2247
201.58 -1421.11 188.15 771.85 0.0 63400.0 151.0 2247
201.63 -1409.58 171.52 771.85 0.0 63868.0 285.0 2247
201.69 -1395.58 152.19 771.85 0.0 64392.0 217.0 2231
201.73 -1383.56 137.51 771.85 0.0 64791.0 166.0 2231
201.78 -1368.05 119.5 771.85 0.0 65418.0 141.0 2231
201.84 -1349.0 100.11 771.85 0.0 956.0 153.0 2231
201.89 -1333.31 87.68 771.85 0.0 1697.0 195.0 2231
201.94 -1318.19 77.02 771.85 0.0 2567.0 170.0 2231
201.98 -1299.07 65.38 771.85 0.0 3380.0 192.0 2231
202.03 -1280.74 56.28 771.85 0.0 4016.0 192.0 2231
202.08 -1262.4 48.46 771.85 0.0 4761.0 170.0 2231
202.13 -1237.92 39.18 771.85 0.0 5144.0 211.0 2231
202.18 -1218.95 34.43 771.85 0.0 5335.0 139.0 2231
202.23 -1197.97 28.49 771.85 0.0 5714.0 98.0 2231
202.27 -1180.06 24.18 771.85 0.0 6260.0 92.0 2231
202.32 -1159.59 20.23 771.85 0.0 6819.0 117.0 2231
202.37 -1139.4 17.47 771.85 0.0 7564.0 126.0 2231
202.41 -1120.98 16.29 771.85 0.0 8392.0 144.0 2231
202.49 -1081.23 16.9 771.85 0.0 9961.0 163.0 2231
202.53 -1066.04 19.4 771.85 0.0 10344.0 196.0 2231
202.57 -1049.18 24.48 771.85 0.0 10344.0 171.0 2231
202.62 -1029.72 28.47 771.85 0.0 10344.0 95.0 2231
202.66 -1017.26 39.09 771.85 0.0 10344.0 394.0 2231
202.7 -1003.77 56.15 771.85 0.0 10344.0 461.0 2231
202.75 -992.65 73.26 771.85 0.0 10344.0 450.0 2231
202.78 -984.24 87.3 771.85 0.0 10344.0 249.0 2231
202.82 -976.73 102.02 771.85 0.0 10344.0 147.0 2231
202.87 -965.19 119.35 771.85 0.0 10344.0 94.0 2231
202.91 -956.42 132.7 771.85 0.0 10344.0 48.0 2231
202.98 -934.04 166.64 771.85 0.0 10727.0 0.0 2231
203.02 -926.23 178.6 790.64 0.0 11717.0 79.0 2231
203.06 -918.74 190.32 803.01 0.0 12412.0 233.0 2231
203.1 -908.93 206.32 815.69 0.0 12667.0 380.0 2231
203.18 -887.79 241.89 829.81 0.0 12667.0 362.0 2231
203.22 -880.66 254.41 832.63 0.0 12667.0 349.0 2231
203.26 -873.07 268.12 834.23 0.0 12667.0 319.0 2231
203.32 -859.89 292.47 834.46 0.0 12667.0 415.0 2210
203.36 -853.0 305.59 832.76 0.0 12667.0 266.0 2210
203.39 -846.28 318.63 851.45 0.0 12667.0 236.0 2210
203.44 -838.08 331.85 866.62 0.0 12667.0 65535.0 2210
203.5 -821.04 331.97 886.9 0.0 13050.0 65186.0 2210
203.54 -814.54 332.04 892.95 0.0 13747.0 65535.0 2210
203.61 -797.74 333.86 902.32 0.0 14400.0 65501.0 2210
203.68 -782.45 339.73 904.57 0.0 14807.0 65507.0 2154
203.74 -767.46 348.71 902.58 0.0 15502.0 65482.0 2154
203.81 -749.62 363.12 895.24 0.0 16985.0 65388.0 2154
203.88 -737.33 376.74 885.59 0.0 19535.0 65303.0 2154
203.94 -728.99 393.03 887.65 0.0 23043.0 304.0 2154
204.0 -739.96 416.06 889.75 0.0 25088.0 326.0 2154
204.07 -742.9 417.09 890.8 0.0 25583.0 0.0 2154
204.14 -743.58 414.28 891.33 0.0 26274.0 0.0 2154
204.21 -743.63 408.92 889.85 0.0 28993.0 0.0 2154
204.24 -742.79 414.59 891.85 0.0 32365.0 0.0 2154
204.28 -742.33 423.16 891.85 0.0 32365.0 0.0 2154
204.32 -741.77 435.28 891.85 0.0 32365.0 65141.0 2154
204.36 -741.17 449.41 891.85 0.0 32365.0 65153.0 2154
204.4 -740.37 468.7 891.85 0.0 32365.0 65130.0 2154
204.43 -739.67 486.18 891.85 0.0 32365.0 65153.0 2154
204.47 -738.95 504.56 891.85 0.0 32365.0 0.0 2154
204.51 -738.8 508.38 891.85 0.0 32365.0 382.0 2154
204.55 -738.8 508.3 891.85 0.0 32365.0 0.0 2154
204.59 -738.84 507.32 891.85 0.0 32365.0 0.0 2154
204.63 -738.88 506.29 891.85 0.0 32365.0 0.0 2154
204.7 -738.99 503.56 889.85 0.0 32365.0 0.0 2154
204.74 -745.77 503.82 891.85 0.0 32365.0 0.0 2154
204.77 -754.34 504.15 891.85 0.0 32365.0 0.0 2154
204.84 -781.48 505.2 891.85 0.0 32365.0 65535.0 2154
204.88 -796.1 505.77 891.85 0.0 32365.0 0.0 2154
204.95 -833.76 507.23 891.85 0.0 32365.0 0.0 2210
205.02 -869.03 508.6 891.85 0.0 32365.0 0.0 2210
205.09 -903.33 509.93 891.85 0.0 32365.0 0.0 2210
205.16 -935.75 510.83 891.85 0.0 33500.0 0.0 2210
205.22 -960.67 511.28 918.76 0.0 34981.0 282.0 2210
205.26 -971.94 511.19 929.01 0.0 35108.0 65513.0 2210
205.3 -986.29 510.93 937.07 0.0 35108.0 382.0 2210
205.34 -1003.71 510.29 944.16 0.0 35108.0 411.0 2210
205.38 -1021.65 509.63 948.53 0.0 35108.0 378.0 2210
205.45 -1063.13 507.52 954.23 0.0 35108.0 330.0 2201
205.52 -1102.27 504.72 953.01 0.0 35108.0 313.0 2201
205.59 -1135.35 501.74 981.57 0.0 35108.0 243.0 2201
205.67 -1170.99 497.99 1003.08 0.0 35108.0 246.0 2201
205.71 -1180.65 496.93 1007.57 0.0 35108.0 0.0 2201
205.77 -1177.2 493.61 1018.36 0.0 35108.0 326.0 2201
205.84 -1178.56 489.01 1023.46 0.0 35108.0 65535.0 2201
205.88 -1181.22 487.8 1022.54 0.0 35108.0 65535.0 2201
205.95 -1193.18 481.52 1022.02 0.0 35108.0 65535.0 2201
205.98 -1197.2 479.86 1019.87 0.0 35108.0 65535.0 2201
206.05 -1214.34 472.17 1010.38 0.0 35045.0 65535.0 2201
206.13 -1228.6 465.78 1009.97 0.0 35045.0 0.0 2201
206.19 -1227.97 466.06 1010.88 0.0 35045.0 0.0 2201
206.27 -1226.13 466.9 1011.33 0.0 34470.0 0.0 2201
206.34 -1222.7 468.44 1009.79 0.0 33875.0 0.0 2201
206.41 -1229.82 467.84 1011.79 0.0 33307.0 0.0 2201
206.45 -1238.04 467.45 1011.79 0.0 32637.0 0.0 2201
206.52 -1264.43 468.0 1011.79 0.0 31595.0 65509.0 2200
206.56 -1278.53 469.59 1011.79 0.0 30927.0 65499.0 2200
206.62 -1312.98 475.19 1011.79 0.0 29383.0 65323.0 2200
206.68 -1342.34 484.73 1011.79 0.0 27524.0 65262.0 2200
206.75 -1343.03 485.47 1011.79 0.0 24504.0 0.0 2200
206.81 -1339.79 484.81 1011.79 0.0 20176.0 0.0 2200
206.88 -1332.89 483.09 1009.79 0.0 18028.0 0.0 2200
206.95 -1332.92 489.63 1011.79 0.0 16233.0 0.0 2200
207.01 -1332.45 507.17 1011.79 0.0 15940.0 65523.0 2200
207.08 -1332.08 533.04 1011.79 0.0 16515.0 32.0 2200
207.14 -1332.23 559.46 1025.1 0.0 16515.0 19.0 2200
207.2 -1332.55 583.99 1042.52 0.0 16515.0 0.0 2200
207.27 -1332.93 610.88 1061.79 0.0 16515.0 0.0 2200
207.34 -1333.41 644.38 1086.1 0.0 16515.0 0.0 2200
207.38 -1333.55 658.81 1095.2 0.0 16515.0 0.0 2200
207.45 -1333.99 690.34 1118.76 0.0 16388.0 0.0 2212
207.52 -1333.15 720.75 1140.41 0.0 15426.0 65415.0 2212
207.59 -1330.29 750.87 1161.91 0.0 14968.0 65422.0 2212
207.66 -1325.29 783.46 1185.35 0.0 14409.0 65423.0 2212
207.71 -1321.65 803.85 1199.14 0.0 13743.0 65385.0 2212
207.75 -1318.42 818.56 1209.26 0.0 13114.0 65365.0 2212
207.79 -1313.24 840.65 1210.58 0.0 12327.0 65308.0 2212
207.86 -1298.31 879.48 1211.24 0.0 10897.0 65263.0 2212
207.94 -1297.24 882.1 1211.57 0.0 9231.0 0.0 2212
208.01 -1298.35 879.08 1211.73 0.0 7130.0 0.0 2212
208.07 -1300.81 872.5 1209.9 0.0 4663.0 0.0 2212
208.12 -1293.28 872.55 1210.9 0.0 70.0 0.0 2212
208.17 -1282.36 872.62 1211.4 0.0 70.0 0.0 2212
208.21 -1265.35 872.73 1211.65 0.0 70.0 0.0 2212
208.26 -1240.54 872.89 1211.78 0.0 70.0 65535.0 2212
208.31 -1214.35 873.07 1211.84 0.0 70.0 0.0 2212
208.36 -1191.07 873.22 1211.9 0.0 70.0 0.0 2212
208.41 -1166.38 873.38 1211.9 0.0 70.0 0.0 2212
208.46 -1149.44 873.49 1211.53 0.0 70.0 0.0 2212
208.51 -1127.66 873.63 1211.53 0.0 70.0 0.0 2212
208.55 -1105.88 873.77 1211.53 0.0 70.0 0.0 2212
208.6 -1086.52 873.9 1211.53 0.0 70.0 0.0 2212
208.65 -1064.26 874.04 1211.53 0.0 709.0 0.0 2280
208.69 -1047.83 875.2 1211.53 0.0 1216.0 121.0 2280
208.73 -1030.0 877.15 1211.53 0.0 1343.0 159.0 2280
208.77 -1014.62 879.05 1211.53 0.0 1406.0 104.0 2280
208.81 -993.97 881.7 1211.53 0.0 1469.0 79.0 2280
208.85 -980.07 883.64 1211.53 0.0 1469.0 49.0 2280
208.9 -958.01 886.7 1211.53 0.0 1469.0 0.0 2280
208.93 -944.59 888.59 1211.53 0.0 1469.0 0.0 2280
208.98 -922.54 891.69 1211.53 0.0 1469.0 0.0 2280
209.02 -907.21 893.86 1211.53 0.0 1469.0 0.0 2280
209.06 -889.96 896.3 1211.53 0.0 1469.0 0.0 2280
209.1 -867.91 899.42 1211.53 0.0 1469.0 0.0 2280
209.14 -852.1 901.66 1211.53 0.0 1469.0 0.0 2280
209.19 -830.53 904.72 1211.53 0.0 1469.0 0.0 2280
209.23 -811.85 907.37 1211.53 0.0 1469.0 0.0 2280
209.27 -794.59 909.81 1211.53 0.0 1469.0 0.0 2280
209.31 -778.3 912.12 1211.53 0.0 1469.0 0.0 2280
209.35 -759.13 914.83 1211.53 0.0 1469.0 0.0 2280
209.4 -737.09 917.96 1211.53 0.0 1469.0 0.0 2280
209.44 -723.67 919.86 1211.53 0.0 1469.0 0.0 2280
209.48 -701.15 923.05 1211.53 0.0 1469.0 0.0 2280
209.52 -685.33 925.29 1211.53 0.0 1469.0 0.0 2280
209.57 -663.77 928.35 1211.53 0.0 1469.0 0.0 2280
209.61 -648.91 930.45 1211.53 0.0 1469.0 0.0 2273
209.65 -631.66 932.89 1211.53 0.0 1469.0 0.0 2273
209.7 -608.66 936.15 1211.53 0.0 1469.0 0.0 2273
209.74 -590.45 938.73 1211.53 0.0 2108.0 0.0 2273
209.79 -569.55 942.91 1211.53 0.0 3045.0 128.0 2273
209.83 -553.72 947.64 1211.53 0.0 4232.0 231.0 2273
209.86 -540.18 953.19 1211.53 0.0 5117.0 313.0 2273
209.94 -503.58 972.17 1211.53 0.0 7522.0 383.0 2273
210.01 -478.43 994.71 1211.53 0.0 10491.0 394.0 2273
210.08 -459.93 1026.3 1211.53 0.0 13526.0 394.0 2273
210.16 -452.12 1054.8 1226.23 0.0 15657.0 405.0 2273
210.19 -453.45 1066.89 1231.68 0.0 16490.0 394.0 2273
210.26 -454.3 1097.55 1247.81 0.0 17471.0 313.0 2273
210.33 -458.56 1127.81 1263.06 0.0 17943.0 219.0 2273
210.39 -463.72 1156.31 1277.36 0.0 17943.0 101.0 2278
210.46 -468.81 1184.64 1291.62 0.0 17943.0 42.0 2278
210.53 -473.86 1214.13 1306.53 0.0 17943.0 0.0 2278
210.59 -478.54 1242.87 1320.98 0.0 17943.0 0.0 2278
210.66 -482.85 1274.89 1325.8 0.0 17943.0 0.0 2278
210.72 -487.45 1307.67 1328.83 0.0 17817.0 0.0 2278
210.79 -491.26 1337.62 1331.85 0.0 17627.0 0.0 2278
210.85 -493.76 1367.06 1331.85 0.0 15728.0 65417.0 2278
210.92 -493.29 1379.8 1331.85 0.0 10640.0 65209.0 2278
210.99 -492.74 1377.79 1331.85 0.0 3886.0 0.0 2278
211.06 -492.38 1374.51 1331.85 0.0 65392.0 0.0 2278
211.11 -491.93 1369.02 1329.85 0.0 65265.0 0.0 2278
211.15 -485.68 1368.85 1330.85 0.0 65265.0 0.0 2278
211.2 -475.57 1368.59 1331.35 0.0 65265.0 0.0 2278
211.23 -463.12 1368.27 1331.6 0.0 65265.0 65535.0 2278
211.27 -446.02 1367.82 1331.72 0.0 65265.0 0.0 2278
211.32 -423.78 1367.24 1331.79 0.0 65265.0 65535.0 2278
211.39 -381.66 1366.14 1331.82 0.0 65265.0 0.0 2278
211.44 -359.87 1365.57 1331.85 0.0 65265.0 0.0 2278
211.48 -345.11 1365.19 1331.85 0.0 65265.0 0.0 2278
211.56 -306.53 1364.18 1331.85 0.0 65265.0 0.0 2278
211.63 -273.2 1363.31 1331.85 0.0 65265.0 0.0 2278
211.7 -237.94 1362.52 1331.85 0.0 65519.0 0.0 2278
211.77 -205.99 1362.56 1331.85 0.0 65519.0 0.0 2278
211.84 -181.79 1362.55 1331.85 0.0 65519.0 0.0 2278
211.88 -170.41 1362.53 1331.85 0.0 65519.0 0.0 2182
211.94 -138.83 1362.46 1331.85 0.0 65519.0 0.0 2182
212.01 -106.59 1362.4 1331.85 0.0 65519.0 0.0 2182
212.07 -77.25 1362.36 1331.85 0.0 65519.0 0.0 2182
212.14 -46.75 1362.3 1331.85 0.0 65519.0 0.0 2182
212.21 -18.2 1362.25 1331.85 0.0 65519.0 0.0 2182
212.28 13.75 1362.19 1331.85 0.0 65519.0 0.0 2182
212.34 36.49 1362.14 1331.85 0.0 65519.0 0.0 2182
212.38 52.22 1362.11 1331.85 0.0 65519.0 0.0 2182
212.45 84.29 1361.76 1331.85 0.0 65264.0 65499.0 2182
212.51 113.44 1360.98 1331.85 0.0 65264.0 0.0 2182
212.58 143.92 1360.18 1331.85 0.0 65264.0 0.0 2182
212.64 171.98 1359.44 1331.85 0.0 65264.0 0.0 2182
212.7 199.56 1358.72 1331.85 0.0 65264.0 0.0 2182
212.77 230.53 1357.91 1331.85 0.0 65264.0 0.0 2182
212.83 257.14 1357.22 1331.85 0.0 64881.0 0.0 2182
212.9 284.17 1354.88 1331.85 0.0 64026.0 65437.0 2182
212.96 308.57 1350.71 1331.85 0.0 63076.0 65396.0 2182
213.03 340.3 1355.48 1331.85 0.0 61108.0 405.0 2164
213.09 368.11 1364.09 1331.85 0.0 59684.0 88.0 2164
213.13 378.24 1367.49 1331.85 0.0 59072.0 0.0 2164
213.19 410.84 1373.47 1331.85 0.0 58350.0 65456.0 2164
213.23 423.22 1374.91 1331.85 0.0 57773.0 65445.0 2164
213.3 459.72 1376.34 1331.85 0.0 56676.0 65417.0 2164
213.34 471.25 1375.43 1331.85 0.0 56039.0 65408.0 2164
213.4 498.95 1372.17 1331.85 0.0 54562.0 65356.0 2164
213.45 518.39 1365.09 1331.85 0.0 52807.0 65335.0 2164
213.5 539.37 1355.29 1331.85 0.0 51488.0 65265.0 2164
213.58 553.0 1310.72 1331.85 0.0 50442.0 64702.0 2164
213.63 553.39 1286.93 1331.85 0.0 49784.0 64995.0 2164
213.69 552.91 1260.78 1331.85 0.0 48857.0 65001.0 2164
213.75 550.73 1234.38 1331.85 0.0 47560.0 65082.0 2164
213.8 546.11 1210.08 1329.26 0.0 46375.0 65055.0 2164
213.87 537.58 1181.43 1324.58 0.0 46312.0 64988.0 2164
213.93 529.03 1155.41 1319.01 0.0 46312.0 65313.0 2164
213.99 520.24 1127.57 1312.83 0.0 47143.0 65442.0 2164
214.05 514.76 1103.95 1306.68 0.0 47398.0 166.0 2164
214.12 508.39 1067.44 1299.5 0.0 48037.0 164.0 2164
214.19 505.53 1039.58 1292.37 0.0 48859.0 210.0 2164
214.25 505.1 1014.11 1285.49 0.0 49684.0 277.0 2164
214.32 507.23 982.2 1278.24 0.0 49811.0 355.0 2164
214.39 510.01 951.76 1270.87 0.0 49811.0 152.0 2166
214.44 512.04 930.28 1264.17 0.0 49811.0 0.0 2166
214.5 514.11 903.84 1257.14 0.0 49811.0 0.0 2166
214.56 515.88 879.51 1248.39 0.0 49811.0 0.0 2166
214.62 517.71 852.62 1238.48 0.0 49811.0 0.0 2166
214.67 519.24 829.51 1228.49 0.0 50194.0 0.0 2166
214.74 522.47 796.55 1217.16 0.0 51901.0 106.0 2166
214.8 528.49 773.35 1206.34 0.0 53844.0 421.0 2166
214.85 536.5 756.81 1196.8 0.0 55194.0 484.0 2166
214.92 538.55 754.54 1189.61 0.0 57466.0 0.0 2166
214.96 538.07 757.98 1185.54 0.0 59098.0 0.0 2166
215.01 537.62 760.36 1183.29 0.0 60536.0 0.0 2166
215.04 537.29 761.85 1182.05 0.0 61778.0 0.0 2166
215.08 536.63 764.36 1178.82 0.0 62562.0 0.0 2166
215.15 544.47 762.33 1180.54 0.0 62890.0 0.0 2166
215.22 563.51 757.39 1179.85 0.0 62890.0 65535.0 2166
215.29 593.83 749.52 1178.29 0.0 62890.0 65535.0 2166
215.36 626.17 741.13 1176.0 0.0 62890.0 0.0 2166
215.4 640.93 737.3 1173.9 0.0 62890.0 0.0 2166
215.47 643.86 736.54 1162.74 0.0 62890.0 0.0 2166
215.54 641.41 737.18 1157.16 0.0 62890.0 0.0 2166
215.61 635.07 738.82 1149.58 0.0 62890.0 0.0 2166
215.67 637.02 746.34 1151.58 0.0 62890.0 0.0 2166
215.72 638.97 753.86 1151.58 0.0 62890.0 0.0 2166
215.78 644.83 776.46 1151.58 0.0 62890.0 326.0 2166
215.85 653.84 811.18 1151.58 0.0 62763.0 360.0 2166
215.91 663.07 842.9 1151.58 0.0 61712.0 8.0 2166
215.99 685.27 868.64 1151.58 0.0 60507.0 3.0 2166
216.06 719.52 881.38 1151.58 0.0 59051.0 65229.0 2166
216.12 747.6 884.75 1151.58 0.0 58318.0 65297.0 2166
216.19 782.5 886.23 1151.58 0.0 57615.0 65375.0 2166
216.27 816.18 885.45 1151.58 0.0 57176.0 65424.0 2166
216.34 816.06 883.98 1151.58 0.0 56017.0 0.0 2166
216.42 811.17 882.94 1151.58 0.0 54176.0 0.0 2166
216.46 807.37 882.33 1151.58 0.0 53583.0 0.0 2166
216.5 802.49 881.65 1149.58 0.0 53392.0 0.0 2166
216.57 797.61 877.53 1151.58 0.0 57284.0 0.0 2166
216.61 792.47 872.36 1151.58 0.0 58302.0 0.0 2166
216.68 775.44 851.28 1151.58 0.0 60078.0 65164.0 2166
216.75 756.87 820.02 1151.58 0.0 61191.0 65164.0 2166
216.81 752.21 807.88 1151.58 0.0 62447.0 281.0 2166
216.87 752.45 808.31 1151.58 0.0 63804.0 0.0 2166
216.93 753.55 810.32 1151.58 0.0 63867.0 0.0 2166
216.99 759.18 811.59 1151.58 0.0 63867.0 0.0 2166
217.06 774.94 810.14 1151.58 0.0 63867.0 0.0 2166
217.12 798.92 806.8 1151.58 0.0 63867.0 65535.0 2166
217.18 825.67 802.79 1174.38 0.0 64502.0 65495.0 2166
217.24 855.84 798.34 1191.97 0.0 64757.0 65535.0 2166
217.3 883.17 794.59 1203.04 0.0 64757.0 99.0 2166
217.35 907.75 791.25 1209.59 0.0 64757.0 91.0 2166
217.41 933.8 787.84 1213.4 0.0 64757.0 89.0 2166
217.47 960.35 784.51 1213.83 0.0 64630.0 75.0 2166
217.53 988.35 781.02 1210.58 0.0 63961.0 11.0 2161
217.59 1014.39 777.6 1203.9 0.0 63211.0 65461.0 2161
217.65 1041.83 773.56 1193.34 0.0 61758.0 65302.0 2161
217.72 1072.98 768.11 1177.76 0.0 59830.0 65209.0 2161
217.79 1099.98 761.58 1158.18 0.0 57249.0 65186.0 2161
217.86 1127.0 748.05 1148.98 0.0 55065.0 65175.0 2161
217.89 1128.09 748.09 1150.59 0.0 53711.0 65153.0 2161
217.98 1127.97 748.23 1151.91 0.0 49678.0 0.0 2161
218.03 1126.22 750.49 1152.57 0.0 48783.0 0.0 2161
218.08 1125.06 751.81 1152.9 0.0 48783.0 0.0 2161
218.13 1122.92 753.74 1151.22 0.0 48783.0 0.0 2161
218.19 1122.6 744.82 1152.22 0.0 48783.0 0.0 2161
218.24 1122.13 731.61 1152.72 0.0 48783.0 65535.0 2161
218.29 1121.25 706.99 1152.97 0.0 48783.0 0.0 2161
218.34 1120.38 682.5 1153.1 0.0 48783.0 65535.0 2161
218.39 1130.97 662.03 1153.16 0.0 48783.0 473.0 2161
218.44 1147.47 641.99 1153.19 0.0 48783.0 529.0 2161
218.49 1163.09 625.9 1153.21 0.0 48144.0 320.0 2193
218.53 1175.64 614.78 1153.22 0.0 47495.0 46.0 2193
218.59 1192.19 592.4 1153.22 0.0 46074.0 65474.0 2193
218.64 1203.82 570.16 1153.22 0.0 44251.0 65361.0 2193
218.69 1210.17 549.42 1153.22 0.0 41571.0 65345.0 2193
218.75 1213.51 518.98 1153.22 0.0 38416.0 65311.0 2193
218.81 1207.35 490.94 1153.22 0.0 36446.0 65207.0 2193
218.88 1193.09 461.88 1153.22 0.0 35871.0 65057.0 2193
218.94 1196.88 435.23 1153.22 0.0 35334.0 563.0 2193
219.0 1204.57 407.01 1153.22 0.0 34138.0 7.0 2193
219.06 1209.61 387.18 1153.22 0.0 32755.0 17.0 2193
219.11 1209.26 364.28 1153.22 0.0 32052.0 63.0 2163
219.18 1209.62 358.99 1153.22 0.0 32052.0 0.0 2163
219.24 1209.44 361.62 1153.22 0.0 31989.0 0.0 2163
219.29 1209.23 364.68 1153.22 0.0 31989.0 0.0 2163
219.37 1208.81 370.72 1151.22 0.0 31989.0 0.0 2163
219.43 1206.23 360.2 1152.22 0.0 30263.0 0.0 2163
219.49 1201.49 340.9 1152.72 0.0 30263.0 608.0 2163
219.55 1195.21 315.24 1152.97 0.0 30263.0 585.0 2163
219.61 1171.73 293.4 1153.1 0.0 30263.0 307.0 2163
219.66 1149.91 279.7 1153.16 0.0 30263.0 65147.0 2163
219.71 1126.54 266.48 1153.19 0.0 30263.0 65311.0 2163
219.78 1096.51 249.43 1153.21 0.0 30263.0 65411.0 2163
219.84 1087.19 226.12 1153.22 0.0 30263.0 574.0 2163
219.9 1081.81 200.2 1153.22 0.0 29560.0 140.0 2163
219.95 1082.7 196.14 1153.22 0.0 27866.0 0.0 2163
220.01 1084.62 197.77 1153.22 0.0 26993.0 0.0 2163
220.09 1086.05 199.76 1153.22 0.0 26610.0 0.0 2163
220.15 1087.19 201.82 1153.22 0.0 26419.0 0.0 2163
220.2 1088.77 204.95 1151.22 0.0 25933.0 0.0 2163
220.25 1088.77 204.95 1151.17 0.0 28731.0 0.0 2163
220.33 1088.77 204.95 1151.22 0.0 31197.0 0.0 2163
220.39 1076.28 200.14 1152.22 0.0 36604.0 0.0 2163
220.46 1052.12 190.83 1152.72 0.0 36604.0 65535.0 2163
220.53 1022.15 179.28 1152.97 0.0 36604.0 0.0 2163
220.59 1017.38 177.45 1153.1 0.0 36604.0 0.0 2163
220.65 1018.3 177.8 1153.16 0.0 36604.0 0.0 2163
220.71 1020.46 178.64 1153.19 0.0 36604.0 0.0 2163
220.77 1022.02 179.23 1153.21 0.0 35965.0 0.0 2163
220.82 1011.9 176.18 1153.22 0.0 35518.0 0.0 2163
220.88 995.88 171.75 1153.22 0.0 34910.0 41.0 2163
220.94 967.98 165.56 1153.22 0.0 33574.0 78.0 2163
221.0 943.93 160.53 1177.68 0.0 32435.0 293.0 2163
221.07 905.98 153.56 1199.16 0.0 31146.0 438.0 2160
221.12 883.53 150.57 1208.63 0.0 30891.0 64972.0 2160
221.19 851.36 146.7 1215.36 0.0 30891.0 64860.0 2160
221.25 823.01 144.49 1215.78 0.0 30891.0 64905.0 2160
221.3 801.12 143.02 1214.66 0.0 30891.0 64995.0 2160
221.37 769.99 141.68 1208.88 0.0 30891.0 64871.0 2160
221.42 748.78 141.52 1200.43 0.0 30891.0 64984.0 2160
221.49 717.63 141.27 1187.5 0.0 30891.0 64922.0 2160
221.55 691.45 141.74 1171.69 0.0 30891.0 65024.0 2160
221.6 669.03 142.38 1155.98 0.0 30891.0 65101.0 2160
221.66 639.37 142.96 1147.13 0.0 30891.0 65535.0 2160
221.71 628.33 145.71 1150.15 0.0 30891.0 65275.0 2160
221.77 628.28 150.54 1151.53 0.0 30891.0 64961.0 2160
221.82 628.28 153.93 1151.53 0.0 31722.0 0.0 2160
221.88 626.53 156.69 1151.53 0.0 32511.0 0.0 2160
221.93 627.4 157.38 1151.53 0.0 32574.0 0.0 2160
221.99 627.4 157.01 1151.53 0.0 32574.0 0.0 2160
222.04 627.4 156.26 1149.53 0.0 32574.0 0.0 2160
222.13 627.4 156.26 1186.22 0.0 32574.0 0.0 2160
222.19 627.4 156.26 1200.92 0.0 32574.0 0.0 2160
222.24 624.16 156.32 1207.47 0.0 32574.0 65535.0 2160
222.3 618.16 156.43 1212.58 0.0 32574.0 0.0 2160
222.35 609.96 156.59 1213.85 0.0 32574.0 65535.0 2160
222.4 600.81 156.76 1212.23 0.0 32574.0 65535.0 2160
222.46 587.8 157.0 1207.58 0.0 32765.0 65485.0 2160
222.51 577.04 157.16 1201.96 0.0 34213.0 65207.0 2160
222.56 560.52 156.96 1192.15 0.0 36279.0 65027.0 2160
222.63 538.43 154.57 1194.74 0.0 38967.0 68.0 2160
222.68 513.96 141.1 1197.99 0.0 42187.0 231.0 2160
222.73 511.12 138.39 1200.37 0.0 45462.0 0.0 2160
222.79 512.1 138.06 1201.92 0.0 49290.0 0.0 2160
222.83 514.16 138.57 1202.84 0.0 51532.0 0.0 2160
222.88 515.62 139.0 1203.31 0.0 53035.0 0.0 2160
222.92 518.71 140.14 1201.77 0.0 53965.0 0.0 2160
222.95 520.72 136.34 1203.37 0.0 54220.0 0.0 2160
222.99 524.76 128.69 1205.25 0.0 54220.0 0.0 2160
223.07 538.49 103.94 1212.77 0.0 54220.0 0.0 2160
223.14 556.71 71.95 1226.47 0.0 54093.0 7.0 2160
223.18 563.55 57.94 1231.82 0.0 53248.0 0.0 2160
223.25 577.74 23.77 1246.71 0.0 51454.0 65279.0 2160
223.29 580.74 8.02 1249.07 0.0 50750.0 65225.0 2160
223.33 583.2 -8.66 1253.42 0.0 50187.0 65232.0 2160
223.38 585.31 -28.82 1258.51 0.0 49719.0 65236.0 2160
223.42 586.13 -45.44 1262.62 0.0 49445.0 65310.0 2288
223.47 586.81 -68.05 1268.37 0.0 49190.0 65324.0 2288
223.51 586.7 -83.8 1272.2 0.0 48935.0 65404.0 2288
223.55 586.31 -102.23 1276.84 0.0 48744.0 65405.0 2288
223.59 585.51 -123.42 1282.18 0.0 48345.0 65418.0 2288
223.65 583.53 -150.4 1289.03 0.0 47770.0 65370.0 2288
223.7 581.03 -169.9 1293.79 0.0 47579.0 65357.0 2288
223.74 578.37 -186.92 1298.0 0.0 47516.0 65414.0 2288
223.78 575.27 -205.88 1302.75 0.0 47389.0 65453.0 2288
223.83 571.73 -226.26 1307.87 0.0 47262.0 65463.0 2288
223.87 568.63 -243.01 1311.99 0.0 47135.0 65478.0 2288
223.92 563.76 -267.5 1318.24 0.0 47008.0 65466.0 2288
223.97 559.52 -287.86 1323.27 0.0 46753.0 65480.0 2288
224.01 555.0 -307.82 1326.71 0.0 46626.0 65456.0 2288
224.07 549.31 -331.17 1328.44 0.0 45982.0 65462.0 2288
224.11 544.66 -346.64 1329.3 0.0 44686.0 65392.0 2288
224.15 536.02 -364.91 1330.16 0.0 42314.0 65209.0 2288
224.21 536.36 -391.01 1331.0 0.0 38459.0 551.0 2288
224.25 534.63 -408.09 1331.85 0.0 36029.0 65402.0 2288
224.31 522.96 -435.45 1331.85 0.0 34330.0 65217.0 2288
224.36 508.33 -456.27 1331.85 0.0 33343.0 65206.0 2288
224.42 490.36 -475.92 1331.85 0.0 33088.0 65215.0 2288
224.47 468.01 -480.33 1331.85 0.0 33088.0 65040.0 2288
224.52 444.8 -480.75 1331.85 0.0 33088.0 65040.0 2288
224.57 417.8 -480.31 1331.85 0.0 33088.0 64990.0 2292
224.62 395.0 -479.56 1331.85 0.0 33088.0 65306.0 2292
224.68 368.26 -477.82 1331.85 0.0 33088.0 65417.0 2292
224.74 343.58 -459.82 1331.85 0.0 33088.0 64905.0 2292
224.79 330.44 -445.39 1331.85 0.0 33088.0 65062.0 2292
224.84 310.97 -425.14 1331.85 0.0 33088.0 65210.0 2292
224.9 293.36 -406.73 1331.85 0.0 33088.0 65410.0 2292
224.97 257.61 -404.1 1331.85 0.0 33088.0 720.0 2292
225.02 238.94 -406.4 1331.85 0.0 33088.0 484.0 2290
225.07 215.49 -408.56 1331.85 0.0 33215.0 290.0 2290
225.13 189.96 -410.71 1331.85 0.0 33598.0 170.0 2290
225.18 165.46 -414.65 1331.85 0.0 33598.0 163.0 2290
225.24 137.48 -416.96 1331.85 0.0 33598.0 77.0 2290
225.3 114.32 -418.86 1331.85 0.0 33598.0 0.0 2290
225.35 90.68 -420.76 1331.85 0.0 33598.0 0.0 2294
225.41 68.49 -422.53 1331.85 0.0 33598.0 0.0 2294
225.46 48.22 -424.14 1331.85 0.0 33598.0 0.0 2294
225.52 17.1 -426.62 1331.85 0.0 33598.0 0.0 2294
225.57 -2.44 -428.17 1331.85 0.0 33598.0 0.0 2294
225.63 -32.35 -430.55 1331.85 0.0 33598.0 0.0 2294
225.68 -53.58 -432.24 1331.85 0.0 33598.0 0.0 2294
225.74 -78.19 -434.2 1331.85 0.0 33598.0 0.0 2294
225.79 -100.38 -435.97 1331.85 0.0 33598.0 0.0 2294
225.85 -125.47 -437.96 1331.85 0.0 33598.0 0.0 2294
225.9 -146.7 -439.65 1331.85 0.0 33598.0 0.0 2294
225.94 -161.65 -440.84 1331.85 0.0 33598.0 0.0 2294
225.99 -185.3 -442.72 1331.85 0.0 33598.0 0.0 2294
226.04 -205.56 -444.33 1331.85 0.0 33598.0 0.0 2294
226.09 -230.17 -446.29 1331.85 0.0 33598.0 0.0 2291
226.13 -248.02 -447.71 1331.85 0.0 32831.0 0.0 2291
226.18 -268.37 -447.88 1331.85 0.0 30089.0 65387.0 2291
226.24 -294.95 -442.8 1331.85 0.0 26052.0 64961.0 2291
226.29 -315.19 -430.09 1331.85 0.0 24090.0 65006.0 2291
226.34 -331.46 -413.07 1331.85 0.0 23963.0 65017.0 2291
226.39 -346.22 -395.09 1331.85 0.0 23963.0 65039.0 2291
226.44 -362.5 -375.11 1331.85 0.0 23900.0 65277.0 2291
226.5 -377.75 -354.16 1331.85 0.0 23900.0 65406.0 2291
226.55 -391.76 -347.74 1331.85 0.0 23900.0 65480.0 2291
226.61 -408.24 -325.57 1331.85 0.0 23645.0 77.0 2291
226.66 -422.04 -307.2 1331.85 0.0 22278.0 65436.0 2291
226.71 -435.29 -286.36 1331.85 0.0 20394.0 65179.0 2291
226.76 -445.12 -263.37 1328.87 0.0 19947.0 64984.0 2291
226.81 -452.71 -240.8 1322.02 0.0 19820.0 65165.0 2291
226.87 -459.95 -217.59 1313.03 0.0 19820.0 65331.0 2291
226.92 -467.37 -193.97 1302.8 0.0 19820.0 65441.0 2291
226.98 -475.33 -169.29 1291.7 0.0 19820.0 0.0 2244
227.03 -482.38 -147.77 1280.62 0.0 19820.0 0.0 2244
227.09 -483.36 -144.36 1272.63 0.0 19757.0 0.0 2244
227.14 -488.21 -129.61 1264.8 0.0 19118.0 59.0 2244
227.19 -493.77 -109.85 1256.26 0.0 17585.0 71.0 2244
227.25 -497.87 -83.44 1246.13 0.0 16039.0 65259.0 2244
227.29 -497.92 -62.4 1235.84 0.0 15720.0 65056.0 2244
227.37 -495.82 -21.08 1223.68 0.0 15720.0 65356.0 2244
227.44 -493.17 13.09 1217.6 0.0 15720.0 65474.0 2244
227.48 -491.96 23.64 1214.56 0.0 15847.0 0.0 2244
227.52 -490.92 37.37 1213.04 0.0 16243.0 0.0 2244
227.56 -490.61 40.12 1212.28 0.0 16562.0 151.0 2244
227.63 -490.52 40.26 1211.9 0.0 16987.0 0.0 2244
227.71 -490.6 38.04 1211.71 0.0 17050.0 0.0 2244
227.77 -490.79 33.61 1209.52 0.0 17240.0 0.0 2244
227.81 -491.36 38.94 1210.52 0.0 17556.0 0.0 2244
227.86 -492.4 48.31 1211.02 0.0 17619.0 0.0 2244
227.9 -494.33 64.89 1211.27 0.0 17619.0 4.0 2244
227.95 -497.21 89.32 1211.4 0.0 17619.0 3.0 2244
228.0 -499.56 109.13 1211.46 0.0 17619.0 1.0 2244
228.04 -500.19 114.49 1211.49 0.0 17619.0 1.0 2244
228.11 -500.3 115.38 1211.51 0.0 17746.0 0.0 2244
228.15 -500.08 113.45 1211.52 0.0 18321.0 0.0 2244
228.19 -499.72 110.46 1211.52 0.0 19791.0 0.0 2244
228.23 -499.65 109.86 1209.52 0.0 21280.0 0.0 2244
228.31 -499.65 109.86 1209.44 0.0 24786.0 0.0 2244
228.35 -499.65 109.86 1209.52 0.0 24723.0 0.0 2244
228.39 -499.65 109.86 1209.48 0.0 26849.0 0.0 2244
228.44 -499.65 109.86 1209.52 0.0 27040.0 0.0 2244
228.51 -514.78 108.15 1210.52 0.0 33940.0 0.0 2244
228.58 -537.74 105.56 1211.02 0.0 33940.0 0.0 2244
228.65 -582.58 100.5 1211.27 0.0 33940.0 65535.0 2244
228.73 -621.22 96.14 1211.4 0.0 33940.0 0.0 2244
228.79 -646.38 93.3 1211.52 0.0 33940.0 0.0 2244
228.85 -673.8 90.21 1211.52 0.0 33940.0 0.0 2174
228.91 -696.88 87.6 1211.52 0.0 33940.0 0.0 2174
228.97 -720.93 84.89 1211.52 0.0 33940.0 0.0 2174
229.04 -754.11 81.15 1211.52 0.0 33940.0 0.0 2174
229.09 -773.59 78.95 1211.52 0.0 33940.0 0.0 2174
229.13 -791.15 76.97 1211.52 0.0 33940.0 0.0 2174
229.18 -808.46 75.01 1211.52 0.0 33940.0 0.0 2174
229.22 -825.77 73.06 1211.52 0.0 33940.0 0.0 2174
229.27 -850.78 70.24 1211.52 0.0 33940.0 0.0 2174
229.31 -865.69 68.56 1211.52 0.0 33940.0 0.0 2174
229.36 -888.78 65.95 1211.52 0.0 33940.0 0.0 2174
229.4 -901.76 64.49 1211.52 0.0 33940.0 0.0 2174
229.44 -926.29 61.72 1211.52 0.0 33621.0 0.0 2174
229.49 -942.22 60.42 1211.52 0.0 33195.0 65476.0 2174
229.53 -965.44 59.32 1211.52 0.0 33004.0 65410.0 2174
229.58 -988.19 58.77 1211.52 0.0 32813.0 65429.0 2174
229.63 -1009.01 58.71 1211.52 0.0 32750.0 65444.0 2174
229.67 -1024.5 58.76 1211.52 0.0 32623.0 65483.0 2174
229.72 -1049.67 59.03 1211.52 0.0 32560.0 65474.0 2174
229.77 -1066.61 59.39 1211.52 0.0 32560.0 0.0 2174
229.81 -1085.0 59.74 1211.52 0.0 32560.0 0.0 2174
229.85 -1102.9 60.09 1211.52 0.0 32560.0 0.0 2209
229.89 -1121.29 60.45 1211.52 0.0 32560.0 0.0 2209
229.93 -1137.75 60.77 1211.52 0.0 32560.0 0.0 2209
229.97 -1155.17 61.12 1211.52 0.0 32560.0 0.0 2209
230.01 -1170.65 61.43 1211.52 0.0 32560.0 0.0 2209
230.05 -1190.97 61.83 1211.52 0.0 32560.0 0.0 2209
230.09 -1207.43 62.16 1211.85 0.0 32560.0 0.0 2209
230.13 -1226.78 62.54 1211.85 0.0 32560.0 0.0 2209
230.17 -1243.24 62.87 1211.85 0.0 32560.0 0.0 2209
230.22 -1264.53 63.3 1211.85 0.0 32241.0 0.0 2209
230.26 -1281.94 64.14 1211.85 0.0 32050.0 65476.0 2209
230.33 -1321.3 66.7 1211.85 0.0 31796.0 65475.0 2209
230.41 -1358.51 70.46 1211.85 0.0 31286.0 65454.0 2209
230.45 -1369.11 72.13 1211.85 0.0 31159.0 65445.0 2209
230.49 -1382.77 74.36 1211.85 0.0 31159.0 65460.0 2209
230.56 -1422.34 80.72 1211.85 0.0 30690.0 65484.0 2241
230.6 -1434.86 83.34 1211.85 0.0 30225.0 65446.0 2241
230.64 -1449.56 86.92 1211.85 0.0 29893.0 65401.0 2241
230.68 -1464.02 91.56 1211.85 0.0 29561.0 65399.0 2241
230.72 -1479.78 96.37 1211.85 0.0 29108.0 65401.0 2241
230.76 -1495.79 101.96 1211.85 0.0 28591.0 65379.0 2241
230.8 -1513.33 109.02 1211.85 0.0 27880.0 65345.0 2243
230.87 -1547.72 125.83 1211.85 0.0 26860.0 65316.0 2243
230.91 -1558.23 132.44 1233.28 0.0 26295.0 65317.0 2246
230.95 -1571.31 141.55 1234.28 0.0 25443.0 65300.0 2246
230.99 -1573.45 152.05 1235.28 0.0 24711.0 65250.0 2246
231.03 -1574.63 163.29 1235.28 0.0 24456.0 65130.0 2246
231.07 -1574.3 176.26 1235.28 0.0 24839.0 65130.0 2246
231.11 -1574.4 179.5 1235.28 0.0 26750.0 0.0 2246
231.18 -1574.41 179.96 1235.28 0.0 31298.0 0.0 2246
231.22 -1574.37 178.45 1235.28 0.0 33161.0 0.0 2246
231.27 -1574.27 175.51 1233.28 0.0 34678.0 0.0 2246
231.34 -1574.45 172.37 1235.28 0.0 35976.0 0.0 2246
231.38 -1574.57 170.22 1235.28 0.0 35976.0 0.0 2246
231.43 -1574.79 166.39 1235.28 0.0 35976.0 0.0 2246
231.5 -1575.37 156.16 1235.28 0.0 36344.0 0.0 2246
231.53 -1575.44 154.92 1235.28 0.0 37161.0 0.0 2246
231.61 -1575.88 147.13 1235.28 0.0 39533.0 0.0 2246
231.65 -1575.74 149.49 1235.28 0.0 41034.0 0.0 2246
231.69 -1575.74 149.48 1235.28 0.0 42651.0 0.0 2246
231.73 -1575.71 150.08 1233.28 0.0 44554.0 0.0 2246
231.8 -1575.71 150.08 1233.21 0.0 1027.0 0.0 2246
231.86 -1575.71 150.08 1233.28 0.0 2260.0 0.0 2246
231.91 -1573.55 140.27 1234.28 0.0 3304.0 0.0 2246
231.97 -1568.53 123.75 1234.78 0.0 4969.0 64972.0 2246
232.02 -1551.8 112.86 1235.03 0.0 6940.0 65006.0 2243
232.08 -1523.02 105.8 1223.46 0.0 8479.0 64950.0 2243
232.12 -1501.52 105.07 1217.68 0.0 9012.0 65488.0 2241
232.17 -1480.86 106.37 1214.79 0.0 9331.0 267.0 2241
232.21 -1460.1 108.75 1213.35 0.0 9818.0 194.0 2241
232.26 -1437.75 112.33 1212.62 0.0 10580.0 167.0 2241
232.31 -1415.76 118.86 1211.9 0.0 11832.0 163.0 2241
232.36 -1394.65 126.51 1211.9 0.0 13235.0 207.0 2241
232.4 -1380.65 132.76 1211.9 0.0 14197.0 207.0 2241
232.44 -1367.93 142.05 1211.9 0.0 15065.0 208.0 2241
232.47 -1354.49 151.78 1211.9 0.0 15974.0 194.0 2209
232.54 -1322.11 165.11 1207.73 0.0 17072.0 65175.0 2209
232.62 -1319.07 166.45 1203.96 0.0 17607.0 0.0 2209
232.69 -1322.19 165.26 1201.67 0.0 17607.0 0.0 2209
232.76 -1328.61 162.72 1197.39 0.0 17607.0 0.0 2209
232.83 -1329.19 171.46 1197.08 0.0 16612.0 0.0 2209
232.9 -1329.25 189.21 1192.72 0.0 15702.0 8.0 2209
232.94 -1328.65 201.22 1186.34 0.0 15639.0 65490.0 2209
233.02 -1325.77 246.41 1171.61 0.0 15639.0 65502.0 2209
233.1 -1322.99 284.92 1152.18 0.0 15639.0 0.0 2200
233.16 -1320.79 314.55 1131.94 0.0 15639.0 0.0 2200
233.24 -1318.3 348.43 1110.27 0.0 15639.0 0.0 2200
233.31 -1316.04 379.37 1088.4 0.0 15639.0 0.0 2200
233.38 -1313.59 413.19 1065.74 0.0 15639.0 0.0 2200
233.45 -1311.45 442.89 1043.55 0.0 15639.0 0.0 2200
233.52 -1309.38 471.5 1027.72 0.0 15639.0 0.0 2200
233.59 -1307.24 501.25 1019.81 0.0 15639.0 0.0 2200
233.65 -1305.31 528.2 1015.82 0.0 15639.0 0.0 2200
233.7 -1305.34 527.66 1013.83 0.0 15639.0 65535.0 2200
233.76 -1305.58 524.43 1012.83 0.0 15639.0 0.0 2200
233.82 -1305.84 520.81 1012.33 0.0 15639.0 0.0 2200
233.89 -1306.24 515.23 1009.83 0.0 15639.0 0.0 2200
233.93 -1306.65 509.52 1011.83 0.0 15639.0 0.0 2200
233.99 -1307.85 492.71 1011.83 0.0 15639.0 0.0 2200
234.03 -1308.73 480.54 1011.83 0.0 15639.0 65535.0 2200
234.09 -1311.17 446.61 1011.83 0.0 15639.0 65535.0 2200
234.15 -1313.53 415.56 1014.35 0.0 15639.0 0.0 2200
234.22 -1315.78 392.05 1031.17 0.0 15639.0 0.0 2200
234.29 -1318.16 363.63 1051.61 0.0 15639.0 0.0 2200
234.33 -1319.0 349.19 1060.96 0.0 15639.0 0.0 2200
234.37 -1319.99 334.06 1071.73 0.0 15639.0 0.0 2200
234.41 -1321.04 318.59 1082.74 0.0 15639.0 0.0 2200
234.48 -1323.67 286.87 1106.41 0.0 15639.0 0.0 2200
234.55 -1326.28 253.38 1130.46 0.0 15639.0 0.0 2209
234.59 -1327.03 238.41 1140.02 0.0 15639.0 0.0 2209
234.66 -1329.71 205.01 1165.01 0.0 15639.0 0.0 2209
234.73 -1331.95 174.59 1186.57 0.0 15639.0 0.0 2209
234.77 -1332.75 159.17 1196.66 0.0 15639.0 0.0 2209
234.84 -1335.21 118.45 1204.28 0.0 15639.0 0.0 2209
234.9 -1337.42 84.34 1208.09 0.0 15639.0 0.0 2209
234.94 -1338.24 71.38 1209.99 0.0 15320.0 0.0 2209
234.98 -1338.4 68.26 1210.95 0.0 13148.0 428.0 2209
235.03 -1338.32 69.06 1211.42 0.0 10307.0 0.0 2209
235.08 -1338.23 70.14 1211.66 0.0 6051.0 0.0 2209
235.13 -1338.11 71.69 1211.78 0.0 2005.0 0.0 2209
235.19 -1337.84 75.24 1209.9 0.0 47.0 0.0 2209
235.25 -1326.6 75.22 1210.9 0.0 65520.0 0.0 2209
235.32 -1300.16 75.18 1211.4 0.0 65520.0 65535.0 2209
235.37 -1275.22 75.14 1211.65 0.0 65520.0 0.0 2209
235.42 -1248.3 75.1 1211.78 0.0 65520.0 65535.0 2209
235.48 -1221.38 75.06 1211.9 0.0 65520.0 0.0 2209
235.52 -1203.96 75.03 1211.9 0.0 65520.0 0.0 2209
235.59 -1166.93 74.98 1211.9 0.0 65520.0 0.0 2209
235.66 -1135.71 74.93 1211.53 0.0 65520.0 0.0 2209
235.73 -1104.25 74.88 1211.53 0.0 65520.0 0.0 2209
235.77 -1089.49 74.86 1211.53 0.0 65520.0 0.0 2174
235.82 -1071.82 74.83 1211.53 0.0 65520.0 0.0 2174
235.87 -1044.72 74.79 1211.53 0.0 65520.0 0.0 2174
235.93 -1016.65 74.75 1211.53 0.0 63153.0 0.0 2174
235.98 -996.56 70.79 1211.53 0.0 59775.0 65079.0 2174
236.04 -975.91 59.45 1211.53 0.0 56368.0 64995.0 2174
236.09 -961.3 43.35 1211.53 0.0 53719.0 65040.0 2174
236.15 -947.39 15.68 1211.53 0.0 51354.0 64916.0 2174
236.2 -942.48 -8.81 1211.53 0.0 49474.0 64995.0 2174
236.25 -943.31 -13.55 1211.53 0.0 48292.0 0.0 2174
236.29 -945.21 -12.51 1211.53 0.0 48229.0 0.0 2174
236.34 -946.56 -11.08 1211.53 0.0 48229.0 0.0 2174
236.39 -947.54 -9.67 1211.53 0.0 48229.0 0.0 2174
236.45 -949.11 -21.64 1211.53 0.0 48229.0 0.0 2174
236.5 -950.76 -36.39 1211.53 0.0 48229.0 65515.0 2174
236.54 -952.7 -56.12 1211.53 0.0 48229.0 65523.0 2174
236.59 -954.7 -75.68 1216.08 0.0 48229.0 65529.0 2174
236.63 -956.51 -93.78 1225.19 0.0 48229.0 65530.0 2174
236.69 -959.2 -121.23 1239.38 0.0 48229.0 0.0 2174
236.73 -960.6 -137.33 1247.08 0.0 48229.0 0.0 2174
236.77 -962.45 -157.67 1257.47 0.0 48229.0 0.0 2174
236.82 -964.15 -176.76 1267.04 0.0 48229.0 0.0 2174
236.86 -966.11 -198.4 1278.04 0.0 48229.0 0.0 2149
236.91 -967.97 -219.23 1288.51 0.0 48102.0 0.0 2149
236.96 -970.15 -241.22 1299.64 0.0 48039.0 0.0 2149
237.01 -972.55 -263.67 1310.97 0.0 48039.0 0.0 2150
237.05 -974.21 -279.81 1318.86 0.0 48039.0 0.0 2150
237.09 -976.13 -297.73 1327.93 0.0 48039.0 0.0 2150
237.14 -978.23 -319.81 1329.91 0.0 48039.0 0.0 2150
237.18 -980.25 -340.92 1331.9 0.0 48039.0 0.0 2150
237.22 -981.96 -356.8 1331.9 0.0 47656.0 0.0 2150
237.26 -984.09 -372.14 1331.9 0.0 46332.0 65471.0 2150
237.3 -989.42 -393.83 1331.9 0.0 44157.0 65248.0 2150
237.34 -997.66 -410.64 1331.9 0.0 42277.0 65096.0 2150
237.38 -1007.3 -423.9 1331.9 0.0 41894.0 65130.0 2150
237.42 -1016.91 -436.25 1331.9 0.0 42213.0 65153.0 2150
237.46 -1019.19 -439.9 1331.9 0.0 44432.0 226.0 2150
237.53 -1019.85 -440.97 1331.9 0.0 51745.0 0.0 2150
237.58 -1018.89 -439.42 1331.9 0.0 56106.0 0.0 2150
237.63 -1017.24 -436.77 1331.9 0.0 59221.0 0.0 2150
237.67 -1016.93 -436.27 1329.9 0.0 60823.0 0.0 2150
