75.87 -456.36 372.45 -59.97 0.0 56688.0 0.0 976
75.89 -456.36 372.45 -66.1 0.0 56688.0 0.0 976
75.91 -455.83 371.85 -66.1 0.0 56688.0 0.0 976
75.93 -454.49 370.33 -66.1 0.0 56688.0 0.0 976
75.95 -452.69 368.28 -66.1 0.0 56688.0 0.0 976
75.97 -450.44 365.74 -66.1 0.0 56688.0 0.0 976
75.99 -447.3 362.17 -66.1 0.0 56688.0 0.0 976
76.02 -443.72 358.11 -66.1 0.0 56688.0 0.0 976
76.04 -439.55 353.37 -66.1 0.0 56688.0 0.0 976
76.06 -434.21 347.32 -66.1 0.0 56688.0 0.0 976
76.08 -428.79 341.18 -66.1 0.0 56688.0 0.0 976
76.1 -422.78 334.36 -66.1 0.0 56688.0 0.0 976
76.12 -416.7 327.46 -66.1 0.0 56688.0 0.0 976
76.14 -410.94 320.93 -86.1 0.0 56688.0 0.0 976
76.16 -405.5 314.75 -86.1 0.0 56688.0 0.0 976
76.17 -400.06 308.58 -86.1 0.0 56688.0 0.0 976
76.19 -395.9 303.86 -86.1 0.0 56688.0 0.0 976
76.2 -391.1 298.42 -86.1 0.0 56688.0 0.0 976
76.21 -388.02 294.07 -86.1 0.0 56497.0 0.0 976
76.23 -385.17 289.01 -86.1 0.0 56209.0 0.0 976
76.24 -382.78 283.72 -86.1 0.0 55921.0 0.0 976
76.25 -380.96 278.71 -86.1 0.0 55657.0 0.0 976
76.27 -379.49 273.6 -86.1 0.0 55395.0 0.0 976
76.28 -378.27 267.92 -86.1 0.0 55186.0 0.0 976
76.29 -377.41 262.18 -86.1 0.0 55082.0 0.0 976
76.3 -376.86 256.39 -86.1 0.0 54986.0 0.0 976
76.32 -376.59 251.08 -86.1 0.0 54986.0 0.0 976
76.33 -376.56 245.27 -102.7 0.0 54986.0 0.0 976
76.34 -376.73 239.46 -102.7 0.0 54986.0 0.0 976
76.36 -377.04 234.15 -102.7 0.0 54986.0 0.0 976
76.37 -377.53 228.36 -103.28 0.0 54986.0 0.0 976
76.38 -378.09 223.07 -103.28 0.0 54986.0 0.0 976
76.39 -378.74 217.78 -103.28 0.0 54986.0 0.0 976
76.41 -379.54 212.03 -103.82 0.0 54986.0 0.0 976
76.42 -380.43 206.29 -103.82 0.0 54986.0 0.0 976
76.43 -381.29 201.04 -104.39 0.0 54986.0 0.0 976
76.44 -382.29 195.31 -105.07 0.0 54986.0 0.0 976
76.46 -383.25 190.08 -105.1 0.0 54986.0 0.0 1084
76.47 -384.34 184.37 -105.1 0.0 54986.0 0.0 1084
76.48 -385.46 178.67 -105.1 0.0 54986.0 0.0 1084
76.49 -386.51 173.45 -105.1 0.0 54986.0 0.0 1084
76.51 -387.68 167.76 -105.1 0.0 54986.0 0.0 1084
76.52 -388.77 162.55 -105.1 0.0 54986.0 0.0 1084
76.53 -389.98 156.87 -105.1 0.0 54986.0 0.0 1084
76.55 -391.2 151.2 -105.1 0.0 54986.0 0.0 1084
76.56 -392.44 145.52 -105.1 0.0 54986.0 0.0 1084
76.57 -393.68 139.85 -105.1 0.0 54986.0 0.0 1084
76.59 -394.94 134.18 -105.1 0.0 54986.0 0.0 1084
76.6 -396.2 128.51 -105.1 0.0 54986.0 0.0 1084
76.61 -397.58 122.37 -105.1 0.0 54986.0 0.0 1084
76.63 -398.85 116.7 -105.1 0.0 54986.0 0.0 1084
76.64 -400.13 111.04 -105.1 0.0 54986.0 0.0 1084
76.65 -401.41 105.37 -105.1 0.0 54986.0 0.0 1084
76.67 -402.7 99.71 -105.1 0.0 54986.0 0.0 1084
76.68 -403.99 94.04 -105.1 0.0 54986.0 0.0 1084
76.69 -405.28 88.38 -105.1 0.0 54986.0 0.0 1084
76.71 -406.57 82.72 -105.1 0.0 54986.0 0.0 1084
76.72 -407.97 76.59 -105.1 0.0 54986.0 0.0 1084
76.73 -409.27 70.92 -105.1 0.0 54986.0 0.0 1084
76.75 -410.57 65.26 -105.1 0.0 54986.0 0.0 1084
76.76 -411.87 59.6 -105.1 0.0 54986.0 0.0 1084
76.78 -413.27 53.47 -105.1 0.0 54986.0 0.0 1084
76.79 -414.68 47.34 -105.1 0.0 54986.0 0.0 1084
76.8 -416.09 41.2 -105.1 0.0 54986.0 0.0 1084
76.82 -417.39 35.54 -105.1 0.0 54986.0 0.0 1084
76.83 -418.8 29.41 -105.1 0.0 54986.0 0.0 1084
76.84 -420.21 23.28 -105.1 0.0 54986.0 0.0 1084
76.86 -421.51 17.62 -105.1 0.0 54986.0 0.0 1084
76.87 -422.81 11.96 -105.1 0.0 54986.0 0.0 1084
76.89 -424.22 5.83 -105.1 0.0 54986.0 0.0 1084
76.9 -425.52 0.17 -105.1 0.0 54986.0 0.0 1084
76.91 -426.83 -5.49 -105.1 0.0 54986.0 0.0 1084
76.92 -428.02 -10.68 -105.1 0.0 54986.0 0.0 1084
76.93 -429.21 -15.87 -105.1 0.0 54986.0 0.0 1084
76.95 -430.41 -21.06 -105.1 0.0 54986.0 0.0 1084
76.96 -431.6 -26.25 -105.1 0.0 54986.0 0.0 1084
76.97 -432.9 -31.91 -105.1 0.0 54986.0 0.0 1084
76.98 -434.1 -37.1 -105.1 0.0 54986.0 0.0 1084
77.0 -435.29 -42.28 -105.1 0.0 54986.0 0.0 1084
77.01 -436.49 -47.47 -105.1 0.0 54986.0 0.0 1084
77.02 -437.68 -52.66 -105.1 0.0 54986.0 0.0 1084
77.03 -438.88 -57.85 -105.1 0.0 54986.0 0.0 1084
77.04 -440.07 -63.04 -105.1 0.0 54986.0 0.0 1084
77.06 -441.16 -67.75 -105.1 0.0 54986.0 0.0 1084
77.07 -442.35 -72.94 -105.1 0.0 54986.0 0.0 1057
77.08 -443.44 -77.66 -105.1 0.0 54986.0 0.0 1057
77.09 -444.63 -82.85 -105.1 0.0 54986.0 0.0 1057
77.1 -445.82 -88.04 -105.1 0.0 54986.0 0.0 1057
77.12 -447.02 -93.22 -105.1 0.0 54986.0 0.0 1057
77.13 -448.32 -98.88 -105.1 0.0 54986.0 0.0 1057
77.14 -449.52 -104.07 -105.1 0.0 54986.0 0.0 1057
77.15 -450.6 -108.79 -105.1 0.0 54986.0 0.0 1057
77.16 -451.8 -113.98 -105.1 0.0 54986.0 0.0 1057
77.17 -452.88 -118.69 -105.1 0.0 54986.0 0.0 1057
77.19 -454.08 -123.88 -105.1 0.0 54986.0 0.0 1057
77.2 -455.27 -129.07 -105.1 0.0 54986.0 0.0 1057
77.21 -456.36 -133.79 -105.1 0.0 54986.0 0.0 1057
77.22 -457.55 -138.97 -105.1 0.0 54986.0 0.0 1057
77.23 -458.64 -143.69 -105.1 0.0 54986.0 0.0 1057
77.24 -459.83 -148.88 -105.1 0.0 55062.0 0.0 1057
77.26 -460.92 -153.6 -105.1 0.0 55230.0 0.0 1057
77.27 -462.11 -158.79 -105.1 0.0 55567.0 0.0 1057
77.28 -463.28 -163.98 -105.1 0.0 56000.0 0.0 1057
77.29 -464.41 -169.18 -105.1 0.0 56530.0 0.0 1057
77.3 -465.48 -174.4 -105.1 0.0 57108.0 0.0 1057
77.32 -465.91 -179.7 -105.1 0.0 57817.0 0.0 1057
77.33 -465.67 -185.51 -105.1 0.0 58500.0 0.0 1057
77.35 -464.75 -191.24 -105.1 0.0 59240.0 0.0 1057
77.36 -463.03 -197.29 -105.1 0.0 60037.0 0.0 1057
77.37 -460.41 -203.54 -105.1 0.0 60777.0 0.0 1056
77.39 -457.37 -209.05 -105.1 0.0 61603.0 0.0 1056
77.4 -453.8 -214.24 -105.1 0.0 62457.0 0.0 1056
77.42 -449.75 -219.05 -105.1 0.0 63272.0 0.0 1056
77.43 -445.64 -223.15 -105.1 0.0 64126.0 0.0 1056
77.44 -440.78 -227.15 -105.1 0.0 64862.0 0.0 1056
77.46 -436.01 -230.45 -105.1 0.0 62.0 0.0 1056
77.47 -430.97 -233.35 -105.1 0.0 761.0 0.0 1056
77.48 -426.18 -235.66 -105.1 0.0 1484.0 0.0 1056
77.49 -421.31 -237.13 -105.1 0.0 2231.0 0.0 1056
77.51 -416.44 -237.82 -105.1 0.0 2954.0 0.0 1056
77.52 -411.62 -237.79 -105.1 0.0 3628.0 0.0 1056
77.53 -406.9 -237.09 -105.1 0.0 4281.0 0.0 1056
77.54 -402.31 -235.77 -105.1 0.0 4910.0 0.0 1056
77.55 -397.89 -233.87 -105.1 0.0 5442.0 0.0 1056
77.57 -394.24 -231.47 -105.1 0.0 5970.0 0.0 1056
77.58 -391.11 -228.39 -105.1 0.0 6366.0 0.0 1056
77.59 -389.04 -225.56 -105.1 0.0 6766.0 0.0 1056
77.61 -387.2 -221.54 -105.1 0.0 7083.0 0.0 1056
77.62 -386.15 -217.59 -105.1 0.0 7320.0 0.0 1056
77.63 -385.71 -213.44 -105.1 0.0 7416.0 0.0 1056
77.64 -385.77 -209.5 -105.1 0.0 7468.0 0.0 1056
77.66 -386.37 -205.04 -105.1 0.0 7468.0 0.0 1056
77.67 -387.45 -200.42 -105.1 0.0 7468.0 0.0 1056
77.69 -389.32 -194.81 -105.1 0.0 7468.0 0.0 1056
77.7 -391.75 -188.98 -105.1 0.0 7468.0 0.0 1056
77.71 -394.23 -183.81 -105.1 0.0 7468.0 0.0 1056
77.73 -396.71 -179.1 -105.1 0.0 7468.0 0.0 1056
77.74 -398.98 -173.75 -105.1 0.0 7468.0 0.0 1056
77.75 -400.73 -168.72 -105.1 0.0 7468.0 0.0 1057
77.77 -402.28 -163.13 -105.1 0.0 7468.0 0.0 1057
77.78 -403.54 -157.46 -105.1 0.0 7468.0 0.0 1057
77.79 -404.55 -151.74 -105.1 0.0 7468.0 0.0 1057
77.81 -404.71 -145.99 -105.1 0.0 7468.0 0.0 1057
77.82 -404.13 -140.21 -105.1 0.0 7468.0 0.0 1057
77.83 -402.91 -134.53 -105.1 0.0 7315.0 0.0 1057
77.85 -400.95 -128.55 -105.1 0.0 7016.0 0.0 1057
77.86 -397.98 -121.93 -105.1 0.0 6751.0 0.0 1057
77.88 -395.22 -116.81 -105.1 0.0 6348.0 0.0 1057
77.89 -391.84 -111.5 -105.1 0.0 5888.0 0.0 1057
77.9 -388.12 -106.43 -105.1 0.0 5516.0 0.0 1057
77.92 -384.43 -101.95 -105.1 0.0 5142.0 0.0 1057
77.93 -380.14 -97.35 -105.1 0.0 4899.0 0.0 1057
77.94 -376.33 -93.62 -105.1 0.0 4698.0 0.0 1057
77.96 -371.61 -89.46 -105.1 0.0 4601.0 0.0 1057
77.97 -367.49 -86.1 -105.1 0.0 4504.0 0.0 1057
77.98 -363.24 -82.88 -105.1 0.0 4504.0 0.0 1057
77.99 -358.5 -79.53 -105.1 0.0 4504.0 0.0 1084
78.01 -354.07 -76.58 -105.1 0.0 4504.0 0.0 1084
78.02 -349.16 -73.48 -105.1 0.0 4504.0 0.0 1084
78.03 -344.61 -70.72 -105.1 0.0 4504.0 0.0 1084
78.05 -339.59 -67.8 -105.1 0.0 4504.0 0.0 1084
78.06 -334.52 -64.95 -105.1 0.0 4504.0 0.0 1084
78.07 -329.85 -62.4 -105.1 0.0 4504.0 0.0 1084
78.08 -324.73 -59.67 -105.1 0.0 4504.0 0.0 1084
78.1 -319.58 -56.98 -105.1 0.0 4504.0 0.0 1084
78.11 -314.4 -54.34 -105.1 0.0 4504.0 0.0 1084
78.12 -310.33 -52.25 -105.1 0.0 4504.0 0.0 1084
78.14 -307.31 -50.71 -105.1 0.0 4504.0 0.0 1084
78.15 -304.56 -49.3 -105.1 0.0 4504.0 0.0 1084
78.16 -302.69 -48.34 -105.1 0.0 4504.0 0.0 1084
78.18 -300.98 -47.47 -105.1 0.0 4504.0 0.0 1084
78.19 -299.81 -46.87 -105.1 0.0 4504.0 0.0 1084
78.2 -298.75 -46.33 -105.1 0.0 4504.0 0.0 1084
78.22 -297.98 -45.93 -105.1 0.0 4504.0 0.0 1084
78.23 -297.37 -45.62 -105.1 0.0 4504.0 0.0 1084
78.24 -296.88 -45.37 -105.1 0.0 4504.0 0.0 1084
78.26 -296.51 -45.18 -105.1 0.0 4504.0 0.0 1084
78.27 -296.21 -45.03 -105.1 0.0 4504.0 0.0 1084
78.28 -295.97 -44.91 -105.1 0.0 4504.0 0.0 1084
78.3 -295.78 -44.81 -105.1 0.0 4504.0 0.0 1084
78.31 -295.64 -44.74 -105.1 0.0 4504.0 0.0 1084
78.33 -296.26 -44.61 -105.1 0.0 30987.0 0.0 1084
78.35 -297.5 -44.36 -105.1 0.0 31175.0 0.0 1084
78.36 -299.53 -43.98 -105.1 0.0 31325.0 0.0 1084
78.38 -302.27 -43.5 -105.1 0.0 31424.0 0.0 1084
78.4 -305.24 -43.02 -105.1 0.0 31574.0 0.0 1084
78.42 -309.32 -42.39 -105.1 0.0 31574.0 0.0 1084
78.43 -313.47 -41.79 -105.1 0.0 31650.0 0.0 1084
78.45 -318.9 -41.05 -105.1 0.0 31801.0 0.0 1084
78.47 -325.04 -40.25 -105.1 0.0 31877.0 0.0 1084
78.49 -332.34 -39.37 -105.1 0.0 31877.0 0.0 1084
78.51 -339.47 -38.57 -105.1 0.0 31877.0 0.0 1084
78.53 -348.13 -37.65 -105.1 0.0 31877.0 0.0 1084
78.55 -355.83 -36.86 -105.1 0.0 31877.0 0.0 1084
78.57 -364.02 -36.05 -105.1 0.0 31877.0 0.0 1084
78.58 -372.21 -35.27 -105.1 0.0 31877.0 0.0 1084
78.61 -380.4 -34.5 -105.1 0.0 31877.0 0.0 1084
78.63 -389.56 -33.66 -105.1 0.0 31877.0 0.0 1084
78.65 -398.72 -32.83 -105.1 0.0 31877.0 0.0 1084
78.67 -407.88 -32.02 -105.1 0.0 31877.0 0.0 1084
78.69 -416.56 -31.25 -105.1 0.0 31877.0 0.0 1084
78.71 -426.2 -30.41 -105.1 0.0 31877.0 0.0 1084
78.73 -435.36 -29.61 -105.1 0.0 31877.0 0.0 1084
78.75 -444.52 -28.81 -105.1 0.0 31877.0 0.0 1084
78.77 -453.69 -28.02 -105.1 0.0 31877.0 0.0 1084
78.8 -463.33 -27.18 -105.1 0.0 31877.0 0.0 1084
78.82 -473.46 -26.31 -105.1 0.0 31877.0 0.0 1084
78.84 -482.14 -25.56 -105.1 0.0 31877.0 0.0 1084
78.86 -490.82 -24.82 -105.1 0.0 31877.0 0.0 1084
78.88 -499.5 -24.07 -105.1 0.0 31877.0 0.0 1084
78.9 -508.66 -23.28 -105.1 0.0 31877.0 0.0 1084
78.92 -517.82 -22.5 -105.1 0.0 31877.0 0.0 1084
78.94 -527.46 -21.67 -105.1 0.0 31877.0 0.0 1084
78.96 -535.66 -20.97 -103.23 0.0 31877.0 0.0 1084
78.98 -545.79 -20.1 -103.23 0.0 31877.0 0.0 1084
79.01 -555.43 -19.27 -103.23 0.0 31877.0 0.0 1084
79.04 -565.56 -18.4 -103.23 0.0 32145.0 0.0 1084
79.06 -579.06 -17.24 -103.23 0.0 32252.0 0.0 1084
79.08 -586.78 -16.62 -103.23 0.0 32439.0 0.0 1084
79.1 -596.92 -15.89 -103.23 0.0 32554.0 0.0 1084
79.13 -608.03 -15.22 -103.23 0.0 32762.0 0.0 1084
79.15 -617.7 -14.73 -103.23 0.0 33163.0 0.0 1084
79.17 -627.37 -14.36 -103.23 0.0 33725.0 0.0 1084
79.19 -637.53 -14.18 -105.1 0.0 34477.0 0.0 1084
79.22 -648.18 -14.31 -105.1 0.0 35226.0 0.0 1084
79.24 -658.33 -14.84 -105.1 0.0 35975.0 0.0 977
79.27 -668.44 -15.86 -105.1 0.0 36693.0 0.0 977
79.29 -679.44 -17.62 -124.1 0.0 37347.0 0.0 977
79.31 -689.83 -19.94 -124.1 0.0 37886.0 0.0 977
79.34 -700.06 -22.87 -124.1 0.0 38344.0 0.0 977
79.36 -710.11 -26.4 -124.1 0.0 38638.0 0.0 977
79.39 -720.59 -28.29 -124.1 0.0 38861.0 0.0 977
79.41 -730.24 -29.04 -124.1 0.0 39066.0 0.0 977
79.44 -741.37 -29.03 -124.1 0.0 39226.0 0.0 977
79.46 -752.97 -28.39 -124.1 0.0 39226.0 0.0 977
79.49 -762.62 -27.59 -124.1 0.0 39226.0 0.0 977
79.51 -775.13 -26.21 -124.1 0.0 39226.0 0.0 977
79.53 -784.73 -25.01 -124.1 0.0 39226.0 0.0 977
79.56 -795.76 -23.5 -124.1 0.0 39226.0 0.0 977
79.58 -807.26 -21.82 -144.1 0.0 39226.0 0.0 977
79.61 -817.3 -20.29 -144.1 0.0 39226.0 0.0 977
79.63 -828.3 -18.57 -144.1 0.0 39226.0 0.0 977
79.66 -838.82 -16.89 -144.1 0.0 39226.0 0.0 977
79.68 -849.81 -15.11 -144.1 0.0 39226.0 0.0 977
79.71 -860.31 -13.39 -144.1 0.0 39226.0 0.0 977
79.73 -870.82 -11.66 -144.1 0.0 39302.0 0.0 977
79.76 -881.8 -9.84 -144.1 0.0 39542.0 0.0 977
79.78 -892.79 -8.03 -144.1 0.0 40090.0 0.0 977
79.81 -903.79 -6.31 -144.1 0.0 40844.0 0.0 977
79.83 -914.82 -4.82 -139.6 0.0 41595.0 0.0 977
79.86 -924.93 -3.78 -134.33 0.0 42349.0 0.0 977
79.88 -936.04 -3.17 -133.22 0.0 42966.0 0.0 977
79.91 -947.17 -3.15 -133.22 0.0 43373.0 0.0 977
79.93 -957.33 -3.65 -133.22 0.0 43766.0 0.0 977
79.95 -967.92 -4.71 -133.22 0.0 44173.0 0.0 977
79.98 -977.98 -6.17 -133.22 0.0 44500.0 0.0 977
80.0 -988.44 -8.17 -131.22 0.0 44969.0 0.0 977
80.02 -998.34 -10.47 -138.1 0.0 45344.0 0.0 977
80.04 -1008.13 -13.18 -138.1 0.0 45791.0 0.0 977
80.07 -1017.36 -16.11 -138.1 0.0 46542.0 0.0 977
80.09 -1026.91 -19.58 -138.1 0.0 47306.0 0.0 977
80.11 -1035.41 -23.11 -138.1 0.0 48182.0 0.0 977
80.13 -1044.56 -27.53 -138.1 0.0 48946.0 0.0 977
80.15 -1052.59 -32.0 -138.1 0.0 49597.0 0.0 977
80.18 -1060.33 -36.97 -138.1 0.0 50113.0 0.0 977
80.2 -1068.5 -43.02 -138.1 0.0 50440.0 0.0 963
80.22 -1075.92 -49.24 -138.1 0.0 50694.0 0.0 963
80.24 -1081.48 -56.56 -138.1 0.0 50807.0 0.0 963
80.26 -1085.6 -64.78 -138.1 0.0 50807.0 0.0 963
80.28 -1088.39 -73.03 -138.1 0.0 50807.0 0.0 963
80.3 -1090.37 -82.51 -138.1 0.0 50807.0 0.0 963
80.32 -1091.44 -91.16 -131.17 0.0 50807.0 0.0 963
80.34 -1091.95 -99.85 -133.07 0.0 50807.0 0.0 963
80.36 -1091.99 -109.53 -133.07 0.0 50807.0 0.0 963
80.38 -1091.7 -118.24 -133.07 0.0 50807.0 0.0 963
80.41 -1091.12 -127.42 -133.07 0.0 50807.0 0.0 963
80.43 -1090.33 -136.58 -133.07 0.0 50807.0 0.0 963
80.45 -1089.38 -145.73 -133.07 0.0 50807.0 0.0 963
80.47 -1088.37 -154.38 -133.07 0.0 50807.0 0.0 963
80.49 -1087.21 -163.5 -136.53 0.0 50807.0 0.0 963
80.51 -1085.98 -172.62 -141.19 0.0 50807.0 0.0 963
80.53 -1084.77 -181.24 -144.1 0.0 50807.0 0.0 963
80.55 -1083.52 -189.87 -144.1 0.0 50807.0 0.0 963
80.57 -1082.17 -198.96 -144.1 0.0 50807.0 0.0 963
80.59 -1080.79 -208.05 -144.1 0.0 50807.0 0.0 963
80.61 -1079.4 -217.14 -144.1 0.0 50807.0 0.0 963
80.63 -1077.99 -226.23 -144.1 0.0 50807.0 0.0 963
80.65 -1076.57 -235.32 -144.1 0.0 50807.0 0.0 963
80.67 -1075.22 -243.93 -144.1 0.0 50807.0 0.0 963
80.69 -1073.87 -252.53 -144.1 0.0 50807.0 0.0 963
80.71 -1072.51 -261.14 -144.1 0.0 50807.0 0.0 963
80.73 -1070.99 -270.7 -144.1 0.0 50807.0 0.0 963
80.75 -1069.63 -279.3 -144.1 0.0 50807.0 0.0 963
80.78 -1068.18 -288.38 -124.1 0.0 50807.0 0.0 963
80.8 -1066.74 -297.47 -124.1 0.0 50807.0 0.0 963
80.82 -1065.37 -306.07 -124.1 0.0 50807.0 0.0 963
80.84 -1064.0 -314.67 -124.1 0.0 50807.0 0.0 963
80.86 -1062.55 -323.75 -124.1 0.0 50807.0 0.0 963
80.88 -1061.18 -332.36 -124.1 0.0 50731.0 0.0 963
80.9 -1059.73 -341.44 -124.1 0.0 50475.0 0.0 963
80.92 -1058.29 -350.52 -124.1 0.0 50276.0 0.0 963
80.94 -1056.93 -359.61 -124.1 0.0 50051.0 0.0 963
80.96 -1055.59 -369.2 -124.1 0.0 49889.0 0.0 963
80.98 -1054.49 -377.84 -124.1 0.0 49709.0 0.0 963
81.0 -1053.4 -387.46 -124.1 0.0 49574.0 0.0 963
81.03 -1052.46 -397.1 -124.1 0.0 49454.0 0.0 963
81.05 -1051.65 -406.74 -124.1 0.0 49334.0 0.0 963
81.07 -1050.98 -416.4 -124.1 0.0 49240.0 0.0 963
81.09 -1050.42 -426.55 -124.1 0.0 49146.0 0.0 963
81.12 -1049.98 -436.7 -124.1 0.0 49052.0 0.0 963
81.14 -1049.66 -446.86 -105.1 0.0 49014.0 0.0 963
81.16 -1049.44 -457.51 -105.1 0.0 48929.0 0.0 963
81.19 -1049.33 -466.7 -105.1 0.0 48929.0 0.0 963
81.21 -1049.3 -477.35 -105.1 0.0 48929.0 0.0 963
81.23 -1049.34 -488.0 -105.1 0.0 48929.0 0.0 963
81.26 -1049.43 -498.16 -105.1 0.0 48929.0 0.0 963
81.28 -1049.56 -509.29 -105.1 0.0 48929.0 0.0 964
81.31 -1049.73 -520.42 -105.1 0.0 48929.0 0.0 964
81.34 -1049.92 -532.04 -105.1 0.0 48929.0 0.0 964
81.36 -1050.14 -543.65 -105.1 0.0 48929.0 0.0 964
81.39 -1050.35 -554.78 -105.1 0.0 48929.0 0.0 964
81.42 -1050.58 -566.4 -105.1 0.0 48929.0 0.0 964
81.44 -1050.82 -578.01 -105.1 0.0 48929.0 0.0 964
81.47 -1051.06 -589.62 -105.1 0.0 48929.0 0.0 964
81.49 -1051.31 -601.72 -106.1 0.0 48929.0 0.0 964
81.52 -1051.53 -612.37 -106.1 0.0 48929.0 0.0 964
81.55 -1051.78 -623.98 -106.1 0.0 48929.0 0.0 964
81.57 -1052.03 -635.59 -106.1 0.0 48929.0 0.0 964
81.6 -1052.25 -646.24 -106.1 0.0 48929.0 0.0 964
81.62 -1052.49 -657.37 -106.1 0.0 48929.0 0.0 964
81.64 -1052.73 -668.5 -106.1 0.0 48929.0 0.0 964
81.67 -1052.95 -678.66 -106.1 0.0 48929.0 0.0 964
81.69 -1053.16 -688.34 -106.1 0.0 48929.0 0.0 964
81.71 -1053.36 -698.02 -106.1 0.0 48929.0 0.0 964
81.73 -1053.57 -707.69 -106.1 0.0 48929.0 0.0 964
81.75 -1053.77 -716.89 -106.1 0.0 48929.0 0.0 964
81.77 -1053.94 -725.11 -106.1 0.0 48929.0 0.0 964
81.79 -1054.14 -734.31 -106.1 0.0 48929.0 0.0 964
81.81 -1054.33 -743.02 -106.1 0.0 48929.0 0.0 964
81.83 -1054.53 -752.21 -106.1 0.0 48929.0 0.0 964
81.85 -1054.71 -760.92 -106.1 0.0 48929.0 0.0 964
81.87 -1054.87 -768.18 -106.1 0.0 48929.0 0.0 964
81.89 -1055.05 -776.41 -106.1 0.0 48929.0 0.0 964
81.9 -1055.22 -784.63 -106.1 0.0 48929.0 0.0 964
81.92 -1055.39 -792.37 -106.1 0.0 48929.0 0.0 964
81.94 -1055.56 -800.6 -106.1 0.0 48929.0 0.0 964
81.96 -1055.74 -808.83 -106.1 0.0 48929.0 0.0 964
81.98 -1055.92 -817.05 -104.19 0.0 48929.0 0.0 964
82.0 -1056.1 -825.76 -104.19 0.0 48929.0 0.0 964
82.02 -1056.29 -834.47 -105.1 0.0 48929.0 0.0 964
82.04 -1056.48 -843.18 -105.1 0.0 48929.0 0.0 964
82.06 -1056.67 -851.89 -105.1 0.0 48929.0 0.0 964
82.08 -1056.86 -861.09 -105.1 0.0 48929.0 0.0 964
82.1 -1057.07 -870.76 -105.1 0.0 48929.0 0.0 964
82.12 -1057.27 -879.96 -105.1 0.0 48929.0 0.0 964
82.15 -1057.48 -889.64 -105.1 0.0 48929.0 0.0 964
82.17 -1057.7 -900.28 -105.1 0.0 48929.0 0.0 964
82.2 -1057.92 -910.44 -105.1 0.0 48929.0 0.0 964
82.22 -1058.15 -921.09 -105.1 0.0 48929.0 0.0 964
82.24 -1058.38 -931.73 -105.1 0.0 48929.0 0.0 964
82.27 -1058.61 -942.38 -105.1 0.0 48929.0 0.0 964
82.29 -1058.85 -953.51 -105.1 0.0 48929.0 0.0 964
82.32 -1059.09 -964.64 -105.1 0.0 48929.0 0.0 964
82.34 -1059.32 -975.77 -105.1 0.0 48929.0 0.0 965
82.37 -1059.55 -986.41 -105.1 0.0 48929.0 0.0 965
82.4 -1059.8 -998.03 -105.1 0.0 48929.0 0.0 965
82.42 -1060.04 -1009.16 -103.19 0.0 48929.0 0.0 965
82.44 -1060.27 -1019.8 -105.37 0.0 48929.0 0.0 965
82.47 -1060.48 -1029.48 -105.37 0.0 48929.0 0.0 965
82.49 -1060.7 -1039.64 -105.37 0.0 48929.0 0.0 965
82.51 -1060.89 -1048.84 -105.37 0.0 48929.0 0.0 965
82.53 -1061.09 -1058.03 -105.37 0.0 48929.0 0.0 965
82.55 -1061.29 -1067.22 -105.37 0.0 48929.0 0.0 965
82.57 -1061.48 -1075.93 -105.37 0.0 48929.0 0.0 965
82.59 -1061.67 -1085.13 -105.37 0.0 48929.0 0.0 965
82.61 -1061.85 -1093.35 -105.37 0.0 49005.0 0.0 965
82.63 -1062.04 -1102.06 -105.37 0.0 49502.0 0.0 965
82.64 -1062.2 -1110.29 -105.37 0.0 50114.0 0.0 965
82.66 -1062.27 -1118.52 -105.37 0.0 50485.0 0.0 965
82.68 -1062.19 -1125.78 -105.37 0.0 50611.0 0.0 965
82.69 -1061.97 -1132.55 -105.37 0.0 50611.0 0.0 965
82.71 -1061.58 -1139.8 -105.37 0.0 50611.0 0.0 965
82.72 -1061.12 -1146.56 -105.37 0.0 50611.0 0.0 965
82.74 -1060.57 -1153.31 -105.37 0.0 50611.0 0.0 965
82.75 -1059.99 -1159.58 -105.37 0.0 50611.0 0.0 965
82.77 -1059.31 -1166.32 -105.37 0.0 50611.0 0.0 965
82.78 -1058.64 -1172.58 -105.37 0.0 50611.0 0.0 965
82.8 -1057.88 -1179.31 -105.37 0.0 50611.0 0.0 965
82.81 -1057.08 -1186.04 -105.37 0.0 50611.0 0.0 965
82.83 -1057.11 -1192.33 -105.37 0.0 50611.0 0.0 965
82.84 -1057.9 -1199.06 -105.37 0.0 50611.0 0.0 965
82.86 -1059.32 -1205.68 -105.37 0.0 50611.0 0.0 965
82.87 -1061.08 -1211.73 -105.37 0.0 50611.0 0.0 965
82.89 -1063.2 -1217.65 -105.37 0.0 50535.0 0.0 965
82.9 -1065.83 -1223.89 -105.37 0.0 50301.0 0.0 965
82.92 -1068.52 -1229.58 -105.37 0.0 50067.0 0.0 965
82.93 -1071.43 -1235.16 -103.22 0.0 49892.0 0.0 965
82.94 -1074.55 -1240.63 -103.22 0.0 49775.0 0.0 965
82.96 -1077.84 -1245.99 -103.22 0.0 49717.0 0.0 965
82.97 -1081.29 -1251.25 -103.22 0.0 49659.0 0.0 965
82.99 -1084.87 -1256.42 -105.1 0.0 49601.0 0.0 965
83.0 -1088.57 -1261.51 -105.1 0.0 49543.0 0.0 965
83.02 -1092.37 -1266.53 -105.1 0.0 49426.0 0.0 965
83.03 -1096.25 -1271.48 -105.1 0.0 49280.0 0.0 965
83.04 -1100.21 -1276.37 -105.1 0.0 49105.0 0.0 965
83.06 -1104.24 -1281.2 -105.1 0.0 48871.0 0.0 965
83.07 -1108.36 -1285.96 -105.1 0.0 48666.0 0.0 965
83.09 -1112.55 -1290.66 -105.1 0.0 48666.0 0.0 965
83.1 -1116.82 -1295.27 -105.1 0.0 48666.0 0.0 965
83.12 -1121.16 -1299.83 -105.1 0.0 48666.0 0.0 965
83.13 -1125.56 -1304.33 -105.1 0.0 48666.0 0.0 965
83.14 -1129.65 -1308.45 -105.1 0.0 48666.0 0.0 965
83.16 -1134.13 -1312.88 -105.1 0.0 48666.0 0.0 965
83.17 -1138.63 -1317.27 -105.1 0.0 48666.0 0.0 965
83.19 -1143.16 -1321.64 -105.1 0.0 48666.0 0.0 965
83.2 -1147.71 -1325.98 -105.1 0.0 48666.0 0.0 965
83.22 -1151.93 -1329.97 -105.1 0.0 48666.0 0.0 965
83.23 -1156.86 -1334.62 -105.1 0.0 48666.0 0.0 965
83.24 -1161.46 -1338.92 -105.1 0.0 48666.0 0.0 965
83.26 -1166.06 -1343.2 -105.1 0.0 48666.0 0.0 965
83.27 -1170.67 -1347.48 -105.1 0.0 48666.0 0.0 965
83.29 -1175.29 -1351.76 -105.1 0.0 48666.0 0.0 965
83.3 -1179.92 -1356.02 -105.1 0.0 48666.0 0.0 965
83.32 -1184.55 -1360.28 -105.1 0.0 48666.0 0.0 965
83.33 -1189.18 -1364.54 -105.1 0.0 48666.0 0.0 965
83.34 -1193.82 -1368.79 -105.1 0.0 48666.0 0.0 966
83.36 -1198.46 -1373.04 -105.1 0.0 48666.0 0.0 966
83.37 -1203.1 -1377.29 -105.1 0.0 48666.0 0.0 966
83.39 -1207.39 -1381.21 -105.1 0.0 48666.0 0.0 966
83.4 -1212.03 -1385.45 -105.1 0.0 48666.0 0.0 966
83.41 -1216.32 -1389.37 -105.1 0.0 48857.0 0.0 966
83.43 -1220.97 -1393.61 -105.1 0.0 49259.0 0.0 966
83.44 -1226.31 -1398.53 -105.1 0.0 49581.0 0.0 966
83.46 -1230.56 -1402.49 -105.1 0.0 49903.0 0.0 966
83.47 -1234.75 -1406.51 -105.1 0.0 50222.0 0.0 966
83.48 -1239.23 -1410.93 -105.1 0.0 50454.0 0.0 966
83.5 -1243.63 -1415.43 -105.1 0.0 50776.0 0.0 966
83.51 -1247.61 -1419.66 -105.1 0.0 51183.0 0.0 966
83.53 -1251.82 -1424.33 -105.1 0.0 51639.0 0.0 966
83.54 -1255.62 -1428.73 -105.1 0.0 52162.0 0.0 966
83.55 -1259.59 -1433.6 -105.1 0.0 52645.0 0.0 966
83.57 -1263.13 -1438.21 -105.1 0.0 53197.0 0.0 966
83.58 -1266.79 -1443.33 -105.1 0.0 53778.0 0.0 966
83.6 -1270.25 -1448.58 -105.1 0.0 54279.0 0.0 966
83.61 -1273.72 -1454.4 -105.1 0.0 54627.0 0.0 966
83.63 -1276.73 -1459.93 -105.1 0.0 54975.0 0.0 966
83.64 -1279.51 -1465.57 -105.1 0.0 55236.0 0.0 966
83.65 -1282.07 -1471.32 -105.1 0.0 55526.0 0.0 966
83.67 -1284.41 -1477.16 -105.1 0.0 55776.0 0.0 967
83.68 -1286.7 -1483.54 -105.1 0.0 55919.0 0.0 967
83.7 -1288.63 -1489.53 -105.1 0.0 55971.0 0.0 967
83.71 -1290.26 -1495.1 -105.1 0.0 55971.0 0.0 967
83.73 -1291.98 -1501.65 -105.1 0.0 56278.0 0.0 967
83.74 -1293.45 -1507.77 -105.1 0.0 56739.0 0.0 967
83.76 -1294.78 -1513.92 -105.1 0.0 57205.0 0.0 967
83.77 -1296.03 -1520.58 -105.1 0.0 57580.0 0.0 967
83.79 -1297.0 -1526.8 -105.1 0.0 57868.0 0.0 967
83.8 -1297.79 -1533.04 -105.1 0.0 58147.0 0.0 967
83.81 -1298.42 -1539.79 -105.1 0.0 58464.0 0.0 967
83.83 -1298.83 -1546.07 -105.1 0.0 58743.0 0.0 967
83.85 -1299.06 -1552.84 -105.1 0.0 58991.0 0.0 967
83.86 -1299.08 -1559.61 -105.1 0.0 59221.0 0.0 967
83.88 -1298.93 -1565.9 -105.1 0.0 59500.0 0.0 967
83.89 -1298.58 -1572.67 -105.1 0.0 59748.0 0.0 967
83.9 -1298.04 -1579.43 -105.1 0.0 59950.0 0.0 967
83.92 -1297.37 -1585.68 -105.1 0.0 60198.0 0.0 967
83.94 -1296.48 -1592.4 -105.1 0.0 60508.0 0.0 967
83.95 -1295.42 -1599.09 -105.1 0.0 60756.0 0.0 967
83.97 -1294.18 -1605.75 -105.1 0.0 61004.0 0.0 967
83.98 -1292.77 -1612.38 -105.1 0.0 61283.0 0.0 967
84.0 -1291.37 -1614.62 -105.1 0.0 61625.0 0.0 967
84.01 -1289.87 -1614.99 -105.1 0.0 61935.0 0.0 967
84.03 -1288.29 -1615.94 -105.1 0.0 62214.0 0.0 967
84.04 -1286.52 -1616.04 -105.1 0.0 62513.0 0.0 967
84.06 -1284.97 -1616.58 -105.1 0.0 62761.0 0.0 967
84.08 -1283.33 -1616.67 -105.1 0.0 63060.0 0.0 1021
84.09 -1281.41 -1617.38 -105.47 0.0 63370.0 0.0 1021
84.11 -1279.45 -1618.57 -102.69 0.0 63658.0 0.0 1021
84.12 -1277.49 -1620.1 -102.06 0.0 63968.0 0.0 1021
84.14 -1275.17 -1622.22 -101.44 0.0 64198.0 0.0 1021
84.15 -1272.81 -1624.57 -100.51 0.0 64464.0 0.0 1021
84.17 -1269.4 -1627.05 -99.8 0.0 64637.0 0.0 1021
84.18 -1265.95 -1629.05 -99.3 0.0 64854.0 0.0 1021
84.2 -1261.68 -1631.02 -99.3 0.0 64978.0 0.0 1021
84.21 -1256.87 -1632.82 -99.3 0.0 65151.0 0.0 1021
84.23 -1251.95 -1634.35 -99.91 0.0 65317.0 0.0 1021
84.24 -1245.69 -1635.93 -100.67 0.0 65416.0 0.0 1021
84.26 -1238.84 -1637.34 -101.71 0.0 13.0 0.0 1021
84.28 -1231.68 -1638.53 -103.0 0.0 137.0 0.0 1021
84.29 -1224.96 -1639.44 -103.0 0.0 203.0 0.0 1021
84.31 -1217.74 -1640.21 -102.4 0.0 203.0 0.0 1021
84.33 -1210.51 -1640.8 -101.94 0.0 203.0 0.0 1021
84.34 -1205.53 -1635.48 -106.64 0.0 203.0 0.0 1021
84.36 -1199.43 -1630.72 -105.46 0.0 203.0 0.0 1021
84.38 -1193.21 -1626.97 -107.33 0.0 203.0 0.0 1021
84.39 -1186.65 -1623.86 -107.33 0.0 203.0 0.0 1021
84.41 -1179.39 -1621.15 -107.33 0.0 203.0 0.0 1021
84.43 -1171.5 -1618.84 -107.33 0.0 203.0 0.0 1021
84.45 -1163.48 -1616.99 -107.33 0.0 203.0 0.0 1021
84.47 -1155.26 -1616.77 -105.3 0.0 203.0 0.0 1021
84.49 -1148.94 -1613.22 -106.66 0.0 203.0 0.0 1021
84.51 -1142.28 -1611.45 -103.27 0.0 65509.0 0.0 1021
84.53 -1135.35 -1611.15 -100.8 0.0 64991.0 0.0 1021
84.54 -1128.22 -1612.15 -97.55 0.0 64434.0 0.0 1021
84.56 -1121.4 -1614.13 -93.87 0.0 63877.0 0.0 1021
84.58 -1114.5 -1617.11 -89.62 0.0 63290.0 0.0 1021
84.59 -1111.09 -1613.22 -92.27 0.0 62670.0 0.0 1021
84.61 -1107.46 -1610.89 -90.19 0.0 62061.0 0.0 1021
84.62 -1104.0 -1609.84 -89.6 0.0 61422.0 0.0 1021
84.64 -1100.57 -1609.75 -88.14 0.0 60800.0 0.0 1021
84.65 -1097.45 -1610.41 -86.01 0.0 60069.0 0.0 1021
84.67 -1094.2 -1611.88 -83.36 0.0 59495.0 0.0 1021
84.68 -1091.54 -1613.67 -80.87 0.0 59043.0 0.0 1021
84.69 -1088.82 -1616.19 -77.95 0.0 58652.0 0.0 1021
84.71 -1086.46 -1618.97 -74.91 0.0 58317.0 0.0 1021
84.72 -1084.42 -1621.9 -71.8 0.0 58028.0 0.0 1021
84.73 -1082.53 -1625.18 -68.52 0.0 57691.0 0.0 1021
84.74 -1080.77 -1628.81 -65.1 0.0 57354.0 0.0 1021
84.76 -1079.16 -1632.78 -61.52 0.0 56870.0 0.0 1021
84.77 -1077.47 -1637.94 -57.12 0.0 56581.0 0.0 1021
84.78 -1076.22 -1642.62 -53.27 0.0 56389.0 0.0 1021
84.79 -1075.14 -1647.61 -49.32 0.0 56389.0 0.0 1021
84.8 -1074.25 -1652.86 -45.3 0.0 56389.0 0.0 1021
84.81 -1073.6 -1657.66 -41.72 0.0 56389.0 0.0 1021
84.83 -1073.14 -1661.99 -38.56 0.0 55698.0 0.0 1021
84.84 -1072.75 -1666.82 -35.11 0.0 55340.0 0.0 1021
84.84 -1072.52 -1671.17 -32.07 0.0 54987.0 0.0 1021
84.85 -1072.42 -1675.04 -29.42 0.0 54740.0 0.0 1021
84.86 -1072.41 -1678.42 -27.15 0.0 54382.0 0.0 1021
84.87 -1072.86 -1682.71 -24.54 0.0 54135.0 0.0 1021
84.88 -1073.49 -1686.0 -22.69 0.0 53852.0 0.0 1021
84.89 -1074.53 -1689.69 -20.81 0.0 53569.0 0.0 1021
84.9 -1075.88 -1693.31 -19.16 0.0 53322.0 0.0 1021
84.9 -1077.52 -1696.82 -17.74 0.0 53106.0 0.0 1021
84.91 -1079.14 -1699.79 -16.67 0.0 52859.0 0.0 1021
84.92 -1081.23 -1703.05 -15.78 0.0 52643.0 0.0 1021
84.93 -1083.23 -1705.79 -15.15 0.0 52431.0 0.0 1021
84.94 -1085.69 -1708.78 -14.72 0.0 52246.0 0.0 1021
84.95 -1087.98 -1711.27 -14.41 0.0 52070.0 0.0 1021
84.95 -1090.75 -1713.98 -14.15 0.0 51929.0 0.0 1021
84.96 -1093.65 -1716.54 -14.15 0.0 51868.0 0.0 1021
84.97 -1096.29 -1718.67 -13.89 0.0 51798.0 0.0 1021
84.98 -1099.4 -1720.98 -13.89 0.0 51768.0 0.0 1021
84.99 -1102.19 -1722.89 -13.89 0.0 51733.0 0.0 1021
85.0 -1105.46 -1724.96 -13.36 0.0 51733.0 0.0 1021
85.0 -1108.38 -1726.69 -12.73 0.0 51733.0 0.0 1021
85.01 -1111.77 -1728.56 -12.22 0.0 51733.0 0.0 1021
85.02 -1115.21 -1730.34 -11.75 0.0 51733.0 0.0 1021
85.03 -1118.69 -1732.04 -11.33 0.0 51733.0 0.0 1021
85.04 -1121.76 -1733.46 -10.98 0.0 51733.0 0.0 1021
85.05 -1125.31 -1735.01 -10.62 0.0 51733.0 0.0 1021
85.05 -1128.88 -1736.51 -10.28 0.0 51733.0 0.0 1021
85.06 -1132.03 -1737.77 -10.01 0.0 51771.0 0.0 1021
85.07 -1135.64 -1739.16 -9.72 0.0 51841.0 0.0 1021
85.08 -1139.27 -1740.51 -9.45 0.0 51946.0 0.0 1021
85.09 -1142.91 -1741.82 -9.2 0.0 52069.0 0.0 1021
85.1 -1146.11 -1742.94 -9.2 0.0 52280.0 0.0 1021
85.11 -1149.77 -1744.2 -8.76 0.0 52496.0 0.0 1021
85.11 -1152.98 -1745.29 -8.76 0.0 52742.0 0.0 1021
85.12 -1156.65 -1746.18 -9.37 0.0 53024.0 0.0 1021
85.13 -1160.4 -1745.99 -9.76 0.0 53332.0 0.0 1021
85.14 -1163.78 -1745.95 -9.17 0.0 53755.0 0.0 1021
85.15 -1167.65 -1746.07 -9.59 0.0 54217.0 0.0 1021
85.16 -1171.03 -1745.73 -10.74 0.0 54816.0 0.0 1021
85.16 -1174.9 -1745.58 -10.24 0.0 55450.0 0.0 1021
85.17 -1178.77 -1744.93 -11.71 0.0 56190.0 0.0 1021
85.18 -1182.63 -1744.58 -11.29 0.0 56472.0 0.0 1021
85.19 -1186.5 -1744.53 -11.79 0.0 56577.0 0.0 1021
85.2 -1190.36 -1744.75 -11.79 0.0 57352.0 0.0 1021
85.21 -1194.21 -1744.56 -13.13 0.0 58030.0 0.0 1021
85.22 -1197.59 -1744.07 -13.61 0.0 58823.0 0.0 1021
85.23 -1201.57 -1744.05 -13.07 0.0 59576.0 0.0 1021
85.24 -1205.15 -1743.92 -14.3 0.0 60230.0 0.0 1021
85.25 -1208.35 -1743.62 -14.52 0.0 60847.0 0.0 1021
85.26 -1211.44 -1743.86 -13.47 0.0 61376.0 0.0 1021
85.27 -1214.09 -1743.88 -14.01 0.0 61816.0 0.0 1021
85.28 -1216.32 -1744.34 -12.93 0.0 62155.0 0.0 1021
85.29 -1218.31 -1744.06 -13.63 0.0 62348.0 0.0 1021
85.31 -1219.89 -1744.26 -12.71 0.0 62559.0 0.0 1021
85.32 -1221.18 -1744.19 -13.38 0.0 62647.0 0.0 1021
85.33 -1222.0 -1744.44 -12.49 0.0 62752.0 0.0 1021
85.34 -1222.65 -1744.26 -13.25 0.0 62840.0 0.0 1021
85.36 -1222.99 -1744.38 -12.44 0.0 62945.0 0.0 1021
85.37 -1223.16 -1744.28 -13.2 0.0 63041.0 0.0 1021
85.38 -1223.0 -1744.28 -12.33 0.0 63137.0 0.0 1021
85.39 -1222.54 -1744.35 -12.33 0.0 63185.0 0.0 1021
85.4 -1221.79 -1744.49 -12.33 0.0 63233.0 0.0 1021
85.42 -1220.75 -1744.71 -12.33 0.0 63233.0 0.0 1021
85.43 -1219.48 -1744.12 -13.53 0.0 63309.0 0.0 1021
85.44 -1218.2 -1743.99 -12.79 0.0 63415.0 0.0 1021
85.45 -1216.67 -1744.28 -12.79 0.0 63463.0 0.0 1021
85.47 -1215.17 -1743.93 -13.91 0.0 63542.0 0.0 1021
85.48 -1213.41 -1744.02 -13.27 0.0 63639.0 0.0 1021
85.49 -1211.7 -1743.77 -14.22 0.0 63736.0 0.0 1021
85.51 -1209.89 -1743.93 -13.55 0.0 63868.0 0.0 1021
85.52 -1207.8 -1743.6 -14.57 0.0 64014.0 0.0 1021
85.53 -1205.78 -1743.72 -13.7 0.0 64226.0 0.0 1021
85.54 -1203.46 -1743.77 -14.22 0.0 64420.0 0.0 1021
85.56 -1201.22 -1744.21 -13.12 0.0 64685.0 0.0 1021
85.57 -1198.66 -1744.02 -13.72 0.0 64973.0 0.0 1021
85.58 -1195.72 -1744.4 -12.6 0.0 65292.0 0.0 1021
85.6 -1192.86 -1744.32 -13.12 0.0 159.0 0.0 1021
85.61 -1189.58 -1744.8 -11.92 0.0 478.0 0.0 1021
85.62 -1186.39 -1744.65 -12.45 0.0 797.0 0.0 1021
85.64 -1183.02 -1744.98 -11.31 0.0 1009.0 0.0 1021
85.65 -1179.47 -1745.01 -11.73 0.0 1239.0 0.0 1021
85.66 -1175.39 -1745.58 -10.43 0.0 1398.0 0.0 1021
85.68 -1171.43 -1745.42 -10.9 0.0 1584.0 0.0 1021
85.69 -1167.12 -1745.18 -9.77 0.0 1814.0 0.0 1021
85.71 -1162.05 -1744.8 -9.51 0.0 2015.0 0.0 1021
85.72 -1156.57 -1744.29 -9.51 0.0 2121.0 0.0 1021
85.73 -1151.16 -1743.7 -9.08 0.0 2227.0 0.0 1021
85.75 -1145.42 -1742.99 -9.08 0.0 2227.0 0.0 1021
85.76 -1139.67 -1742.19 -8.78 0.0 2265.0 0.0 1021
85.77 -1133.92 -1741.32 -8.78 0.0 2371.0 0.0 1021
85.79 -1128.19 -1740.4 -8.78 0.0 2371.0 0.0 1021
85.8 -1122.47 -1739.41 -8.78 0.0 2409.0 0.0 1021
85.81 -1116.75 -1738.37 -8.78 0.0 2462.0 0.0 1021
85.83 -1111.05 -1737.29 -9.6 0.0 2462.0 0.0 1021
85.84 -1105.35 -1736.16 -10.53 0.0 2500.0 0.0 1021
85.85 -1099.66 -1734.99 -10.53 0.0 2500.0 0.0 1021
85.87 -1093.97 -1733.8 -9.52 0.0 2576.0 0.0 1021
85.88 -1088.3 -1732.57 -8.33 0.0 2682.0 0.0 1021
85.89 -1082.63 -1731.31 -7.15 0.0 2762.0 0.0 1021
85.9 -1076.96 -1730.02 -5.98 0.0 2868.0 0.0 1021
85.92 -1071.31 -1728.7 -4.82 0.0 2990.0 0.0 1021
85.93 -1066.14 -1727.45 -3.77 0.0 3150.0 0.0 1021
85.94 -1060.5 -1726.04 -2.63 0.0 3247.0 0.0 1021
85.96 -1055.35 -1724.7 -1.6 0.0 3407.0 0.0 1021
85.97 -1049.74 -1723.2 -0.49 0.0 3553.0 0.0 1021
85.98 -1044.61 -1721.77 0.32 0.0 3713.0 0.0 1021
85.99 -1039.03 -1720.15 1.18 0.0 3873.0 0.0 1021
86.01 -1033.47 -1718.47 2.0 0.0 4006.0 0.0 1021
86.02 -1027.93 -1716.72 2.79 0.0 4112.0 0.0 1021
86.03 -1022.42 -1714.9 3.56 0.0 4218.0 0.0 1021
86.05 -1016.92 -1713.02 4.29 0.0 4324.0 0.0 1021
86.06 -1011.45 -1711.07 5.0 0.0 4324.0 0.0 1021
86.07 -1006.0 -1709.06 5.68 0.0 4324.0 0.0 1021
86.09 -1001.02 -1707.18 6.28 0.0 4324.0 0.0 1021
86.1 -995.16 -1704.9 7.52 0.0 4324.0 0.0 1021
86.11 -989.76 -1702.75 11.48 0.0 4324.0 0.0 1021
86.13 -983.93 -1700.39 15.75 0.0 4324.0 0.0 1021
86.14 -978.11 -1698.01 19.99 0.0 4324.0 0.0 1021
86.16 -972.74 -1695.78 23.9 0.0 4324.0 0.0 1021
86.17 -966.94 -1693.35 28.11 0.0 4324.0 0.0 1021
86.18 -961.59 -1691.09 31.2 0.0 4324.0 0.0 986
86.2 -955.8 -1688.63 34.3 0.0 4324.0 0.0 986
86.21 -950.46 -1686.34 37.16 0.0 4324.0 0.0 986
86.22 -944.68 -1683.86 40.26 0.0 4324.0 0.0 986
86.24 -939.34 -1681.56 43.11 0.0 4324.0 0.0 986
86.25 -934.01 -1679.25 45.97 0.0 4324.0 0.0 986
86.26 -928.24 -1676.75 49.05 0.0 4324.0 0.0 986
86.28 -922.92 -1674.43 51.9 0.0 4324.0 0.0 986
86.29 -916.7 -1671.72 55.23 0.0 4324.0 0.0 986
86.31 -911.38 -1669.4 58.08 0.0 4324.0 0.0 986
86.32 -904.73 -1666.49 61.64 0.0 4324.0 0.0 986
86.34 -898.96 -1663.97 64.72 0.0 4324.0 0.0 986
86.35 -893.2 -1661.44 67.8 0.0 4324.0 0.0 986
86.37 -887.44 -1658.92 69.71 0.0 4248.0 0.0 986
86.38 -882.12 -1656.58 70.62 0.0 4133.0 0.0 986
86.39 -876.36 -1654.06 71.44 0.0 4133.0 0.0 986
86.41 -871.03 -1651.75 72.21 0.0 4133.0 0.0 986
86.42 -865.25 -1649.25 73.03 0.0 4133.0 0.0 986
86.43 -859.92 -1646.96 73.8 0.0 4133.0 0.0 986
86.45 -854.58 -1644.68 74.42 0.0 4133.0 0.0 986
86.46 -848.79 -1642.21 89.67 0.0 4133.0 0.0 986
86.47 -843.44 -1639.94 89.67 0.0 4133.0 0.0 986
86.49 -838.55 -1637.67 88.76 0.0 4133.0 0.0 986
86.5 -833.32 -1635.29 89.0 0.0 4133.0 0.0 986
86.51 -828.03 -1632.9 89.0 0.0 4133.0 0.0 986
86.53 -822.72 -1630.54 89.0 0.0 4133.0 0.0 986
86.54 -817.4 -1628.2 89.0 0.0 4133.0 0.0 986
86.55 -812.08 -1625.87 89.0 0.0 4133.0 0.0 986
86.57 -806.76 -1623.56 89.0 0.0 4133.0 0.0 986
86.58 -801.42 -1621.26 89.0 0.0 4133.0 0.0 986
86.59 -796.53 -1619.16 89.0 0.0 4133.0 0.0 986
86.6 -791.19 -1616.87 89.0 0.0 4133.0 0.0 986
86.62 -786.29 -1614.78 89.0 0.0 4133.0 0.0 986
86.63 -780.5 -1612.32 89.0 0.0 4133.0 0.0 986
86.65 -775.16 -1610.05 89.0 0.0 4133.0 0.0 986
86.66 -769.81 -1607.79 89.0 0.0 4133.0 0.0 986
86.67 -764.46 -1605.53 89.0 0.0 4133.0 0.0 986
86.68 -759.11 -1603.27 89.0 0.0 4133.0 0.0 986
86.7 -753.75 -1601.02 89.0 0.0 4171.0 0.0 986
86.71 -748.4 -1598.77 89.0 0.0 4706.0 0.0 986
86.73 -743.05 -1596.51 89.0 0.0 5314.0 0.0 986
86.74 -738.55 -1595.69 88.9 0.0 5795.0 0.0 986
86.75 -734.14 -1594.61 88.9 0.0 6138.0 0.0 986
86.76 -729.89 -1593.35 88.9 0.0 6432.0 0.0 986
86.77 -725.44 -1591.81 88.9 0.0 6628.0 0.0 986
86.79 -720.81 -1589.98 88.9 0.0 6788.0 0.0 986
86.8 -715.54 -1587.64 88.9 0.0 6895.0 0.0 1003
86.81 -710.32 -1585.09 88.9 0.0 6993.0 0.0 1003
86.83 -705.9 -1582.17 88.9 0.0 7100.0 0.0 1003
86.84 -701.5 -1578.38 88.9 0.0 7100.0 0.0 1003
86.85 -697.84 -1574.51 88.9 0.0 7176.0 0.0 1003
86.86 -694.55 -1570.33 88.9 0.0 7176.0 0.0 1003
86.88 -691.37 -1565.47 88.9 0.0 7214.0 0.0 1003
86.89 -688.76 -1560.83 88.9 0.0 7214.0 0.0 1003
86.9 -686.25 -1555.59 88.9 0.0 7214.0 0.0 1003
86.91 -684.2 -1550.68 88.9 0.0 7214.0 0.0 1003
86.93 -682.21 -1545.22 88.9 0.0 7214.0 0.0 1003
86.94 -680.57 -1540.16 88.9 0.0 7214.0 0.0 1003
86.95 -678.98 -1534.57 88.9 0.0 7214.0 0.0 1003
86.97 -677.65 -1529.42 88.9 0.0 7214.0 0.0 1003
86.98 -676.34 -1523.76 88.9 0.0 7214.0 0.0 1003
86.99 -675.25 -1518.55 88.9 0.0 7214.0 0.0 1003
87.0 -674.24 -1513.32 88.9 0.0 7214.0 0.0 1003
87.01 -673.38 -1508.56 88.9 0.0 7214.0 0.0 1003
87.02 -672.5 -1503.31 88.9 0.0 7214.0 0.0 1003
87.04 -671.67 -1498.05 88.9 0.0 7214.0 0.0 1003
87.05 -670.33 -1492.89 88.9 0.0 7214.0 0.0 1003
87.06 -668.74 -1488.32 88.9 0.0 7214.0 0.0 1003
87.07 -666.84 -1483.87 88.9 0.0 7214.0 0.0 1003
87.08 -664.67 -1479.55 88.9 0.0 7214.0 0.0 1003
87.09 -662.0 -1474.94 88.9 0.0 7214.0 0.0 1003
87.1 -659.66 -1471.26 88.9 0.0 7214.0 0.0 1003
87.11 -656.9 -1467.29 88.9 0.0 7214.0 0.0 1003
87.12 -654.0 -1463.42 88.9 0.0 7214.0 0.0 1003
87.14 -650.98 -1459.63 88.9 0.0 7214.0 0.0 1003
87.15 -647.21 -1455.22 88.9 0.0 7214.0 0.0 1003
87.16 -643.98 -1451.61 88.9 0.0 7214.0 0.0 1003
87.17 -640.69 -1448.06 88.9 0.0 7214.0 0.0 1003
87.18 -637.67 -1444.92 88.9 0.0 7214.0 0.0 1003
87.19 -634.27 -1441.48 88.9 0.0 7214.0 0.0 1003
87.2 -630.82 -1438.08 88.9 0.0 7214.0 0.0 1003
87.21 -627.33 -1434.72 88.9 0.0 7214.0 0.0 1003
87.22 -624.17 -1431.73 88.9 0.0 7214.0 0.0 1003
87.24 -620.26 -1428.11 88.9 0.0 7214.0 0.0 1003
87.25 -616.69 -1424.84 88.9 0.0 7214.0 0.0 1003
87.26 -613.73 -1421.65 88.9 0.0 7214.0 0.0 1003
87.27 -610.74 -1417.84 88.9 0.0 7214.0 0.0 1003
87.28 -608.04 -1413.83 88.9 0.0 7214.0 0.0 1003
87.29 -605.83 -1410.08 88.9 0.0 7214.0 0.0 1003
87.3 -603.6 -1405.78 88.9 0.0 7214.0 0.0 1003
87.31 -601.6 -1401.37 88.9 0.0 7214.0 0.0 1003
87.32 -599.95 -1397.34 88.9 0.0 7214.0 0.0 1003
87.33 -598.3 -1392.79 88.9 0.0 7214.0 0.0 1002
87.34 -596.8 -1388.19 88.9 0.0 7214.0 0.0 1002
87.35 -595.55 -1384.01 88.9 0.0 7214.0 0.0 1002
87.36 -594.29 -1379.34 88.9 0.0 7214.0 0.0 1002
87.37 -593.24 -1375.11 88.9 0.0 7214.0 0.0 1002
87.38 -592.17 -1370.39 88.9 0.0 7214.0 0.0 1002
87.39 -591.27 -1366.13 88.9 0.0 7214.0 0.0 1002
87.4 -590.34 -1361.38 88.9 0.0 7214.0 0.0 1002
87.42 -589.56 -1357.1 83.9 0.0 7214.0 0.0 1002
87.42 -588.74 -1352.32 83.9 0.0 7214.0 0.0 1002
87.44 -588.05 -1348.02 83.9 0.0 7214.0 0.0 1002
87.45 -587.32 -1343.24 83.9 0.0 7099.0 0.0 1002
87.46 -586.69 -1338.93 86.05 0.0 6966.0 0.0 1002
87.47 -586.01 -1334.14 88.2 0.0 6744.0 0.0 1002
87.48 -585.35 -1329.34 88.85 0.0 6584.0 0.0 1002
87.49 -584.76 -1325.03 88.85 0.0 6362.0 0.0 1002
87.5 -584.09 -1320.23 88.85 0.0 6182.0 0.0 1002
87.51 -583.47 -1315.92 88.85 0.0 5960.0 0.0 1002
87.52 -582.74 -1311.14 88.85 0.0 5738.0 0.0 1002
87.53 -581.98 -1306.36 88.85 0.0 5578.0 0.0 1002
87.54 -581.25 -1302.06 88.85 0.0 5445.0 0.0 1002
87.55 -579.94 -1297.4 88.85 0.0 5285.0 0.0 1002
87.56 -578.41 -1293.33 88.85 0.0 5129.0 0.0 1002
87.57 -576.31 -1288.96 88.85 0.0 5009.0 0.0 1002
87.58 -574.14 -1285.18 88.85 0.0 4889.0 0.0 1002
87.59 -571.73 -1281.56 88.85 0.0 4769.0 0.0 1002
87.6 -569.11 -1278.08 88.85 0.0 4636.0 0.0 1002
87.61 -565.97 -1274.4 88.85 0.0 4556.0 0.0 1002
87.62 -562.98 -1271.23 88.85 0.0 4496.0 0.0 1002
87.63 -559.85 -1268.19 88.85 0.0 4456.0 0.0 1002
87.64 -556.61 -1265.29 88.85 0.0 4456.0 0.0 1002
87.65 -552.88 -1262.21 88.85 0.0 4418.0 0.0 1002
87.66 -549.43 -1259.54 88.85 0.0 4378.0 0.0 1002
87.67 -545.92 -1256.97 88.85 0.0 4378.0 0.0 1002
87.68 -542.34 -1254.49 88.85 0.0 4340.0 0.0 1002
87.69 -538.7 -1252.09 88.85 0.0 4300.0 0.0 1002
87.7 -535.02 -1249.76 88.85 0.0 4300.0 0.0 1002
87.71 -531.3 -1247.5 88.85 0.0 4300.0 0.0 1002
87.72 -527.11 -1245.06 88.85 0.0 4300.0 0.0 1002
87.73 -523.32 -1242.92 88.85 0.0 4300.0 0.0 1002
87.74 -519.5 -1240.82 88.85 0.0 4300.0 0.0 1002
87.75 -515.66 -1238.77 88.85 0.0 4300.0 0.0 1002
87.76 -511.8 -1236.75 88.85 0.0 4300.0 0.0 1002
87.77 -507.93 -1234.77 88.85 0.0 4300.0 0.0 1002
87.78 -504.03 -1232.81 88.85 0.0 4300.0 0.0 1002
87.79 -500.13 -1230.88 88.85 0.0 4300.0 0.0 1002
87.8 -495.78 -1228.76 88.85 0.0 4300.0 0.0 1002
87.81 -491.85 -1226.87 88.85 0.0 4300.0 0.0 1002
87.82 -487.92 -1225.0 88.85 0.0 4300.0 0.0 1002
87.83 -483.98 -1223.14 88.85 0.0 4300.0 0.0 1002
87.84 -480.03 -1221.3 88.85 0.0 4300.0 0.0 1002
87.86 -476.08 -1219.46 88.85 0.0 4300.0 0.0 1002
87.86 -471.68 -1217.44 88.85 0.0 4300.0 0.0 1002
87.87 -467.72 -1215.63 88.85 0.0 4300.0 0.0 1002
87.88 -463.76 -1213.83 88.85 0.0 4300.0 0.0 1002
87.89 -459.79 -1212.03 88.85 0.0 4300.0 0.0 1002
87.9 -455.82 -1210.24 88.85 0.0 4300.0 0.0 1002
87.92 -451.84 -1208.45 88.85 0.0 4300.0 0.0 1002
87.93 -447.43 -1206.48 88.85 0.0 4300.0 0.0 1002
87.94 -443.45 -1204.7 88.85 0.0 4300.0 0.0 1002
87.95 -439.47 -1202.93 88.85 0.0 4300.0 0.0 1001
87.96 -435.49 -1201.16 88.85 0.0 4300.0 0.0 1001
87.97 -431.51 -1199.39 88.85 0.0 4300.0 0.0 1001
87.97 -427.52 -1197.63 88.85 0.0 4300.0 0.0 1001
87.98 -423.54 -1195.87 88.85 0.0 4300.0 0.0 1001
87.99 -419.55 -1194.11 88.85 0.0 4300.0 0.0 1001
88.0 -415.57 -1192.35 88.85 0.0 4300.0 0.0 1001
88.01 -412.03 -1190.79 88.85 0.0 4262.0 0.0 1001
88.02 -408.04 -1189.04 88.85 0.0 4142.0 0.0 1001
88.03 -404.05 -1187.28 88.85 0.0 4062.0 0.0 1001
88.04 -400.06 -1185.54 88.42 0.0 3884.0 0.0 1001
88.05 -395.62 -1183.62 86.14 0.0 3744.0 0.0 1001
88.06 -391.61 -1181.9 84.09 0.0 3664.0 0.0 1001
88.07 -387.6 -1180.21 82.03 0.0 3664.0 0.0 1001
88.08 -383.58 -1178.54 79.96 0.0 3549.0 0.0 1001
88.09 -379.55 -1176.89 77.9 0.0 3469.0 0.0 1001
88.1 -375.5 -1175.26 75.83 0.0 3398.0 0.0 1001
88.11 -371.9 -1173.84 73.98 0.0 3278.0 0.0 1001
88.12 -367.84 -1172.26 71.9 0.0 3198.0 0.0 1001
88.13 -363.77 -1170.71 69.81 0.0 3118.0 0.0 1001
88.14 -359.69 -1169.18 68.9 0.0 3038.0 0.0 1001
88.15 -355.6 -1167.69 68.9 0.0 2967.0 0.0 1051
88.16 -351.96 -1166.38 68.9 0.0 2923.0 0.0 1051
88.17 -347.39 -1164.79 68.9 0.0 2888.0 0.0 1051
88.18 -343.72 -1163.53 68.9 0.0 2848.0 0.0 1051
88.19 -339.59 -1162.15 68.9 0.0 2808.0 0.0 1051
88.2 -335.46 -1160.79 68.9 0.0 2773.0 0.0 1051
88.21 -331.77 -1159.6 68.9 0.0 2773.0 0.0 1051
88.22 -327.62 -1158.28 68.9 0.0 2773.0 0.0 1051
88.23 -323.92 -1157.13 68.9 0.0 2735.0 0.0 1051
88.24 -319.76 -1155.85 68.9 0.0 2735.0 0.0 1051
88.25 -314.66 -1154.31 68.9 0.0 2735.0 0.0 1051
88.26 -310.49 -1153.07 68.9 0.0 2735.0 0.0 1051
88.27 -306.77 -1151.98 68.9 0.0 2735.0 0.0 1051
88.28 -302.59 -1150.76 68.9 0.0 2735.0 0.0 1048
88.29 -298.87 -1149.69 68.9 0.0 2735.0 0.0 1048
88.29 -295.15 -1148.62 68.9 0.0 2735.0 0.0 1048
88.3 -291.42 -1147.56 68.9 0.0 2735.0 0.0 1048
88.31 -287.7 -1146.51 68.9 0.0 2735.0 0.0 1048
88.32 -283.5 -1145.33 68.9 0.0 2735.0 0.0 1048
88.33 -279.77 -1144.29 68.9 0.0 2735.0 0.0 1048
88.34 -276.04 -1143.25 68.9 0.0 2735.0 0.0 1048
88.35 -271.85 -1142.08 68.9 0.0 2735.0 0.0 1048
88.36 -266.71 -1140.67 68.9 0.0 2735.0 0.0 1048
88.37 -262.98 -1139.64 68.9 0.0 2735.0 0.0 1048
88.38 -258.78 -1138.49 68.9 0.0 2735.0 0.0 1048
88.39 -255.04 -1137.47 68.9 0.0 2735.0 0.0 1048
88.4 -251.31 -1136.45 68.9 0.0 2735.0 0.0 1048
88.41 -247.57 -1135.43 68.9 0.0 2735.0 0.0 1048
88.42 -243.37 -1134.29 68.9 0.0 2735.0 0.0 1048
88.43 -239.63 -1133.28 68.9 0.0 2735.0 0.0 1048
88.43 -235.9 -1132.26 68.9 0.0 2735.0 0.0 1048
88.44 -232.16 -1131.25 68.9 0.0 2735.0 0.0 1048
88.45 -228.89 -1130.37 68.9 0.0 2735.0 0.0 1048
88.46 -224.68 -1129.23 68.9 0.0 2735.0 0.0 1048
88.47 -220.94 -1128.22 68.9 0.0 2735.0 0.0 1048
88.48 -217.67 -1127.34 68.9 0.0 2735.0 0.0 1048
88.49 -213.94 -1126.33 68.9 0.0 2735.0 0.0 1048
88.5 -210.2 -1125.32 68.9 0.0 2735.0 0.0 1048
88.5 -206.46 -1124.31 68.9 0.0 2735.0 0.0 1048
88.51 -202.72 -1123.31 68.9 0.0 2735.0 0.0 1048
88.52 -198.98 -1122.3 68.9 0.0 2735.0 0.0 1048
88.53 -195.71 -1121.42 68.9 0.0 2735.0 0.0 1048
88.54 -191.97 -1120.42 68.9 0.0 2735.0 0.0 1048
88.55 -188.23 -1119.41 68.9 0.0 2735.0 0.0 1048
88.56 -184.49 -1118.41 68.9 0.0 2735.0 0.0 1048
88.56 -180.75 -1117.4 68.9 0.0 2735.0 0.0 1048
88.57 -177.48 -1116.52 68.9 0.0 2735.0 0.0 1048
88.58 -173.74 -1115.52 68.9 0.0 2735.0 0.0 1048
88.59 -170.0 -1114.51 68.9 0.0 2735.0 0.0 1048
88.6 -166.26 -1113.51 68.9 0.0 2735.0 0.0 1048
88.61 -162.52 -1112.51 68.9 0.0 2735.0 0.0 1048
88.62 -158.78 -1111.5 68.9 0.0 2735.0 0.0 1048
88.62 -155.04 -1110.5 68.9 0.0 2735.0 0.0 1048
88.63 -151.77 -1109.62 68.9 0.0 2735.0 0.0 1048
88.64 -148.03 -1108.62 68.9 0.0 2735.0 0.0 1048
88.65 -144.29 -1107.61 68.9 0.0 2735.0 0.0 1048
88.66 -140.55 -1106.61 68.9 0.0 2735.0 0.0 1048
88.67 -136.9 -1105.32 68.9 0.0 2735.0 0.0 1049
88.68 -133.35 -1103.77 68.9 0.0 2735.0 0.0 1049
88.69 -129.91 -1102.0 68.9 0.0 2735.0 0.0 1049
88.7 -126.18 -1099.75 68.9 0.0 2735.0 0.0 1049
88.7 -122.97 -1097.58 68.9 0.0 2735.0 0.0 1049
88.71 -119.87 -1095.26 68.9 0.0 2735.0 0.0 1049
88.72 -116.87 -1092.82 68.9 0.0 2735.0 0.0 1049
88.73 -113.96 -1090.26 68.9 0.0 2735.0 0.0 1049
88.74 -110.81 -1087.25 68.9 0.0 2735.0 0.0 1049
88.75 -108.09 -1084.5 68.9 0.0 2735.0 0.0 1049
88.76 -105.44 -1081.67 68.9 0.0 2735.0 0.0 1049
88.77 -102.86 -1078.78 68.9 0.0 2735.0 0.0 1069
88.78 -100.35 -1075.83 68.9 0.0 2735.0 0.0 1069
88.79 -97.6 -1072.46 68.9 0.0 2735.0 0.0 1069
88.8 -95.2 -1069.42 68.9 0.0 2735.0 0.0 1069
88.81 -92.56 -1065.95 68.9 0.0 2659.0 0.0 1069
88.82 -89.14 -1061.26 68.9 0.0 2396.0 0.0 1069
88.83 -86.07 -1056.91 68.9 0.0 1926.0 0.0 1069
88.85 -82.76 -1052.14 68.9 0.0 1430.0 0.0 1069
88.86 -79.45 -1047.36 68.9 0.0 908.0 0.0 1069
88.87 -76.11 -1042.61 68.9 0.0 360.0 0.0 1069
88.89 -72.2 -1038.32 68.9 0.0 65359.0 0.0 1069
88.9 -67.41 -1034.24 68.9 0.0 64907.0 0.0 1069
88.92 -62.17 -1030.75 68.9 0.0 64483.0 0.0 1069
88.93 -56.6 -1027.84 68.9 0.0 64170.0 0.0 1069
88.95 -51.23 -1025.61 68.9 0.0 63822.0 0.0 1069
88.97 -41.89 -1023.09 68.9 0.0 63627.0 0.0 1069
88.99 -33.29 -1021.65 68.9 0.0 63562.0 0.0 1069
89.0 -26.07 -1020.93 68.9 0.0 63562.0 0.0 1069
89.02 -18.82 -1020.61 68.9 0.0 63562.0 0.0 1069
89.04 -12.04 -1020.6 68.9 0.0 63562.0 0.0 1069
89.05 -6.93 -1020.6 68.9 0.0 63562.0 0.0 1069
89.07 -2.91 -1020.59 68.9 0.0 63562.0 0.0 1069
89.08 -0.08 -1020.59 68.9 0.0 63562.0 0.0 1069
89.1 2.06 -1020.58 68.9 0.0 63562.0 0.0 1069
89.11 3.67 -1020.58 68.9 0.0 63562.0 0.0 1069
89.13 4.88 -1020.58 68.9 0.0 63562.0 0.0 1069
89.14 5.79 -1020.58 68.9 0.0 63562.0 0.0 1069
89.16 6.48 -1020.58 68.9 0.0 63562.0 0.0 1069
89.18 7.0 -1020.58 68.9 0.0 63562.0 0.0 1069
89.19 7.39 -1020.57 68.9 0.0 63562.0 0.0 1069
89.2 7.67 -1020.57 68.9 0.0 63524.0 0.0 1069
89.22 7.9 -1020.57 68.9 0.0 63371.0 0.0 1069
89.24 8.07 -1020.57 68.9 0.0 63065.0 0.0 1069
89.26 8.29 -1020.22 68.9 0.0 59302.0 0.0 1069
89.27 8.75 -1019.51 68.9 0.0 59039.0 0.0 1069
89.29 9.37 -1018.57 68.9 0.0 58640.0 0.0 1069
89.3 10.38 -1017.08 68.9 0.0 58166.0 0.0 1069
89.31 11.48 -1015.52 68.9 0.0 57665.0 0.0 1069
89.33 12.82 -1013.71 68.9 0.0 57138.0 0.0 1069
89.34 14.43 -1011.65 68.9 0.0 56567.0 0.0 1069
89.35 16.51 -1009.17 68.9 0.0 56040.0 0.0 1069
89.37 18.73 -1006.67 68.9 0.0 55566.0 0.0 1069
89.38 21.28 -1004.01 68.9 0.0 55109.0 0.0 1069
89.4 24.45 -1000.95 68.9 0.0 54617.0 0.0 1069
89.41 28.33 -997.48 68.9 0.0 54132.0 0.0 1069
89.43 32.37 -994.46 68.9 0.0 53425.0 0.0 1069
89.44 37.21 -994.46 68.9 0.0 52913.0 0.0 1069
89.46 42.45 -994.03 68.9 0.0 52052.0 0.0 1069
89.47 48.1 -993.31 68.9 0.0 51162.0 0.0 1069
89.49 54.66 -993.31 68.9 0.0 50363.0 0.0 1069
89.51 61.25 -993.08 68.9 0.0 49671.0 0.0 1069
89.52 68.5 -993.08 68.9 0.0 49078.0 0.0 1069
89.54 75.76 -993.02 68.9 0.0 48551.0 0.0 1069
89.56 83.02 -993.01 68.9 0.0 48090.0 0.0 1069
89.57 88.58 -993.09 68.9 0.0 47827.0 0.0 1069
89.59 88.58 -993.29 68.9 0.0 47300.0 0.0 1069
89.61 88.92 -993.55 68.9 0.0 46773.0 0.0 1069
89.63 88.92 -993.9 68.9 0.0 46210.0 0.0 1069
89.64 89.14 -994.35 68.9 0.0 45718.0 0.0 1069
89.66 89.14 -994.94 68.9 0.0 45290.0 0.0 1069
89.68 89.14 -995.35 68.9 0.0 45005.0 0.0 1069
89.69 89.14 -995.65 68.9 0.0 44478.0 0.0 1069
89.71 89.14 -995.87 68.9 0.0 43915.0 0.0 1069
89.72 85.76 -994.48 75.05 0.0 41630.0 0.0 1069
89.74 82.38 -993.58 80.94 0.0 41630.0 0.0 1069
89.76 79.0 -993.39 86.57 0.0 41668.0 0.0 1069
89.77 75.84 -993.21 91.59 0.0 41668.0 0.0 1069
89.79 72.46 -993.09 96.72 0.0 41668.0 0.0 1069
89.81 68.63 -993.06 102.22 0.0 41668.0 0.0 1069
89.82 65.37 -993.06 109.46 0.0 41668.0 0.0 1069
89.83 62.1 -993.06 116.51 0.0 41668.0 0.0 1069
89.85 58.84 -993.06 123.36 0.0 41668.0 0.0 1069
89.86 55.58 -993.06 130.01 0.0 41668.0 0.0 1069
89.88 52.31 -993.06 136.47 0.0 41668.0 0.0 1069
