9.9 -456.36 372.45 -59.97 0.0 56688.0 0.0 976
10.03 -456.36 372.45 -66.1 0.0 56688.0 0.0 976
10.04 -456.14 372.02 -66.1 0.0 53428.0 0.0 976
10.06 -455.61 370.96 -66.1 0.0 53102.0 0.0 976
10.07 -455.02 369.71 -66.1 0.0 52716.0 0.0 976
10.09 -454.22 367.9 -66.1 0.0 52390.0 0.0 976
10.1 -453.34 365.82 -66.1 0.0 52150.0 0.0 976
10.12 -452.45 363.56 -66.1 0.0 51925.0 0.0 976
10.13 -451.2 360.19 -66.1 0.0 51805.0 0.0 976
10.14 -450.14 357.13 -66.1 0.0 51805.0 0.0 976
10.16 -448.91 353.41 -66.1 0.0 51767.0 0.0 976
10.17 -447.5 348.92 -66.1 0.0 51672.0 0.0 976
10.19 -446.11 344.34 -66.1 0.0 51481.0 0.0 976
10.2 -444.65 339.35 -66.1 0.0 51276.0 0.0 976
10.22 -443.01 333.49 -66.1 0.0 51053.0 0.0 976
10.23 -441.44 327.62 -66.1 0.0 50745.0 0.0 976
10.25 -439.79 321.05 -86.1 0.0 50471.0 0.0 976
10.27 -438.25 314.45 -86.1 0.0 50140.0 0.0 976
10.28 -436.75 307.35 -86.1 0.0 49736.0 0.0 976
10.3 -435.39 300.22 -86.1 0.0 49332.0 0.0 976
10.32 -434.23 293.05 -86.1 0.0 48940.0 0.0 976
10.33 -433.21 285.37 -86.1 0.0 48720.0 0.0 976
10.35 -432.46 278.15 -86.1 0.0 48610.0 0.0 976
10.36 -431.92 270.91 -86.1 0.0 48610.0 0.0 976
10.38 -431.57 264.15 -86.1 0.0 48610.0 0.0 976
10.4 -431.35 257.37 -86.1 0.0 48610.0 0.0 976
10.41 -431.23 250.11 -86.1 0.0 48610.0 0.0 976
10.43 -431.21 243.34 -105.1 0.0 48610.0 0.0 976
10.44 -431.24 237.05 -105.1 0.0 48610.0 0.0 976
10.46 -431.34 230.27 -105.1 0.0 48610.0 0.0 976
10.47 -431.49 223.01 -105.1 0.0 48610.0 0.0 976
10.49 -431.68 216.24 -105.1 0.0 48610.0 0.0 976
10.5 -431.89 209.47 -105.1 0.0 48610.0 0.0 976
10.52 -432.13 202.69 -105.1 0.0 48610.0 0.0 976
10.53 -432.37 196.41 -105.1 0.0 48610.0 0.0 976
10.55 -432.65 189.64 -105.1 0.0 48610.0 0.0 1084
10.56 -432.94 182.87 -105.1 0.0 48610.0 0.0 1084
10.58 -433.22 176.58 -105.1 0.0 48610.0 0.0 1084
10.59 -433.53 169.81 -105.1 0.0 48610.0 0.0 1084
10.61 -433.84 163.04 -105.1 0.0 48610.0 0.0 1084
10.63 -434.17 156.28 -105.1 0.0 48610.0 0.0 1084
10.64 -434.5 149.51 -105.1 0.0 48610.0 0.0 1084
10.65 -434.81 143.22 -105.1 0.0 48610.0 0.0 1084
10.67 -435.15 136.46 -105.1 0.0 48610.0 0.0 1084
10.68 -435.46 130.17 -105.1 0.0 48610.0 0.0 1084
10.7 -435.8 123.4 -105.1 0.0 48610.0 0.0 1084
10.71 -436.12 117.12 -105.1 0.0 48610.0 0.0 1084
10.73 -436.44 110.84 -105.1 0.0 48610.0 0.0 1084
10.74 -436.74 105.04 -105.1 0.0 48610.0 0.0 1084
10.76 -437.11 97.79 -105.1 0.0 48610.0 0.0 1084
10.77 -437.41 91.99 -105.1 0.0 48610.0 0.0 1084
10.78 -437.74 85.7 -105.1 0.0 48610.0 0.0 1084
10.8 -438.06 79.42 -105.1 0.0 48610.0 0.0 1084
10.81 -438.39 73.13 -105.1 0.0 48610.0 0.0 1084
10.83 -438.69 67.33 -105.1 0.0 48610.0 0.0 1084
10.84 -439.02 61.05 -105.1 0.0 48610.0 0.0 1084
10.86 -439.34 54.77 -105.1 0.0 48610.0 0.0 1084
10.87 -439.67 48.48 -105.1 0.0 48610.0 0.0 1084
10.88 -440.0 42.2 -105.1 0.0 48610.0 0.0 1084
10.9 -440.33 35.92 -105.1 0.0 48610.0 0.0 1084
10.91 -440.6 30.6 -105.1 0.0 48610.0 0.0 1084
10.92 -440.9 24.8 -105.1 0.0 48610.0 0.0 1084
10.93 -441.18 19.48 -105.1 0.0 48610.0 0.0 1084
10.95 -441.46 14.17 -105.1 0.0 48610.0 0.0 1084
10.96 -441.74 8.85 -105.1 0.0 48610.0 0.0 1084
10.97 -442.01 3.53 -105.1 0.0 48610.0 0.0 1084
10.98 -442.32 -2.27 -105.1 0.0 48610.0 0.0 1084
10.99 -442.57 -7.1 -105.1 0.0 48610.0 0.0 1084
11.01 -442.87 -12.9 -105.1 0.0 48610.0 0.0 1084
11.02 -443.15 -18.22 -105.1 0.0 48610.0 0.0 1084
11.03 -443.45 -24.02 -105.1 0.0 48610.0 0.0 1084
11.04 -443.7 -28.85 -105.1 0.0 48610.0 0.0 1084
11.06 -443.98 -34.17 -105.1 0.0 48534.0 0.0 1084
11.07 -444.26 -39.48 -105.1 0.0 48534.0 0.0 1084
11.08 -444.54 -44.8 -105.1 0.0 48534.0 0.0 1084
11.09 -444.86 -50.6 -105.1 0.0 48534.0 0.0 1084
11.1 -445.12 -55.43 -105.1 0.0 48534.0 0.0 1084
11.12 -445.44 -61.23 -105.1 0.0 48534.0 0.0 1084
11.13 -445.72 -66.06 -105.1 0.0 48534.0 0.0 1084
11.14 -446.02 -71.38 -105.1 0.0 48687.0 0.0 1084
11.15 -446.35 -77.18 -105.1 0.0 48740.0 0.0 1057
11.17 -446.64 -82.49 -105.1 0.0 48847.0 0.0 1057
11.18 -446.92 -87.81 -105.1 0.0 49101.0 0.0 1057
11.19 -447.23 -94.1 -105.1 0.0 49424.0 0.0 1057
11.2 -447.46 -99.41 -105.1 0.0 49773.0 0.0 1057
11.21 -447.63 -104.74 -105.1 0.0 50066.0 0.0 1057
11.23 -447.73 -109.57 -105.1 0.0 50442.0 0.0 1057
11.24 -447.76 -114.9 -105.1 0.0 50686.0 0.0 1057
11.25 -447.7 -119.74 -105.1 0.0 50881.0 0.0 1057
11.26 -447.55 -124.58 -105.1 0.0 51076.0 0.0 1057
11.27 -447.32 -129.41 -105.1 0.0 51173.0 0.0 1057
11.28 -447.0 -134.24 -105.1 0.0 51295.0 0.0 1057
11.29 -446.6 -139.06 -105.1 0.0 51343.0 0.0 1057
11.3 -446.13 -143.88 -105.1 0.0 51391.0 0.0 1057
11.32 -445.58 -148.69 -105.1 0.0 51439.0 0.0 1057
11.33 -444.96 -153.49 -105.1 0.0 51487.0 0.0 1057
11.34 -444.29 -158.28 -105.1 0.0 51584.0 0.0 1057
11.35 -443.57 -163.07 -105.1 0.0 51584.0 0.0 1057
11.36 -442.71 -168.32 -105.1 0.0 51660.0 0.0 1057
11.37 -441.88 -173.09 -105.1 0.0 51756.0 0.0 1057
11.38 -441.01 -177.85 -105.1 0.0 51852.0 0.0 1057
11.39 -440.1 -182.61 -105.1 0.0 51939.0 0.0 1057
11.4 -439.24 -186.88 -105.1 0.0 52098.0 0.0 1057
11.42 -438.14 -192.08 -105.1 0.0 52291.0 0.0 1056
11.43 -437.09 -196.81 -105.1 0.0 52533.0 0.0 1056
11.44 -435.99 -201.52 -105.1 0.0 52775.0 0.0 1056
11.45 -434.84 -206.22 -105.1 0.0 53114.0 0.0 1056
11.46 -433.61 -210.91 -105.1 0.0 53397.0 0.0 1056
11.47 -432.45 -215.1 -105.1 0.0 53784.0 0.0 1056
11.48 -431.07 -219.74 -105.1 0.0 54132.0 0.0 1056
11.49 -429.76 -223.9 -105.1 0.0 54567.0 0.0 1056
11.5 -428.36 -228.02 -105.1 0.0 55002.0 0.0 1056
11.51 -426.86 -232.11 -105.1 0.0 55525.0 0.0 1056
11.52 -425.27 -236.17 -105.1 0.0 56091.0 0.0 1056
11.53 -423.56 -240.17 -105.1 0.0 56817.0 0.0 1056
11.54 -421.16 -244.31 -105.1 0.0 57495.0 0.0 1056
11.55 -418.3 -248.12 -105.1 0.0 58192.0 0.0 1056
11.56 -415.39 -251.27 -105.1 0.0 59199.0 0.0 1056
11.58 -410.55 -255.21 -105.1 0.0 60104.0 0.0 1056
11.59 -406.05 -258.07 -105.1 0.0 61004.0 0.0 1056
11.6 -400.81 -260.57 -105.1 0.0 61933.0 0.0 1056
11.62 -395.31 -262.44 -105.1 0.0 62804.0 0.0 1056
11.63 -389.64 -263.67 -105.1 0.0 63606.0 0.0 1056
11.64 -383.86 -264.28 -105.1 0.0 64275.0 0.0 1056
11.65 -379.02 -264.35 -105.1 0.0 64905.0 0.0 1056
11.66 -373.71 -263.94 -105.1 0.0 65483.0 0.0 1056
11.68 -368.47 -263.05 -105.1 0.0 472.0 0.0 1056
11.69 -363.31 -261.71 -105.1 0.0 930.0 0.0 1056
11.72 -357.84 -259.77 -105.1 0.0 1841.0 0.0 1056
11.73 -346.85 -253.63 -105.1 0.0 2070.0 0.0 1056
11.74 -343.56 -251.59 -105.1 0.0 2411.0 0.0 1056
11.75 -339.22 -248.51 -105.1 0.0 2649.0 0.0 1056
11.76 -335.43 -245.5 -103.07 0.0 2911.0 0.0 1056
11.77 -331.43 -241.98 -101.64 0.0 3149.0 0.0 1056
11.79 -327.95 -238.62 -100.39 0.0 3321.0 0.0 1056
11.8 -323.97 -234.39 -98.98 0.0 3512.0 0.0 1056
11.81 -320.79 -230.74 -97.85 0.0 3655.0 0.0 1056
11.82 -317.17 -226.2 -96.56 0.0 3655.0 0.0 1056
11.84 -313.99 -221.93 -95.44 0.0 3655.0 0.0 1056
11.85 -310.67 -217.17 -94.27 0.0 3655.0 0.0 1056
11.86 -307.48 -212.31 -93.15 0.0 3655.0 0.0 1056
11.88 -304.41 -207.38 -92.07 0.0 3655.0 0.0 1056
11.89 -301.43 -202.4 -91.03 0.0 3808.0 0.0 1056
11.9 -298.53 -197.37 -91.03 0.0 3808.0 0.0 1056
11.92 -295.71 -192.29 -92.35 0.0 3808.0 0.0 1056
11.93 -292.74 -186.74 -93.42 0.0 3808.0 0.0 1056
11.94 -290.06 -181.59 -94.44 0.0 3846.0 0.0 1056
11.96 -287.2 -175.98 -95.57 0.0 3846.0 0.0 1056
11.97 -284.62 -170.78 -96.64 0.0 3846.0 0.0 1056
11.98 -282.06 -165.56 -97.74 0.0 3846.0 0.0 1056
12.0 -279.54 -160.33 -98.85 0.0 3846.0 0.0 1056
12.01 -277.05 -155.09 -99.97 0.0 3846.0 0.0 1056
12.02 -274.58 -149.83 -101.5 0.0 3846.0 0.0 1056
12.04 -272.13 -144.57 -103.39 0.0 3846.0 0.0 1056
12.05 -269.69 -139.29 -104.85 0.0 3846.0 0.0 1056
12.06 -267.26 -134.02 -104.85 0.0 3846.0 0.0 1056
12.08 -264.65 -128.29 -104.85 0.0 3846.0 0.0 1056
12.09 -262.25 -123.0 -104.85 0.0 3846.0 0.0 1056
12.11 -258.96 -117.64 -104.85 0.0 3846.0 0.0 1056
12.12 -255.12 -112.66 -104.85 0.0 3846.0 0.0 1056
12.13 -251.2 -108.37 -104.57 0.0 3846.0 0.0 1056
12.15 -246.61 -104.06 -104.57 0.0 3846.0 0.0 1056
12.16 -242.15 -100.35 -104.57 0.0 3846.0 0.0 1083
12.17 -237.1 -96.59 -104.57 0.0 3846.0 0.0 1083
12.19 -232.29 -93.33 -105.02 0.0 3846.0 0.0 1083
12.2 -227.38 -90.24 -105.02 0.0 3846.0 0.0 1083
12.21 -222.37 -87.3 -105.02 0.0 3846.0 0.0 1083
12.23 -216.86 -84.26 -105.1 0.0 3846.0 0.0 1083
12.24 -211.28 -81.35 -105.1 0.0 3846.0 0.0 1083
12.26 -206.08 -78.76 -105.1 0.0 3846.0 0.0 1083
12.27 -200.41 -76.04 -105.1 0.0 3846.0 0.0 1083
12.28 -194.7 -73.39 -105.1 0.0 3846.0 0.0 1083
12.3 -189.4 -71.01 -105.1 0.0 3846.0 0.0 1083
12.31 -184.09 -68.67 -105.1 0.0 3846.0 0.0 1083
12.32 -178.76 -66.36 -105.1 0.0 3846.0 0.0 1083
12.34 -172.96 -63.91 -105.1 0.0 3846.0 0.0 1083
12.35 -167.6 -61.67 -105.1 0.0 3846.0 0.0 1083
12.37 -162.24 -59.45 -105.1 0.0 3846.0 0.0 1083
12.38 -156.41 -57.08 -105.1 0.0 3846.0 0.0 1083
12.39 -151.03 -54.9 -105.1 0.0 3846.0 0.0 1083
12.41 -145.19 -52.55 -105.1 0.0 3846.0 0.0 1083
12.42 -139.79 -50.4 -105.1 0.0 3846.0 0.0 1083
12.43 -134.4 -48.25 -105.1 0.0 3846.0 0.0 1083
12.45 -128.55 -45.94 -105.1 0.0 3846.0 0.0 1083
12.46 -122.69 -43.64 -105.1 0.0 3846.0 0.0 1083
12.47 -117.28 -41.51 -105.1 0.0 3846.0 0.0 1083
12.49 -112.33 -39.57 -105.1 0.0 3846.0 0.0 1083
12.5 -106.92 -37.46 -105.1 0.0 3846.0 0.0 1083
12.51 -101.51 -35.35 -105.1 0.0 3846.0 0.0 1083
12.53 -96.09 -33.24 -105.1 0.0 3846.0 0.0 1083
12.54 -90.68 -31.14 -105.1 0.0 3846.0 0.0 1083
12.55 -85.27 -29.03 -105.1 0.0 3846.0 0.0 1083
12.56 -80.3 -27.11 -105.1 0.0 3846.0 0.0 1083
12.58 -74.89 -25.01 -105.1 0.0 3846.0 0.0 1083
12.59 -69.47 -22.91 -105.1 0.0 3846.0 0.0 1083
12.6 -64.06 -20.81 -105.1 0.0 3846.0 0.0 1083
12.62 -58.64 -18.71 -105.1 0.0 3846.0 0.0 1083
12.63 -53.22 -16.62 -105.1 0.0 3846.0 0.0 1083
12.64 -48.26 -14.69 -105.1 0.0 3846.0 0.0 1083
12.66 -42.84 -12.6 -105.1 0.0 3846.0 0.0 1083
12.67 -37.43 -10.5 -105.1 0.0 3846.0 0.0 1083
12.68 -31.56 -8.24 -105.1 0.0 3846.0 0.0 1083
12.7 -26.14 -6.14 -105.1 0.0 3846.0 0.0 1083
12.71 -20.72 -4.05 -105.1 0.0 3846.0 0.0 1083
12.72 -15.3 -1.95 -105.1 0.0 3846.0 0.0 1083
12.74 -9.44 0.31 -105.1 0.0 3846.0 0.0 1083
12.75 -4.02 2.41 -105.1 0.0 3846.0 0.0 1083
12.77 1.4 4.5 -105.1 0.0 3846.0 0.0 1083
12.78 7.72 6.94 -105.1 0.0 3846.0 0.0 1083
12.79 13.59 9.21 -105.1 0.0 3846.0 0.0 1083
12.81 19.01 11.3 -105.1 0.0 3846.0 0.0 1083
12.82 24.88 13.57 -105.1 0.0 3846.0 0.0 1083
12.84 30.42 16.55 -105.1 0.0 3846.0 0.0 1083
12.85 35.23 19.8 -105.1 0.0 3846.0 0.0 1083
12.86 40.45 24.13 -105.1 0.0 3846.0 0.0 1083
12.88 44.97 28.51 -105.1 0.0 3846.0 0.0 1083
12.89 48.89 32.79 -105.1 0.0 3846.0 0.0 1083
12.91 52.88 37.65 -105.1 0.0 3846.0 0.0 1083
12.92 56.92 43.09 -105.1 0.0 3846.0 0.0 1083
12.94 60.48 48.28 -105.1 0.0 3846.0 0.0 1083
12.95 63.87 53.58 -105.1 0.0 3846.0 0.0 1083
12.97 67.13 58.97 -105.1 0.0 3846.0 0.0 1083
12.98 70.27 64.42 -105.1 0.0 3846.0 0.0 1083
12.99 73.31 69.93 -105.1 0.0 3846.0 0.0 1083
13.01 76.27 75.48 -105.1 0.0 3846.0 0.0 1083
13.02 79.16 81.07 -105.1 0.0 3846.0 0.0 1083
13.04 81.78 86.25 -105.1 0.0 3846.0 0.0 1083
13.05 84.56 91.89 -105.1 0.0 3846.0 0.0 1083
13.06 87.31 97.55 -105.1 0.0 3846.0 0.0 1083
13.08 90.03 103.23 -105.1 0.0 3846.0 0.0 1083
13.09 92.71 108.92 -105.1 0.0 3770.0 0.0 1083
13.11 95.17 114.18 -105.1 0.0 3637.0 0.0 1083
13.12 98.03 120.32 -105.1 0.0 3523.0 0.0 1083
13.13 100.48 125.59 -105.1 0.0 3523.0 0.0 1083
13.15 103.14 131.29 -103.27 0.0 3523.0 0.0 1083
13.16 105.82 136.99 -102.3 0.0 3523.0 0.0 1083
13.18 108.5 142.68 -101.33 0.0 3408.0 0.0 1083
13.19 111.19 148.37 -100.36 0.0 3294.0 0.0 1083
13.2 113.69 153.61 -99.46 0.0 3294.0 0.0 1083
13.22 116.42 159.28 -98.31 0.0 3218.0 0.0 1083
13.23 119.17 164.94 -97.36 0.0 3094.0 0.0 1083
13.25 121.94 170.58 -96.63 0.0 3032.0 0.0 1083
13.26 124.75 176.22 -95.95 0.0 2908.0 0.0 1083
13.28 127.58 181.83 -95.42 0.0 2908.0 0.0 1083
13.29 131.13 187.03 -94.97 0.0 2793.0 0.0 1083
13.3 135.23 191.8 -94.59 0.0 2607.0 0.0 1083
13.32 139.78 196.15 -94.28 0.0 2421.0 0.0 1083
13.33 144.68 200.09 -94.03 0.0 2328.0 0.0 1083
13.35 149.86 203.66 -94.03 0.0 2195.0 0.0 1083
13.36 155.69 207.12 -93.67 0.0 2109.0 0.0 1083
13.38 160.83 209.82 -93.67 0.0 1918.0 0.0 1083
13.39 167.88 213.03 -93.67 0.0 1794.0 0.0 1083
13.41 173.71 215.4 -93.67 0.0 1661.0 0.0 1059
13.42 180.08 217.7 -93.67 0.0 1537.0 0.0 1059
13.44 186.07 219.65 -93.67 0.0 1370.0 0.0 1058
13.45 192.57 221.55 -93.67 0.0 1246.0 0.0 1058
13.47 198.65 223.16 -93.67 0.0 1091.0 0.0 1058
13.48 204.77 224.63 -94.1 0.0 924.0 0.0 1058
13.5 211.4 226.05 -94.75 0.0 738.0 0.0 1058
13.51 217.57 227.24 -95.36 0.0 605.0 0.0 1058
13.53 224.25 228.38 -96.02 0.0 472.0 0.0 1058
13.54 230.95 229.39 -96.68 0.0 379.0 0.0 1058
13.56 237.19 230.21 -97.29 0.0 317.0 0.0 1058
13.57 243.44 230.93 -97.91 0.0 193.0 0.0 1058
13.59 249.7 231.56 -98.53 0.0 69.0 0.0 1058
13.6 255.97 232.11 -99.15 0.0 65512.0 0.0 1058
13.61 262.25 232.57 -99.77 0.0 65419.0 0.0 1058
13.63 268.53 232.95 -100.39 0.0 65357.0 0.0 1058
13.64 274.81 233.25 -101.01 0.0 65295.0 0.0 1058
13.66 281.1 233.48 -101.63 0.0 65295.0 0.0 1058
13.67 286.91 233.64 -102.52 0.0 65219.0 0.0 1058
13.68 293.2 233.76 -103.86 0.0 65158.0 0.0 1058
13.7 299.49 233.83 -105.1 0.0 65158.0 0.0 1058
13.71 305.78 233.84 -105.1 0.0 65120.0 0.0 1058
13.73 312.07 233.82 -105.1 0.0 65120.0 0.0 1058
13.74 317.85 234.44 -105.1 0.0 65082.0 0.0 1058
13.75 324.0 235.76 -105.1 0.0 65082.0 0.0 1058
13.77 329.56 237.44 -105.1 0.0 65082.0 0.0 1058
13.78 334.99 239.49 -105.1 0.0 65082.0 0.0 1058
13.79 340.72 242.09 -105.1 0.0 65082.0 0.0 1058
13.81 345.89 244.75 -105.1 0.0 65082.0 0.0 1058
13.82 350.94 247.61 -105.1 0.0 65006.0 0.0 1058
13.84 356.29 250.93 -105.1 0.0 64893.0 0.0 1058
13.85 361.14 254.12 -105.1 0.0 64832.0 0.0 1058
13.86 366.31 257.71 -105.1 0.0 64690.0 0.0 1058
13.88 371.02 261.1 -105.1 0.0 64577.0 0.0 1058
13.89 375.69 264.56 -105.1 0.0 64423.0 0.0 1058
13.9 380.71 268.35 -105.1 0.0 64281.0 0.0 1058
13.92 385.33 271.87 -105.1 0.0 64168.0 0.0 1058
13.93 389.94 275.4 -105.1 0.0 64076.0 0.0 1058
13.94 394.94 279.22 -105.1 0.0 64020.0 0.0 1058
13.96 399.55 282.75 -105.1 0.0 63897.0 0.0 1058
13.97 404.56 286.56 -105.1 0.0 63897.0 0.0 1058
13.98 408.81 289.77 -105.1 0.0 63821.0 0.0 1058
14.0 413.84 293.55 -105.1 0.0 63709.0 0.0 1058
14.01 418.87 296.46 -105.1 0.0 63653.0 0.0 1058
14.02 424.17 298.82 -105.1 0.0 63653.0 0.0 1058
14.04 429.67 300.7 -105.1 0.0 63653.0 0.0 1058
14.05 435.29 302.14 -105.1 0.0 63653.0 0.0 1058
14.06 441.0 303.2 -105.1 0.0 63653.0 0.0 1058
14.08 446.77 303.94 -105.1 0.0 63653.0 0.0 1058
14.09 452.56 304.4 -105.1 0.0 63653.0 0.0 1058
14.1 458.36 304.62 -105.1 0.0 63653.0 0.0 1058
14.12 464.17 304.65 -105.1 0.0 63653.0 0.0 1058
14.13 469.97 304.5 -105.1 0.0 63653.0 0.0 1058
14.14 476.26 304.18 -105.1 0.0 63653.0 0.0 1058
14.16 482.05 303.77 -105.1 0.0 63653.0 0.0 1058
14.17 487.84 303.25 -105.1 0.0 63653.0 0.0 1058
14.18 494.09 302.6 -105.1 0.0 63653.0 0.0 1058
14.2 499.86 301.93 -105.1 0.0 63653.0 0.0 1058
14.21 506.1 301.13 -105.1 0.0 63653.0 0.0 1058
14.23 512.34 300.27 -105.1 0.0 63653.0 0.0 1058
14.24 518.56 299.37 -105.1 0.0 63653.0 0.0 1058
14.26 524.31 298.51 -105.1 0.0 63653.0 0.0 1058
14.27 530.52 297.54 -105.1 0.0 63653.0 0.0 1058
14.28 536.74 296.54 -105.1 0.0 63577.0 0.0 1060
14.3 542.95 295.52 -105.1 0.0 63395.0 0.0 1060
14.31 549.15 294.47 -105.1 0.0 62970.0 0.0 1060
14.33 555.16 292.62 -105.1 0.0 62362.0 0.0 1060
14.34 560.92 290.08 -105.1 0.0 61445.0 0.0 1060
14.36 566.75 286.63 -105.1 0.0 60502.0 0.0 1060
14.37 571.8 282.88 -105.1 0.0 59552.0 0.0 1060
14.39 576.76 278.27 -105.1 0.0 58766.0 0.0 1060
14.4 580.63 273.93 -105.1 0.0 57915.0 0.0 1060
14.42 584.6 268.44 -105.1 0.0 57129.0 0.0 1060
14.43 587.99 262.57 -105.1 0.0 56643.0 0.0 1060
14.45 590.63 256.86 -105.1 0.0 56218.0 0.0 1060
14.46 592.92 250.48 -105.1 0.0 56006.0 0.0 1060
14.47 594.6 244.42 -105.1 0.0 55946.0 0.0 1060
14.49 595.86 238.26 -105.1 0.0 55946.0 0.0 1060
14.5 596.78 232.03 -105.1 0.0 55946.0 0.0 1060
14.52 597.4 225.77 -105.1 0.0 55946.0 0.0 1060
14.53 597.78 219.49 -105.1 0.0 55946.0 0.0 1060
14.55 597.95 213.2 -105.1 0.0 55946.0 0.0 1060
14.56 597.95 206.91 -105.1 0.0 55946.0 0.0 1060
14.57 597.8 200.62 -105.1 0.0 55946.0 0.0 1060
14.59 597.57 194.81 -105.1 0.0 55946.0 0.0 1060
14.6 597.25 189.01 -105.1 0.0 55946.0 0.0 1060
14.61 596.81 182.74 -105.1 0.0 55946.0 0.0 1060
14.63 596.36 176.95 -105.1 0.0 55946.0 0.0 1060
14.64 595.85 171.16 -105.1 0.0 55946.0 0.0 1060
14.65 595.3 165.38 -105.1 0.0 55946.0 0.0 1060
14.67 594.71 159.6 -105.1 0.0 55946.0 0.0 1060
14.68 594.04 153.35 -105.1 0.0 56061.0 0.0 1060
14.69 594.07 147.54 -105.1 0.0 56229.0 0.0 1060
14.71 594.68 141.76 -105.1 0.0 56425.0 0.0 1060
14.72 595.79 136.06 -105.1 0.0 56667.0 0.0 1060
14.73 597.5 130.01 -105.1 0.0 56835.0 0.0 1060
14.75 599.46 124.54 -105.1 0.0 56956.0 0.0 1060
14.76 601.97 118.77 -105.1 0.0 57068.0 0.0 1060
14.78 604.56 113.57 -105.1 0.0 57189.0 0.0 1060
14.79 607.65 108.09 -105.1 0.0 57357.0 0.0 1060
14.8 610.7 103.14 -105.1 0.0 57497.0 0.0 1060
14.82 613.93 98.32 -105.1 0.0 57679.0 0.0 1060
14.83 617.61 93.21 -105.1 0.0 57861.0 0.0 1060
14.84 621.45 88.23 -105.1 0.0 58029.0 0.0 1060
14.86 625.13 83.74 -105.1 0.0 58290.0 0.0 1059
14.87 629.58 78.62 -105.1 0.0 58514.0 0.0 1059
14.89 633.49 74.34 -105.1 0.0 58775.0 0.0 1059
14.9 638.21 69.47 -105.1 0.0 59108.0 0.0 1081
14.92 642.7 65.06 -105.1 0.0 59563.0 0.0 1081
14.93 647.31 60.78 -105.1 0.0 60048.0 0.0 1081
14.95 652.04 56.63 -105.1 0.0 60636.0 0.0 1081
14.96 657.29 52.35 -105.1 0.0 61056.0 0.0 1081
14.97 661.91 48.83 -105.1 0.0 61448.0 0.0 1081
14.99 666.66 45.48 -105.1 0.0 61872.0 0.0 1081
15.0 671.92 42.04 -105.1 0.0 61872.0 0.0 1081
15.01 676.9 39.04 -105.1 0.0 61872.0 0.0 1081
15.03 681.96 36.19 -105.1 0.0 61872.0 0.0 1081
15.04 687.09 33.47 -105.1 0.0 61872.0 0.0 1081
15.06 692.72 30.66 -105.1 0.0 61872.0 0.0 1081
15.07 697.96 28.15 -105.1 0.0 61910.0 0.0 1081
15.08 703.23 25.72 -105.1 0.0 61910.0 0.0 1081
15.09 708.54 23.36 -105.1 0.0 61910.0 0.0 1081
15.11 713.87 21.06 -105.1 0.0 61910.0 0.0 1081
15.12 718.78 18.99 -105.1 0.0 61910.0 0.0 1081
15.13 724.15 16.78 -105.1 0.0 61910.0 0.0 1081
15.15 730.23 15.17 -105.1 0.0 61910.0 0.0 1081
15.16 735.48 14.3 -105.1 0.0 61910.0 0.0 1081
15.17 741.28 13.89 -105.1 0.0 61910.0 0.0 1081
15.19 747.09 13.92 -105.1 0.0 61910.0 0.0 1081
15.2 752.88 14.35 -105.1 0.0 61910.0 0.0 1081
15.21 758.16 15.01 -105.1 0.0 61910.0 0.0 1081
15.23 764.35 16.12 -105.1 0.0 61910.0 0.0 1081
15.24 770.49 17.5 -105.1 0.0 61910.0 0.0 1081
15.25 776.11 18.97 -105.1 0.0 61910.0 0.0 1081
15.27 781.69 20.59 -105.1 0.0 61910.0 0.0 1081
15.28 787.68 22.51 -105.1 0.0 61910.0 0.0 1081
15.29 793.17 24.4 -105.1 0.0 61910.0 0.0 1081
15.31 798.64 26.37 -105.1 0.0 61910.0 0.0 1081
15.32 804.52 28.6 -105.1 0.0 61795.0 0.0 1081
15.33 809.93 30.72 -105.1 0.0 61683.0 0.0 1081
15.35 815.32 32.89 -105.1 0.0 61562.0 0.0 1081
15.36 821.14 35.27 -105.1 0.0 61394.0 0.0 1081
15.38 826.51 37.48 -105.1 0.0 61182.0 0.0 1081
15.39 832.33 39.87 -105.1 0.0 60902.0 0.0 1081
15.4 837.71 42.06 -105.1 0.0 60594.0 0.0 1081
15.42 843.1 44.21 -105.1 0.0 60260.0 0.0 1081
15.43 848.98 46.48 -105.1 0.0 59957.0 0.0 1081
15.44 854.88 48.65 -105.1 0.0 59621.0 0.0 1081
15.46 860.36 50.57 -105.1 0.0 59257.0 0.0 1081
15.47 866.34 52.53 -105.1 0.0 58893.0 0.0 1081
15.49 872.36 54.35 -105.1 0.0 58501.0 0.0 1081
15.5 878.9 56.15 -105.1 0.0 58076.0 0.0 1081
15.52 885.01 57.65 -105.1 0.0 57560.0 0.0 1081
15.53 891.16 58.97 -105.1 0.0 57112.0 0.0 1081
15.54 896.87 60.03 -105.1 0.0 56748.0 0.0 1081
15.56 902.61 60.89 -105.1 0.0 56524.0 0.0 1081
15.57 908.38 61.58 -105.1 0.0 56251.0 0.0 1081
15.58 914.65 62.11 -105.1 0.0 56083.0 0.0 1081
15.6 920.45 62.42 -105.1 0.0 55915.0 0.0 1081
15.61 926.26 62.58 -105.1 0.0 55733.0 0.0 1081
15.62 932.55 62.58 -105.1 0.0 55621.0 0.0 1081
15.64 938.35 62.43 -105.1 0.0 55500.0 0.0 1081
15.65 944.64 62.13 -105.1 0.0 55332.0 0.0 1081
15.67 950.43 61.73 -105.1 0.0 55136.0 0.0 1081
15.68 956.22 61.22 -105.1 0.0 54833.0 0.0 1081
15.69 962.47 60.53 -105.1 0.0 54530.0 0.0 1081
15.71 968.71 59.7 -105.1 0.0 54166.0 0.0 1081
15.72 974.45 58.82 -105.1 0.0 53774.0 0.0 1081
15.74 980.17 57.8 -105.1 0.0 53349.0 0.0 1081
15.75 986.8 56.4 -105.1 0.0 52891.0 0.0 1081
15.77 993.38 54.8 -105.1 0.0 52405.0 0.0 1081
15.78 999.44 53.11 -105.1 0.0 51950.0 0.0 1081
15.8 1006.36 50.9 -105.1 0.0 51616.0 0.0 1081
15.81 1012.28 48.77 -105.1 0.0 51313.0 0.0 1081
15.83 1018.12 46.44 -105.1 0.0 51010.0 0.0 1081
15.84 1023.89 43.91 -105.1 0.0 50737.0 0.0 1081
15.85 1029.56 41.2 -105.1 0.0 50434.0 0.0 1081
15.87 1035.15 38.31 -105.1 0.0 50173.0 0.0 1081
15.88 1041.06 34.99 -105.1 0.0 49893.0 0.0 1081
15.9 1046.04 32.01 -105.1 0.0 49681.0 0.0 1081
15.91 1051.35 28.62 -105.1 0.0 49499.0 0.0 1081
15.93 1056.55 25.09 -105.1 0.0 49369.0 0.0 1081
15.94 1062.05 21.12 -105.1 0.0 49248.0 0.0 1081
15.96 1067.06 17.32 -105.1 0.0 49248.0 0.0 1081
15.97 1072.36 13.1 -105.1 0.0 49248.0 0.0 1015
15.98 1076.69 8.54 -105.1 0.0 49248.0 0.0 1015
16.0 1080.44 3.49 -105.1 0.0 49248.0 0.0 1015
16.01 1083.86 -2.37 -105.1 0.0 49248.0 0.0 1015
16.03 1086.55 -8.05 -105.1 0.0 49248.0 0.0 1015
16.04 1088.83 -13.92 -105.1 0.0 49248.0 0.0 1015
16.06 1090.87 -20.38 -105.1 0.0 49248.0 0.0 1015
16.07 1092.45 -26.47 -105.1 0.0 49248.0 0.0 1015
16.09 1093.79 -32.62 -105.1 0.0 49248.0 0.0 1015
16.1 1094.91 -38.81 -105.1 0.0 49248.0 0.0 1015
16.12 1095.91 -45.51 -105.1 0.0 49248.0 0.0 1015
16.13 1096.7 -51.75 -105.1 0.0 49248.0 0.0 1015
16.15 1097.36 -58.01 -105.1 0.0 49248.0 0.0 1015
16.16 1097.95 -64.76 -105.1 0.0 49248.0 0.0 1015
16.17 1098.42 -71.03 -105.1 0.0 49248.0 0.0 1015
16.19 1098.82 -77.31 -105.1 0.0 49248.0 0.0 1015
16.2 1099.16 -83.6 -105.1 0.0 49248.0 0.0 1015
16.22 1099.45 -89.88 -105.1 0.0 49248.0 0.0 1015
16.23 1099.72 -96.65 -105.1 0.0 49248.0 0.0 1015
16.25 1099.94 -102.94 -105.1 0.0 49248.0 0.0 1015
16.26 1100.13 -109.23 -105.1 0.0 49248.0 0.0 1015
16.28 1100.31 -116.0 -105.1 0.0 49248.0 0.0 1015
16.29 1100.46 -122.29 -105.1 0.0 49248.0 0.0 1015
16.31 1100.59 -128.58 -105.1 0.0 49248.0 0.0 1015
16.32 1100.72 -135.36 -105.1 0.0 49248.0 0.0 1015
16.34 1100.83 -141.65 -105.1 0.0 49248.0 0.0 1015
16.35 1100.93 -147.94 -105.1 0.0 49248.0 0.0 1015
16.37 1101.02 -154.23 -105.1 0.0 49248.0 0.0 1015
16.38 1101.11 -161.01 -105.1 0.0 49248.0 0.0 1015
16.39 1101.2 -167.3 -105.1 0.0 49248.0 0.0 1015
16.41 1101.27 -173.59 -105.1 0.0 49210.0 0.0 1015
16.42 1101.35 -179.88 -105.1 0.0 49210.0 0.0 1015
16.44 1101.42 -186.17 -105.1 0.0 49210.0 0.0 1015
16.45 1101.48 -192.95 -105.1 0.0 49210.0 0.0 1015
16.47 1101.54 -199.24 -105.1 0.0 49210.0 0.0 1015
16.48 1101.59 -205.53 -105.1 0.0 49210.0 0.0 1015
16.49 1101.64 -211.82 -105.1 0.0 49210.0 0.0 1015
16.51 1101.69 -218.12 -105.1 0.0 49210.0 0.0 1015
16.52 1101.74 -224.89 -105.1 0.0 49210.0 0.0 1015
16.54 1101.78 -231.18 -105.1 0.0 49210.0 0.0 1015
16.55 1101.82 -237.48 -105.1 0.0 49210.0 0.0 1015
16.57 1101.86 -243.77 -105.1 0.0 49210.0 0.0 1015
16.58 1101.9 -250.06 -105.1 0.0 49210.0 0.0 1015
16.6 1101.93 -255.87 -105.1 0.0 49210.0 0.0 1015
16.61 1101.97 -262.64 -105.1 0.0 49210.0 0.0 1015
16.62 1102.01 -268.45 -103.19 0.0 49210.0 0.0 1015
16.64 1102.04 -274.74 -103.19 0.0 49210.0 0.0 1015
16.65 1102.08 -280.55 -105.37 0.0 49210.0 0.0 1015
16.66 1102.11 -286.84 -105.37 0.0 49210.0 0.0 1015
16.68 1102.15 -292.65 -105.37 0.0 49210.0 0.0 1015
16.69 1102.18 -298.46 -105.37 0.0 49210.0 0.0 1015
16.7 1102.21 -304.27 -105.37 0.0 49210.0 0.0 1015
16.72 1102.24 -310.08 -105.37 0.0 49210.0 0.0 1015
16.73 1102.27 -315.88 -105.37 0.0 49210.0 0.0 1015
16.74 1102.31 -321.69 -105.37 0.0 49210.0 0.0 1015
16.76 1102.34 -327.5 -105.37 0.0 49210.0 0.0 1015
16.77 1102.37 -332.82 -105.37 0.0 49210.0 0.0 1082
16.78 1102.4 -338.63 -105.37 0.0 49210.0 0.0 1082
16.79 1102.43 -343.95 -105.37 0.0 49210.0 0.0 1082
16.81 1102.46 -349.76 -105.37 0.0 49210.0 0.0 1082
16.82 1102.49 -355.57 -105.37 0.0 49210.0 0.0 1082
16.83 1102.52 -360.89 -105.37 0.0 49210.0 0.0 1082
16.84 1102.55 -366.22 -105.37 0.0 49210.0 0.0 1082
16.86 1102.58 -372.03 -105.37 0.0 49210.0 0.0 1082
16.87 1102.61 -378.32 -105.37 0.0 49210.0 0.0 1082
16.88 1102.64 -383.64 -105.37 0.0 49210.0 0.0 1082
16.9 1102.67 -389.45 -105.37 0.0 49210.0 0.0 1082
16.91 1102.7 -395.26 -105.37 0.0 49210.0 0.0 1082
16.92 1102.73 -400.58 -105.37 0.0 49210.0 0.0 1082
16.93 1102.76 -405.91 -105.37 0.0 49210.0 0.0 1082
16.95 1102.79 -411.71 -105.37 0.0 49210.0 0.0 1082
16.96 1102.82 -417.04 -105.37 0.0 49210.0 0.0 1082
16.97 1102.85 -422.36 -105.37 0.0 49210.0 0.0 1082
17.03 1102.88 -427.69 -105.37 0.0 49210.0 0.0 1082
17.05 1103.02 -453.82 -105.37 0.0 49210.0 0.0 1082
17.06 1103.06 -461.08 -105.37 0.0 49210.0 0.0 1082
17.08 1103.09 -467.86 -105.37 0.0 49210.0 0.0 1082
17.09 1103.13 -475.12 -105.37 0.0 49210.0 0.0 1082
17.11 1103.17 -481.89 -105.37 0.0 49210.0 0.0 1082
17.15 1103.2 -487.7 -105.37 0.0 49210.0 0.0 1082
17.17 1103.3 -507.06 -103.22 0.0 49210.0 0.0 1082
17.19 1103.35 -515.29 -103.22 0.0 49210.0 0.0 1082
17.21 1103.39 -523.52 -105.1 0.0 49210.0 0.0 1082
17.22 1103.43 -530.78 -105.1 0.0 49210.0 0.0 1082
17.24 1103.47 -537.55 -105.1 0.0 49210.0 0.0 1082
17.25 1103.5 -544.33 -105.1 0.0 49210.0 0.0 1082
17.27 1103.54 -551.1 -105.1 0.0 49210.0 0.0 1082
17.28 1103.57 -557.4 -105.1 0.0 49210.0 0.0 1082
17.3 1103.61 -564.17 -105.1 0.0 49210.0 0.0 1082
17.31 1103.64 -570.46 -105.1 0.0 49210.0 0.0 1082
17.32 1103.68 -577.24 -105.1 0.0 49210.0 0.0 1082
17.34 1103.71 -583.05 -105.1 0.0 49210.0 0.0 1082
17.35 1103.74 -589.34 -105.1 0.0 49210.0 0.0 1082
17.37 1103.77 -595.15 -105.1 0.0 49210.0 0.0 1082
17.38 1103.81 -600.95 -105.1 0.0 49210.0 0.0 1082
17.39 1103.84 -606.76 -105.1 0.0 49210.0 0.0 1082
17.4 1103.87 -612.09 -105.1 0.0 49210.0 0.0 1082
17.41 1103.89 -617.41 -105.1 0.0 49210.0 0.0 1082
17.43 1103.92 -622.73 -105.1 0.0 49210.0 0.0 1082
17.44 1103.95 -628.54 -105.1 0.0 49210.0 0.0 1082
17.45 1103.98 -633.38 -105.1 0.0 49210.0 0.0 1082
17.46 1104.01 -638.71 -105.1 0.0 49210.0 0.0 1082
17.48 1104.04 -644.03 -105.1 0.0 49210.0 0.0 1082
17.49 1104.07 -649.35 -105.1 0.0 49210.0 0.0 1082
17.5 1104.09 -654.68 -105.1 0.0 49210.0 0.0 1014
17.51 1104.12 -659.52 -105.1 0.0 49210.0 0.0 1014
17.52 1104.15 -664.84 -105.1 0.0 49210.0 0.0 1014
17.53 1104.18 -670.17 -105.1 0.0 49210.0 0.0 1014
17.55 1103.65 -677.14 -102.24 0.0 49210.0 0.0 1014
17.56 1102.94 -686.66 -98.57 0.0 49210.0 0.0 1014
17.58 1102.39 -694.27 -95.82 0.0 49210.0 0.0 1014
17.59 1101.85 -701.89 -93.24 0.0 49210.0 0.0 1014
17.6 1101.36 -708.87 -91.01 0.0 49210.0 0.0 1014
17.61 1100.88 -715.85 -88.93 0.0 49210.0 0.0 1014
17.63 1100.4 -722.83 -86.98 0.0 49210.0 0.0 1014
17.64 1099.93 -729.82 -85.18 0.0 49210.0 0.0 1014
17.65 1099.47 -736.8 -83.51 0.0 49210.0 0.0 1014
17.66 1099.02 -743.78 -81.98 0.0 49210.0 0.0 1014
17.67 1098.62 -750.13 -80.71 0.0 49210.0 0.0 1014
17.68 1098.18 -757.12 -79.45 0.0 49210.0 0.0 1014
17.7 1097.78 -763.47 -78.42 0.0 49210.0 0.0 1014
17.71 1097.36 -770.45 -77.42 0.0 49210.0 0.0 1014
17.72 1096.98 -776.8 -76.64 0.0 49210.0 0.0 1014
17.73 1096.6 -783.15 -75.97 0.0 49210.0 0.0 1014
17.74 1096.23 -789.51 -75.41 0.0 49210.0 0.0 1014
17.75 1095.87 -795.86 -74.97 0.0 49210.0 0.0 1014
17.76 1095.55 -801.57 -74.67 0.0 49210.0 0.0 1014
17.77 1095.19 -807.93 -74.45 0.0 49210.0 0.0 1014
17.78 1094.88 -813.64 -74.35 0.0 49210.0 0.0 1014
17.79 1094.54 -820.0 -74.34 0.0 49210.0 0.0 1014
17.8 1094.2 -826.35 -74.45 0.0 49210.0 0.0 1014
17.81 1093.9 -832.07 -74.65 0.0 49210.0 0.0 1014
17.82 1093.57 -838.42 -74.98 0.0 49210.0 0.0 1014
17.83 1093.27 -844.14 -75.37 0.0 49210.0 0.0 1014
17.84 1092.95 -850.5 -75.92 0.0 49210.0 0.0 1014
17.86 1092.67 -856.21 -76.51 0.0 49210.0 0.0 1014
17.87 1092.36 -862.57 -77.28 0.0 49210.0 0.0 1014
17.88 1092.08 -868.29 -78.07 0.0 49210.0 0.0 1014
17.88 1091.81 -874.01 -78.95 0.0 49210.0 0.0 1014
17.89 1091.57 -879.09 -79.81 0.0 49210.0 0.0 1014
17.9 1091.31 -884.81 -80.86 0.0 49210.0 0.0 1014
17.91 1091.04 -890.53 -82.01 0.0 49210.0 0.0 1014
17.92 1090.79 -896.25 -83.26 0.0 49210.0 0.0 1014
17.93 1090.56 -901.34 -84.44 0.0 49210.0 0.0 1014
17.94 1090.33 -906.42 -85.7 0.0 49210.0 0.0 1014
17.95 1090.11 -911.51 -87.03 0.0 49210.0 0.0 1014
17.96 1089.87 -917.23 -88.61 0.0 49210.0 0.0 1014
17.97 1089.65 -922.31 -90.1 0.0 49210.0 0.0 973
17.98 1089.44 -927.4 -91.66 0.0 49210.0 0.0 973
17.99 1089.23 -932.48 -93.29 0.0 49210.0 0.0 973
18.0 1089.02 -937.57 -95.0 0.0 49210.0 0.0 973
18.0 1088.79 -943.29 -97.0 0.0 49210.0 0.0 973
18.01 1088.59 -948.38 -98.87 0.0 49210.0 0.0 973
18.02 1088.39 -953.46 -100.8 0.0 49210.0 0.0 973
18.03 1088.19 -958.55 -102.81 0.0 49210.0 0.0 973
18.04 1087.99 -963.64 -104.9 0.0 49210.0 0.0 973
18.05 1087.8 -968.72 -107.06 0.0 49210.0 0.0 973
18.06 1087.62 -973.62 -108.93 0.0 49210.0 0.0 973
18.07 1087.48 -977.97 -106.78 0.0 49210.0 0.0 973
18.08 1087.37 -981.84 -105.15 0.0 49210.0 0.0 973
18.08 1087.28 -985.71 -105.15 0.0 49210.0 0.0 973
18.09 1087.2 -989.58 -105.15 0.0 49210.0 0.0 973
18.1 1087.12 -993.45 -105.15 0.0 49210.0 0.0 973
18.11 1087.06 -997.33 -105.15 0.0 49210.0 0.0 973
18.12 1087.01 -1001.2 -105.15 0.0 49210.0 0.0 973
18.13 1086.97 -1005.07 -105.15 0.0 49210.0 0.0 973
18.14 1086.93 -1008.94 -105.15 0.0 49210.0 0.0 973
18.15 1086.9 -1012.81 -105.15 0.0 49210.0 0.0 973
18.16 1086.87 -1017.17 -105.15 0.0 49210.0 0.0 973
18.16 1086.85 -1021.04 -105.15 0.0 49210.0 0.0 973
18.17 1086.83 -1024.91 -105.15 0.0 49210.0 0.0 973
18.18 1086.82 -1028.78 -105.15 0.0 49210.0 0.0 973
18.19 1086.81 -1032.66 -105.15 0.0 49210.0 0.0 973
18.2 1086.81 -1037.01 -105.15 0.0 49210.0 0.0 973
18.21 1086.81 -1040.88 -105.15 0.0 49210.0 0.0 973
18.22 1086.81 -1044.76 -105.15 0.0 49210.0 0.0 973
18.23 1086.81 -1048.63 -105.15 0.0 49210.0 0.0 973
18.24 1086.81 -1052.98 -105.15 0.0 49248.0 0.0 973
18.25 1086.82 -1056.86 -105.15 0.0 49434.0 0.0 973
18.25 1086.83 -1060.73 -105.15 0.0 49695.0 0.0 973
18.26 1086.85 -1064.6 -105.15 0.0 50068.0 0.0 973
18.27 1086.89 -1068.47 -105.15 0.0 50572.0 0.0 973
18.28 1086.58 -1072.82 -106.73 0.0 51058.0 0.0 973
18.29 1086.08 -1076.66 -105.81 0.0 51544.0 0.0 973
18.3 1085.4 -1080.47 -104.53 0.0 52030.0 0.0 972
18.31 1084.56 -1084.25 -102.81 0.0 52576.0 0.0 972
18.32 1083.47 -1088.46 -101.14 0.0 53099.0 0.0 972
18.33 1082.42 -1092.19 -99.61 0.0 53585.0 0.0 972
18.34 1081.31 -1095.9 -97.5 0.0 54108.0 0.0 972
18.35 1080.18 -1099.61 -95.45 0.0 54668.0 0.0 972
18.35 1079.04 -1103.31 -92.75 0.0 55228.0 0.0 972
18.36 1077.92 -1107.01 -90.22 0.0 55749.0 0.0 972
18.37 1076.84 -1110.73 -87.46 0.0 56307.0 0.0 972
18.38 1075.81 -1114.46 -84.46 0.0 56902.0 0.0 972
18.39 1074.84 -1118.21 -81.24 0.0 57535.0 0.0 972
18.4 1073.96 -1121.98 -77.79 0.0 58168.0 0.0 972
18.41 1073.18 -1125.77 -74.14 0.0 58801.0 0.0 972
18.42 1072.51 -1129.59 -70.27 0.0 59359.0 0.0 972
18.42 1071.97 -1133.42 -66.19 0.0 59880.0 0.0 972
18.43 1071.57 -1137.27 -61.91 0.0 60364.0 0.0 972
18.44 1071.3 -1141.14 -57.44 0.0 60848.0 0.0 972
18.45 1071.18 -1145.01 -52.78 0.0 61294.0 0.0 972
18.46 1071.21 -1148.88 -47.93 0.0 61778.0 0.0 972
18.47 1071.4 -1152.75 -42.91 0.0 62262.0 0.0 972
18.48 1071.73 -1156.6 -37.7 0.0 62708.0 0.0 972
18.49 1072.22 -1160.44 -31.65 0.0 63210.0 0.0 972
18.5 1072.57 -1164.79 -26.09 0.0 63656.0 0.0 972
18.51 1072.76 -1168.65 -18.92 0.0 64051.0 0.0 972
18.52 1072.95 -1172.64 -12.26 0.0 64218.0 0.0 972
18.53 1073.1 -1175.65 -5.41 0.0 64218.0 0.0 972
18.54 1073.22 -1178.19 0.83 0.0 64256.0 0.0 972
18.55 1073.31 -1180.13 8.82 0.0 64349.0 0.0 972
18.56 1073.41 -1182.13 16.18 0.0 64768.0 0.0 972
18.57 1073.48 -1183.64 23.7 0.0 65187.0 0.0 972
18.58 1073.54 -1184.92 32.24 0.0 140.0 0.0 972
18.59 1073.6 -1186.08 40.07 0.0 601.0 0.0 972
18.6 1073.64 -1186.97 48.93 0.0 1114.0 0.0 972
18.61 1073.68 -1187.77 58.86 0.0 1627.0 0.0 972
18.62 1073.72 -1188.49 68.96 0.0 2140.0 0.0 972
18.63 1073.74 -1189.07 79.23 0.0 2653.0 0.0 972
18.65 1073.77 -1189.54 90.61 0.0 3156.0 0.0 972
18.66 1073.79 -1189.94 103.11 0.0 3701.0 0.0 972
18.68 1073.8 -1190.27 115.79 0.0 4186.0 0.0 972
18.69 1073.81 -1190.53 129.6 0.0 4675.0 0.0 972
18.7 1073.82 -1190.74 141.56 0.0 5066.0 0.0 972
18.72 1073.83 -1190.88 156.63 0.0 5485.0 0.0 972
18.74 1073.83 -1190.88 169.78 0.0 5757.0 0.0 972
18.75 1073.83 -1190.88 182.98 0.0 5999.0 0.0 972
18.77 1073.83 -1190.88 197.24 0.0 6227.0 0.0 972
18.78 1073.83 -1190.88 210.5 0.0 6378.0 0.0 972
18.79 1073.83 -1190.88 223.74 0.0 6559.0 0.0 972
18.81 1073.83 -1190.88 236.96 0.0 6771.0 0.0 1050
18.82 1073.83 -1190.88 250.12 0.0 6983.0 0.0 1050
18.84 1073.83 -1190.88 264.21 0.0 7244.0 0.0 989
18.86 1073.83 -1190.88 282.16 0.0 7635.0 0.0 989
18.87 1073.83 -1190.88 295.95 0.0 7961.0 0.0 989
18.89 1073.83 -1190.88 309.57 0.0 8320.0 0.0 989
18.9 1073.83 -1190.88 322.99 0.0 8744.0 0.0 989
18.92 1073.83 -1190.88 336.18 0.0 9331.0 0.0 989
18.93 1073.83 -1190.88 349.11 0.0 10049.0 0.0 989
18.95 1073.83 -1190.88 362.65 0.0 10818.0 0.0 989
18.97 1073.83 -1190.88 376.69 0.0 11713.0 0.0 989
18.99 1073.83 -1190.88 390.29 0.0 12646.0 0.0 989
19.0 1073.83 -1190.88 403.4 0.0 13653.0 0.0 989
19.02 1073.83 -1190.88 416.75 0.0 14723.0 0.0 989
19.04 1073.83 -1190.88 429.45 0.0 15635.0 0.0 989
19.07 1073.83 -1190.88 445.52 0.0 16564.0 0.0 989
19.09 1073.83 -1190.88 459.59 0.0 17111.0 0.0 989
19.12 1073.83 -1190.88 472.82 0.0 17432.0 0.0 989
19.14 1073.83 -1190.88 483.49 0.0 17578.0 0.0 989
19.16 1073.83 -1190.88 493.11 0.0 17616.0 0.0 989
19.19 1073.83 -1190.88 501.36 0.0 17616.0 0.0 989
19.22 1073.83 -1190.88 508.93 0.0 17616.0 0.0 989
19.24 1073.83 -1190.88 511.82 0.0 17616.0 0.0 989
19.26 1073.75 -1190.17 513.66 0.0 17616.0 0.0 989
19.28 1073.53 -1188.35 513.93 0.0 17616.0 0.0 989
19.31 1073.2 -1185.55 513.93 0.0 17654.0 0.0 989
19.33 1072.69 -1181.27 513.93 0.0 17692.0 0.0 989
19.35 1072.07 -1176.1 513.93 0.0 17730.0 0.0 989
19.38 1071.31 -1169.85 513.93 0.0 17730.0 0.0 989
19.4 1070.45 -1162.92 513.93 0.0 17730.0 0.0 989
19.42 1069.4 -1154.55 513.93 0.0 17730.0 0.0 1033
19.45 1068.13 -1144.6 513.93 0.0 17730.0 0.0 1033
19.47 1066.85 -1134.52 513.93 0.0 17730.0 0.0 1033
19.49 1065.62 -1124.92 513.93 0.0 17730.0 0.0 1033
19.51 1064.38 -1115.32 513.93 0.0 17730.0 0.0 1033
19.54 1063.15 -1105.72 513.93 0.0 17692.0 0.0 1033
19.56 1061.79 -1095.15 514.1 0.0 17553.0 0.0 1033
19.58 1060.56 -1085.55 534.76 0.0 17293.0 0.0 1033
19.6 1059.3 -1075.47 534.76 0.0 16903.0 0.0 1033
19.63 1058.15 -1065.37 534.76 0.0 16546.0 0.0 1033
19.65 1057.17 -1055.25 534.76 0.0 16326.0 0.0 1033
19.67 1056.46 -1046.08 534.76 0.0 16203.0 0.0 1033
19.68 1055.99 -1038.35 534.76 0.0 16203.0 0.0 1033
19.7 1055.65 -1030.62 534.76 0.0 16050.0 0.0 1033
19.72 1055.42 -1023.36 534.76 0.0 15904.0 0.0 1033
19.73 1055.27 -1015.62 534.76 0.0 15733.0 0.0 1033
19.75 1055.23 -1008.36 534.76 0.0 15551.0 0.0 1033
19.77 1055.29 -1000.61 534.76 0.0 15378.0 0.0 1033
19.79 1055.52 -991.42 535.81 0.0 15242.0 0.0 1033
19.81 1055.94 -981.75 535.81 0.0 15179.0 0.0 1033
19.83 1056.31 -974.98 535.81 0.0 15111.0 0.0 1033
19.84 1056.8 -967.74 535.81 0.0 14965.0 0.0 1033
19.86 1057.41 -960.02 535.81 0.0 14819.0 0.0 1033
19.88 1058.1 -952.31 535.81 0.0 14683.0 0.0 1033
19.9 1058.84 -945.09 535.81 0.0 14683.0 0.0 1033
19.91 1059.67 -937.87 535.81 0.0 14645.0 0.0 1033
19.93 1060.56 -930.67 535.81 0.0 14645.0 0.0 1033
19.95 1061.58 -922.99 535.81 0.0 14607.0 0.0 1033
19.96 1062.59 -915.8 535.81 0.0 14536.0 0.0 1033
19.98 1063.71 -908.14 535.81 0.0 14384.0 0.0 1033
20.0 1064.96 -900.01 535.81 0.0 14283.0 0.0 1033
20.02 1066.12 -892.84 535.81 0.0 14140.0 0.0 1033
20.03 1067.42 -885.21 535.81 0.0 13804.0 0.0 1033
20.05 1068.7 -878.06 535.81 0.0 13266.0 0.0 1033
20.07 1070.08 -870.93 535.81 0.0 12559.0 0.0 1033
20.08 1071.61 -863.84 535.81 0.0 11742.0 0.0 1033
20.1 1073.22 -857.25 535.81 0.0 10799.0 0.0 1032
20.11 1075.23 -850.28 535.81 0.0 9953.0 0.0 1032
20.13 1077.22 -844.31 535.81 0.0 8947.0 0.0 1032
20.14 1080.12 -837.13 535.81 0.0 8099.0 0.0 1032
20.16 1083.02 -831.0 535.81 0.0 7291.0 0.0 1032
20.18 1086.56 -824.67 535.81 0.0 6708.0 0.0 1032
20.19 1089.96 -819.37 535.81 0.0 6174.0 0.0 1032
20.21 1093.98 -813.92 535.81 0.0 5703.0 0.0 1032
20.22 1098.33 -808.72 535.81 0.0 5295.0 0.0 1032
20.24 1102.98 -803.79 535.81 0.0 4887.0 0.0 1032
20.25 1107.53 -799.44 535.81 0.0 4510.0 0.0 1032
20.26 1112.67 -795.02 535.81 0.0 4187.0 0.0 1032
20.28 1117.23 -791.43 535.81 0.0 3779.0 0.0 1032
20.29 1122.34 -787.77 535.81 0.0 3456.0 0.0 1032
20.31 1127.2 -784.58 535.81 0.0 3133.0 0.0 1032
20.32 1132.17 -781.58 535.81 0.0 2838.0 0.0 1032
20.33 1137.26 -778.78 535.81 0.0 2517.0 0.0 1032
20.34 1142.44 -776.16 535.81 0.0 2196.0 0.0 1032
20.36 1147.72 -773.72 535.81 0.0 1901.0 0.0 1032
20.37 1152.62 -771.65 535.81 0.0 1633.0 0.0 1032
20.38 1158.04 -769.57 535.81 0.0 1410.0 0.0 1032
20.39 1162.61 -767.96 535.81 0.0 1165.0 0.0 1032
20.41 1167.68 -766.34 535.81 0.0 969.0 0.0 1032
20.42 1172.79 -764.87 535.81 0.0 847.0 0.0 1032
20.43 1177.95 -763.53 531.86 0.0 847.0 0.0 1032
20.44 1182.66 -762.42 531.86 0.0 771.0 0.0 1032
20.45 1187.87 -761.32 531.86 0.0 722.0 0.0 1032
20.46 1193.1 -760.32 531.86 0.0 722.0 0.0 1032
20.47 1197.86 -759.48 531.86 0.0 722.0 0.0 1032
20.49 1202.64 -758.71 531.86 0.0 722.0 0.0 1032
20.5 1207.91 -757.93 531.86 0.0 722.0 0.0 1032
20.51 1213.18 -757.21 531.86 0.0 722.0 0.0 1032
20.52 1217.99 -756.6 531.86 0.0 722.0 0.0 1032
20.53 1222.79 -756.03 531.86 0.0 722.0 0.0 1032
20.54 1227.6 -755.49 531.86 0.0 722.0 0.0 1032
20.56 1232.9 -754.92 531.86 0.0 722.0 0.0 1032
20.57 1237.71 -754.43 531.86 0.0 722.0 0.0 1032
20.58 1242.53 -753.97 531.86 0.0 722.0 0.0 1032
20.59 1247.35 -753.51 531.86 0.0 722.0 0.0 1032
20.6 1252.65 -753.04 531.86 0.0 722.0 0.0 1032
20.61 1256.99 -752.66 531.86 0.0 722.0 0.0 1032
20.62 1261.81 -752.25 531.86 0.0 722.0 0.0 1032
20.63 1266.63 -751.85 531.86 0.0 722.0 0.0 1032
20.64 1271.46 -751.46 531.86 0.0 722.0 0.0 1032
20.65 1275.8 -751.11 531.86 0.0 952.0 0.0 1032
20.66 1280.63 -750.73 531.86 0.0 1221.0 0.0 971
20.67 1285.45 -750.35 531.86 0.0 1503.0 0.0 971
20.68 1289.79 -749.98 531.86 0.0 1861.0 0.0 971
20.7 1294.61 -749.53 531.86 0.0 2219.0 0.0 971
20.71 1299.43 -749.03 531.86 0.0 2622.0 0.0 971
20.72 1304.23 -748.46 531.86 0.0 2904.0 0.0 971
20.73 1308.55 -747.88 531.86 0.0 3173.0 0.0 971
20.74 1313.33 -747.15 531.86 0.0 3397.0 0.0 971
20.75 1318.1 -746.31 531.86 0.0 3558.0 0.0 971
20.76 1322.38 -745.48 531.86 0.0 3558.0 0.0 971
20.77 1327.11 -744.47 531.86 0.0 3520.0 0.0 971
20.78 1331.35 -743.49 530.36 0.0 3387.0 0.0 971
20.79 1336.05 -742.34 530.36 0.0 3298.0 0.0 971
20.8 1340.74 -741.13 530.36 0.0 3218.0 0.0 971
20.81 1344.95 -740.01 530.36 0.0 3107.0 0.0 971
20.82 1349.62 -738.74 530.36 0.0 3107.0 0.0 971
20.83 1353.82 -737.57 530.36 0.0 3107.0 0.0 971
20.84 1358.01 -736.4 530.36 0.0 3069.0 0.0 971
20.85 1362.2 -735.21 530.36 0.0 3069.0 0.0 971
20.86 1366.39 -734.01 530.36 0.0 3069.0 0.0 971
20.87 1371.04 -732.67 530.36 0.0 3069.0 0.0 971
20.88 1375.23 -731.46 530.36 0.0 3069.0 0.0 971
20.89 1379.87 -730.11 530.36 0.0 3069.0 0.0 971
20.9 1384.05 -728.88 530.36 0.0 3069.0 0.0 971
20.91 1388.23 -727.65 530.36 0.0 3069.0 0.0 971
20.92 1392.41 -726.42 530.36 0.0 3069.0 0.0 971
20.93 1396.59 -725.18 520.75 0.0 3069.0 0.0 971
20.94 1400.76 -723.94 519.78 0.0 3069.0 0.0 971
20.95 1404.94 -722.7 519.78 0.0 3069.0 0.0 971
20.96 1409.11 -721.46 519.78 0.0 3069.0 0.0 971
20.97 1413.29 -720.21 519.78 0.0 3069.0 0.0 971
20.98 1417.92 -718.82 519.78 0.0 3069.0 0.0 971
20.99 1421.63 -717.71 519.78 0.0 3069.0 0.0 971
21.0 1425.8 -716.46 519.78 0.0 3069.0 0.0 971
21.01 1429.97 -715.2 519.78 0.0 3069.0 0.0 971
21.02 1434.15 -713.95 514.9 0.0 3069.0 0.0 971
21.03 1438.32 -712.69 514.9 0.0 3069.0 0.0 971
21.04 1442.58 -711.81 514.9 0.0 3069.0 0.0 971
21.05 1446.9 -711.26 514.9 0.0 3069.0 0.0 971
21.06 1450.77 -711.01 514.9 0.0 3107.0 0.0 971
21.07 1455.12 -711.02 514.9 0.0 3187.0 0.0 971
21.08 1459.47 -711.27 514.9 0.0 3222.0 0.0 971
21.09 1463.32 -711.66 514.9 0.0 3302.0 0.0 971
21.1 1467.63 -712.3 514.9 0.0 3422.0 0.0 971
21.11 1471.92 -713.1 514.9 0.0 3493.0 0.0 971
21.12 1475.7 -713.92 514.9 0.0 3599.0 0.0 971
21.13 1479.46 -714.83 514.9 0.0 3679.0 0.0 971
21.14 1483.67 -715.96 514.9 0.0 3821.0 0.0 971
21.15 1487.39 -717.04 514.9 0.0 4041.0 0.0 971
21.15 1491.55 -718.31 514.9 0.0 4254.0 0.0 971
21.16 1495.24 -719.49 514.9 0.0 4574.0 0.0 971
21.17 1499.38 -720.84 514.9 0.0 4859.0 0.0 971
21.18 1503.06 -722.06 514.9 0.0 5139.0 0.0 971
21.19 1507.19 -723.43 514.9 0.0 5499.0 0.0 971
21.2 1511.33 -724.78 514.9 0.0 5940.0 0.0 971
21.21 1515.48 -726.11 514.9 0.0 6332.0 0.0 971
21.22 1519.18 -727.25 514.9 0.0 6688.0 0.0 971
21.23 1522.9 -728.35 514.9 0.0 7088.0 0.0 971
21.24 1527.1 -729.51 514.9 0.0 7529.0 0.0 971
21.25 1531.32 -730.59 514.9 0.0 7849.0 0.0 971
21.26 1535.09 -731.47 514.9 0.0 8209.0 0.0 971
21.27 1539.35 -732.36 514.9 0.0 8509.0 0.0 971
21.28 1543.63 -733.15 514.9 0.0 8749.0 0.0 971
21.29 1547.94 -733.83 514.9 0.0 8989.0 0.0 971
21.3 1552.25 -734.4 514.9 0.0 9229.0 0.0 971
21.31 1556.59 -734.87 514.9 0.0 9470.0 0.0 971
21.32 1560.93 -735.22 514.9 0.0 9782.0 0.0 971
21.33 1565.76 -735.49 514.9 0.0 10063.0 0.0 971
21.34 1570.11 -735.63 514.9 0.0 10384.0 0.0 971
21.35 1574.47 -735.65 514.9 0.0 10665.0 0.0 971
21.36 1578.82 -735.56 514.9 0.0 10932.0 0.0 971
21.37 1583.66 -735.33 514.9 0.0 11132.0 0.0 971
21.38 1588.0 -735.0 514.9 0.0 11453.0 0.0 971
21.39 1592.34 -734.57 514.9 0.0 11653.0 0.0 971
21.4 1596.66 -734.03 514.9 0.0 11965.0 0.0 971
21.41 1601.44 -733.3 514.9 0.0 12286.0 0.0 971
21.42 1605.73 -732.53 514.9 0.0 12687.0 0.0 971
21.43 1610.47 -731.55 514.9 0.0 13008.0 0.0 971
21.44 1614.71 -730.55 514.9 0.0 13369.0 0.0 971
21.45 1618.92 -729.43 514.9 0.0 13690.0 0.0 971
21.46 1623.1 -728.19 514.9 0.0 14132.0 0.0 971
21.47 1628.15 -726.51 514.9 0.0 14453.0 0.0 971
21.48 1632.24 -725.01 514.9 0.0 14854.0 0.0 971
21.49 1636.72 -723.19 514.9 0.0 15135.0 0.0 971
21.51 1640.71 -721.44 514.9 0.0 15536.0 0.0 971
21.52 1645.08 -719.35 514.9 0.0 15937.0 0.0 993
21.53 1649.37 -717.11 514.9 0.0 16379.0 0.0 993
21.54 1653.99 -714.47 514.9 0.0 16780.0 0.0 993
21.55 1658.11 -711.92 514.9 0.0 17222.0 0.0 993
21.56 1662.52 -708.95 514.9 0.0 17668.0 0.0 993
21.57 1666.44 -706.1 514.9 0.0 18208.0 0.0 993
21.59 1670.62 -702.8 514.9 0.0 18817.0 0.0 993
21.6 1675.35 -698.66 514.9 0.0 19299.0 0.0 993
21.62 1679.55 -694.64 514.9 0.0 19821.0 0.0 993
21.63 1683.86 -690.06 514.9 0.0 20214.0 0.0 993
21.64 1687.34 -686.03 514.9 0.0 20707.0 0.0 993
21.66 1691.21 -681.08 514.9 0.0 21100.0 0.0 993
21.67 1694.31 -676.75 514.9 0.0 21528.0 0.0 993
21.68 1697.48 -671.88 514.9 0.0 21956.0 0.0 993
21.7 1700.42 -666.87 514.9 0.0 22362.0 0.0 993
21.72 1703.35 -661.3 514.9 0.0 22924.0 0.0 993
21.73 1706.92 -653.36 514.9 0.0 23388.0 0.0 993
21.75 1709.71 -646.13 514.9 0.0 23923.0 0.0 993
21.77 1712.37 -637.84 514.9 0.0 24378.0 0.0 993
21.79 1714.46 -629.88 514.9 0.0 24900.0 0.0 993
21.81 1716.21 -621.34 514.9 0.0 25355.0 0.0 993
21.83 1717.46 -613.21 514.9 0.0 25821.0 0.0 993
21.85 1718.35 -604.06 514.9 0.0 26200.0 0.0 993
21.87 1718.77 -595.84 514.9 0.0 26561.0 0.0 993
21.89 1718.79 -587.13 514.9 0.0 26962.0 0.0 993
21.91 1718.44 -578.42 514.9 0.0 27408.0 0.0 993
21.93 1717.58 -568.78 514.9 0.0 27747.0 0.0 993
21.95 1716.37 -559.66 514.9 0.0 28086.0 0.0 993
21.97 1714.78 -550.61 514.9 0.0 28487.0 0.0 993
21.99 1712.96 -542.09 514.9 0.0 28978.0 0.0 993
22.02 1710.54 -532.71 514.9 0.0 29529.0 0.0 993
22.04 1707.89 -523.91 514.9 0.0 30009.0 0.0 993
22.06 1704.85 -515.23 514.9 0.0 30366.0 0.0 993
22.08 1701.23 -506.25 514.9 0.0 30578.0 0.0 993
22.1 1697.44 -497.87 514.9 0.0 30578.0 0.0 993
22.12 1693.35 -489.64 514.9 0.0 30578.0 0.0 993
22.14 1687.67 -482.4 514.9 0.0 30578.0 0.0 993
22.16 1680.9 -476.18 514.9 0.0 30578.0 0.0 993
22.19 1673.4 -470.86 514.9 0.0 30578.0 0.0 993
22.21 1664.09 -465.7 514.9 0.0 30616.0 0.0 992
22.23 1656.2 -462.0 514.9 0.0 30700.0 0.0 992
22.25 1647.67 -458.56 514.9 0.0 30784.0 0.0 992
22.27 1639.0 -455.51 514.9 0.0 30868.0 0.0 992
22.29 1630.22 -452.77 514.9 0.0 30944.0 0.0 992
22.31 1621.37 -450.28 514.9 0.0 30944.0 0.0 992
22.33 1612.46 -448.01 514.9 0.0 30944.0 0.0 992
22.35 1603.51 -445.89 514.9 0.0 30944.0 0.0 992
22.39 1594.06 -443.8 514.9 0.0 30944.0 0.0 992
22.41 1577.45 -440.44 514.9 0.0 30944.0 0.0 992
22.43 1570.33 -439.03 514.9 0.0 30944.0 0.0 992
22.45 1561.3 -437.3 514.9 0.0 30944.0 0.0 992
22.47 1552.26 -435.59 514.9 0.0 31020.0 0.0 992
22.49 1543.22 -433.91 514.9 0.0 31189.0 0.0 992
22.52 1534.17 -432.27 514.9 0.0 31323.0 0.0 992
22.54 1524.64 -430.6 514.9 0.0 31521.0 0.0 992
22.56 1515.57 -429.1 514.9 0.0 31648.0 0.0 992
22.58 1506.48 -427.69 514.9 0.0 31732.0 0.0 992
22.6 1497.38 -426.38 514.9 0.0 31770.0 0.0 992
22.62 1487.78 -425.11 514.9 0.0 31770.0 0.0 992
22.64 1478.17 -423.93 514.9 0.0 31770.0 0.0 992
22.66 1469.04 -422.86 514.9 0.0 31808.0 0.0 992
22.69 1459.9 -421.84 514.9 0.0 31941.0 0.0 992
22.71 1450.27 -420.81 514.9 0.0 32101.0 0.0 992
22.73 1441.61 -419.94 514.9 0.0 32234.0 0.0 992
22.75 1431.97 -419.06 514.9 0.0 32310.0 0.0 992
22.77 1422.8 -418.31 519.95 0.0 32386.0 0.0 992
22.79 1413.19 -419.45 519.95 0.0 32474.0 0.0 992
22.81 1403.86 -422.05 519.95 0.0 32512.0 0.0 992
22.84 1395.35 -425.53 530.4 0.0 32512.0 0.0 992
22.86 1386.77 -430.01 530.4 0.0 32512.0 0.0 992
22.88 1378.92 -434.8 530.4 0.0 32550.0 0.0 992
22.9 1370.94 -440.28 530.4 0.0 32550.0 0.0 992
22.92 1363.57 -445.77 530.4 0.0 32550.0 0.0 992
22.94 1354.97 -450.23 530.4 0.0 32550.0 0.0 992
22.96 1345.89 -453.58 530.4 0.0 32550.0 0.0 992
22.98 1337.02 -455.99 530.4 0.0 32550.0 0.0 992
23.01 1328.0 -457.78 531.85 0.0 32550.0 0.0 992
23.03 1318.9 -459.1 531.85 0.0 32550.0 0.0 992
23.05 1309.75 -460.06 531.85 0.0 32550.0 0.0 992
23.07 1301.06 -460.71 531.85 0.0 32550.0 0.0 992
23.09 1291.88 -461.19 531.85 0.0 32550.0 0.0 992
23.11 1282.69 -461.51 531.85 0.0 32550.0 0.0 1031
23.13 1273.5 -461.7 531.85 0.0 32550.0 0.0 1031
23.15 1264.3 -461.8 531.85 0.0 32550.0 0.0 1031
23.17 1255.1 -461.83 531.85 0.0 32550.0 0.0 1031
23.19 1246.39 -461.81 531.85 0.0 32550.0 0.0 1031
23.21 1237.68 -461.76 531.85 0.0 32550.0 0.0 1031
23.23 1228.48 -461.66 531.85 0.0 32550.0 0.0 1031
23.25 1218.81 -461.54 531.85 0.0 32550.0 0.0 1031
23.28 1209.61 -461.4 531.85 0.0 32550.0 0.0 1031
23.3 1199.93 -461.24 531.85 0.0 32550.0 0.0 1031
23.32 1190.74 -461.08 531.85 0.0 32550.0 0.0 1031
23.34 1181.54 -460.91 531.85 0.0 32550.0 0.0 1031
23.36 1171.86 -460.73 531.85 0.0 32550.0 0.0 1031
23.38 1163.64 -460.57 531.85 0.0 32550.0 0.0 1031
23.4 1153.96 -460.37 534.0 0.0 32550.0 0.0 1031
23.42 1144.77 -460.19 535.81 0.0 32550.0 0.0 1031
23.44 1136.06 -460.01 535.81 0.0 32550.0 0.0 1031
23.47 1126.86 -459.82 535.81 0.0 32550.0 0.0 1031
23.49 1116.7 -459.61 535.81 0.0 32550.0 0.0 1031
23.51 1107.51 -459.42 535.81 0.0 32550.0 0.0 1031
23.53 1098.31 -459.23 535.81 0.0 32550.0 0.0 1031
23.55 1089.12 -459.03 535.81 0.0 32550.0 0.0 1031
23.57 1080.41 -458.85 535.81 0.0 32550.0 0.0 1031
23.59 1070.73 -458.65 535.81 0.0 32550.0 0.0 1031
23.61 1062.5 -458.48 535.81 0.0 32550.0 0.0 1031
23.63 1053.31 -458.28 535.81 0.0 32550.0 0.0 1031
23.65 1045.08 -458.11 535.81 0.0 32550.0 0.0 1031
23.67 1036.37 -457.93 535.81 0.0 32550.0 0.0 1031
23.69 1027.18 -457.73 535.81 0.0 32550.0 0.0 1031
23.71 1018.95 -457.56 535.81 0.0 32550.0 0.0 1031
23.73 1010.24 -457.38 535.81 0.0 32550.0 0.0 1031
23.75 1001.53 -457.19 535.81 0.0 32550.0 0.0 1031
23.77 992.82 -457.01 531.9 0.0 32550.0 0.0 1031
23.79 983.15 -456.8 531.9 0.0 32550.0 0.0 1031
23.81 972.98 -456.59 531.9 0.0 32550.0 0.0 1031
23.84 963.79 -456.4 531.9 0.0 32550.0 0.0 1031
23.86 953.14 -456.17 531.9 0.0 32550.0 0.0 1031
23.88 943.47 -455.97 531.9 0.0 32550.0 0.0 1031
23.9 933.3 -455.75 531.9 0.0 32550.0 0.0 1031
23.92 924.11 -455.56 531.9 0.0 32550.0 0.0 1031
23.95 914.92 -455.36 531.9 0.0 32550.0 0.0 1031
23.97 905.72 -455.17 531.9 0.0 32550.0 0.0 1031
23.98 897.01 -454.99 531.9 0.0 32550.0 0.0 1031
24.01 888.79 -454.81 531.9 0.0 32550.0 0.0 1031
24.03 876.69 -454.56 531.9 0.0 32550.0 0.0 1031
24.06 867.01 -454.35 531.9 0.0 32550.0 0.0 1031
24.08 857.33 -454.15 531.9 0.0 32550.0 0.0 1031
24.1 848.14 -453.96 531.9 0.0 32550.0 0.0 1031
24.11 839.43 -453.77 531.9 0.0 32550.0 0.0 1031
24.13 831.2 -453.6 530.4 0.0 32550.0 0.0 1031
24.15 822.49 -453.42 530.4 0.0 32550.0 0.0 1030
24.17 814.27 -453.24 530.4 0.0 32550.0 0.0 1030
24.19 805.56 -453.06 530.4 0.0 32550.0 0.0 1030
24.21 797.33 -452.88 530.4 0.0 32550.0 0.0 1030
24.23 789.1 -452.71 530.4 0.0 32550.0 0.0 1030
24.25 780.88 -452.54 530.4 0.0 32550.0 0.0 1030
24.27 772.65 -452.36 520.75 0.0 32550.0 0.0 1030
24.29 764.43 -452.19 519.78 0.0 32550.0 0.0 1030
24.3 756.2 -452.02 519.78 0.0 32550.0 0.0 1030
24.32 747.97 -451.84 519.78 0.0 32550.0 0.0 1030
24.34 739.75 -451.67 514.9 0.0 32550.0 0.0 1030
24.36 731.52 -451.5 514.9 0.0 32550.0 0.0 1030
24.38 722.81 -451.31 514.9 0.0 32550.0 0.0 1030
24.4 713.13 -451.11 514.9 0.0 32550.0 0.0 1030
24.42 705.39 -450.94 514.9 0.0 32550.0 0.0 1030
24.44 696.2 -450.75 514.9 0.0 32550.0 0.0 1030
24.47 687.0 -450.56 514.9 0.0 32550.0 0.0 1030
24.49 676.84 -450.34 514.9 0.0 32550.0 0.0 1030
24.51 667.16 -450.14 514.9 0.0 32550.0 0.0 1030
24.53 657.48 -449.93 514.9 0.0 32550.0 0.0 1030
24.55 647.81 -449.73 514.9 0.0 32550.0 0.0 1030
24.58 638.13 -449.53 514.9 0.0 32550.0 0.0 1030
24.6 628.45 -449.32 514.9 0.0 32550.0 0.0 1030
24.62 619.74 -449.14 514.9 0.0 32626.0 0.0 1030
24.64 610.06 -448.93 514.9 0.0 32875.0 0.0 1030
24.66 600.87 -448.76 514.9 0.0 33124.0 0.0 1030
24.68 591.67 -448.64 514.9 0.0 33533.0 0.0 1030
24.7 583.45 -448.63 514.9 0.0 33894.0 0.0 1030
24.72 574.25 -448.77 514.9 0.0 33894.0 0.0 1030
