523.81 397.86 -1174.78 559.03 0.0 39568.0 0.0 1099
523.83 397.86 -1174.78 552.9 0.0 39568.0 0.0 1099
523.86 396.53 -1175.8 552.9 0.0 39568.0 0.0 1099
523.89 394.02 -1177.72 552.9 0.0 39568.0 0.0 1099
523.91 390.47 -1180.42 552.9 0.0 39568.0 0.0 1099
523.94 385.79 -1184.0 552.9 0.0 39568.0 0.0 1099
523.96 380.26 -1188.22 552.9 0.0 39568.0 0.0 1099
523.99 373.7 -1193.23 552.9 0.0 39568.0 0.0 1099
524.01 366.46 -1198.75 552.9 0.0 39568.0 0.0 1099
524.04 358.27 -1205.0 552.9 0.0 39568.0 0.0 1099
524.06 350.19 -1211.17 552.9 0.0 39568.0 0.0 1099
524.08 342.88 -1216.75 552.9 0.0 39568.0 0.0 1099
524.1 335.57 -1222.33 552.9 0.0 39568.0 0.0 1099
524.12 329.03 -1227.32 552.9 0.0 39568.0 0.0 1099
524.14 322.1 -1232.61 552.9 0.0 39568.0 0.0 1099
524.16 315.18 -1237.89 552.9 0.0 39568.0 0.0 1099
524.17 308.25 -1243.18 552.9 0.0 39568.0 0.0 1099
524.19 302.1 -1247.88 552.9 0.0 39568.0 0.0 1099
524.21 295.94 -1252.58 552.9 0.0 39568.0 0.0 1099
524.23 289.78 -1257.28 552.9 0.0 39568.0 0.0 1099
524.24 283.63 -1261.97 552.9 0.0 39568.0 0.0 1043
524.26 277.86 -1266.38 552.9 0.0 39568.0 0.0 1043
524.28 271.7 -1271.08 552.9 0.0 39568.0 0.0 1043
524.29 265.55 -1275.78 552.9 0.0 39568.0 0.0 1043
524.31 259.78 -1280.18 552.9 0.0 39568.0 0.0 1043
524.33 253.62 -1284.88 552.9 0.0 39568.0 0.0 1043
524.35 247.85 -1289.29 552.9 0.0 39568.0 0.0 1043
524.37 241.69 -1293.98 552.9 0.0 39568.0 0.0 1043
524.38 235.15 -1298.98 552.9 0.0 39568.0 0.0 1043
524.4 228.61 -1303.97 552.9 0.0 39568.0 0.0 1043
524.42 222.46 -1308.67 552.9 0.0 39530.0 0.0 1043
524.44 215.92 -1313.66 552.9 0.0 39454.0 0.0 1043
524.46 208.99 -1318.94 552.9 0.0 39525.0 0.0 1043
524.48 202.82 -1323.62 552.9 0.0 39601.0 0.0 1043
524.5 196.26 -1328.59 552.9 0.0 39601.0 0.0 1043
524.52 189.33 -1333.86 552.9 0.0 39601.0 0.0 1043
524.53 182.4 -1339.14 552.9 0.0 39601.0 0.0 1043
524.55 175.86 -1344.14 552.9 0.0 39601.0 0.0 1043
524.57 169.32 -1349.13 552.9 0.0 39601.0 0.0 1043
524.59 162.4 -1354.43 552.9 0.0 39601.0 0.0 1043
524.61 155.87 -1359.43 552.9 0.0 39601.0 0.0 1043
524.63 150.24 -1365.43 552.9 0.0 39601.0 0.0 1043
524.65 145.21 -1372.55 552.9 0.0 39601.0 0.0 1043
524.67 141.19 -1379.72 552.9 0.0 39601.0 0.0 1043
524.69 137.76 -1387.2 552.9 0.0 39601.0 0.0 1043
524.71 134.68 -1395.35 552.9 0.0 39601.0 0.0 1043
524.72 132.16 -1403.19 552.9 0.0 39601.0 0.0 1043
524.74 129.95 -1411.11 552.9 0.0 39601.0 0.0 1043
524.76 127.99 -1419.1 552.9 0.0 39601.0 0.0 1043
524.78 126.22 -1427.14 552.9 0.0 39601.0 0.0 1043
524.8 124.51 -1435.68 552.9 0.0 39601.0 0.0 1043
524.82 123.02 -1443.77 552.9 0.0 39563.0 0.0 1043
524.84 121.69 -1451.4 552.9 0.0 39487.0 0.0 1043
524.86 120.35 -1459.52 552.9 0.0 39411.0 0.0 1043
524.87 119.05 -1467.64 552.9 0.0 39259.0 0.0 1043
524.89 117.76 -1475.77 552.9 0.0 39044.0 0.0 1114
524.91 116.55 -1483.42 552.9 0.0 38892.0 0.0 1114
524.93 115.21 -1491.54 552.9 0.0 38625.0 0.0 1114
524.95 113.8 -1499.65 552.9 0.0 38266.0 0.0 1114
524.97 112.4 -1507.26 552.9 0.0 37884.0 0.0 1114
524.98 110.78 -1515.33 552.9 0.0 37528.0 0.0 1114
525.0 108.99 -1523.36 552.9 0.0 37245.0 0.0 1114
525.02 106.88 -1531.81 552.9 0.0 36978.0 0.0 1114
525.04 104.69 -1539.74 552.9 0.0 36763.0 0.0 1114
525.06 102.46 -1547.16 552.9 0.0 36534.0 0.0 1114
525.08 99.9 -1554.98 552.9 0.0 36267.0 0.0 1114
525.1 97.16 -1562.74 552.9 0.0 36000.0 0.0 1114
525.11 94.23 -1570.43 552.9 0.0 35749.0 0.0 1114
525.13 91.31 -1577.6 552.9 0.0 35459.0 0.0 1114
525.15 86.53 -1584.88 552.9 0.0 35125.0 0.0 1114
525.17 80.25 -1591.6 552.9 0.0 34809.0 0.0 1114
525.19 73.52 -1597.13 552.9 0.0 34435.0 0.0 1114
525.21 66.64 -1601.65 552.9 0.0 34119.0 0.0 1114
525.23 59.83 -1605.34 552.9 0.0 33820.0 0.0 1114
525.25 52.31 -1608.67 552.9 0.0 33546.0 0.0 1114
525.27 44.58 -1611.49 552.9 0.0 33285.0 0.0 1114
525.29 36.69 -1613.83 552.9 0.0 33048.0 0.0 1114
525.31 28.22 -1615.86 552.9 0.0 32787.0 0.0 1114
525.32 20.14 -1617.41 552.9 0.0 32600.0 0.0 1114
525.34 12.0 -1618.63 552.9 0.0 32451.0 0.0 1114
525.36 3.83 -1619.55 552.9 0.0 32264.0 0.0 1114
525.38 -4.37 -1620.23 552.9 0.0 32159.0 0.0 1114
525.4 -12.11 -1620.65 552.9 0.0 32035.0 0.0 1114
525.42 -20.33 -1620.9 552.9 0.0 31923.0 0.0 1114
525.44 -28.56 -1620.97 552.9 0.0 31840.0 0.0 1114
525.46 -37.75 -1620.85 552.9 0.0 31766.0 0.0 1114
525.47 -45.98 -1620.6 552.9 0.0 31696.0 0.0 1116
525.49 -53.71 -1620.27 552.9 0.0 31626.0 0.0 1116
525.51 -61.45 -1619.83 552.9 0.0 31552.0 0.0 1116
525.53 -69.66 -1619.28 552.9 0.0 31447.0 0.0 1116
525.55 -77.38 -1618.68 552.9 0.0 31335.0 0.0 1116
525.56 -85.57 -1617.96 552.9 0.0 31230.0 0.0 1116
525.58 -93.28 -1617.19 552.9 0.0 31056.0 0.0 1116
525.6 -101.46 -1616.3 552.9 0.0 30795.0 0.0 1116
525.62 -109.63 -1615.3 552.9 0.0 30514.0 0.0 1116
525.64 -117.3 -1614.26 552.9 0.0 30233.0 0.0 1116
525.66 -124.95 -1613.09 552.9 0.0 29934.0 0.0 1116
525.67 -133.06 -1611.68 552.9 0.0 29618.0 0.0 1116
525.69 -140.66 -1610.2 552.9 0.0 29302.0 0.0 1116
525.71 -148.23 -1608.55 552.9 0.0 28880.0 0.0 1116
525.73 -155.75 -1606.72 552.9 0.0 28506.0 0.0 1116
525.74 -163.69 -1604.54 552.9 0.0 28190.0 0.0 1116
525.76 -171.09 -1602.27 552.9 0.0 27944.0 0.0 1116
525.78 -178.43 -1599.79 552.9 0.0 27608.0 0.0 1115
525.8 -186.14 -1596.92 552.9 0.0 27272.0 0.0 1115
525.82 -193.76 -1593.82 552.9 0.0 26973.0 0.0 1115
525.84 -201.28 -1590.49 552.9 0.0 26604.0 0.0 1113
525.86 -209.13 -1586.71 572.9 0.0 26305.0 0.0 1113
525.88 -216.43 -1582.92 572.9 0.0 26055.0 0.0 1113
525.9 -224.45 -1578.4 572.9 0.0 25794.0 0.0 1113
525.92 -231.5 -1574.16 572.9 0.0 25596.0 0.0 1113
525.94 -238.83 -1569.45 572.9 0.0 25359.0 0.0 1113
525.95 -246.03 -1564.55 572.9 0.0 25135.0 0.0 1113
525.97 -252.72 -1559.76 572.9 0.0 24911.0 0.0 1113
525.99 -259.29 -1554.8 572.9 0.0 24661.0 0.0 1113
526.01 -266.48 -1549.08 572.9 0.0 24474.0 0.0 1113
526.03 -272.8 -1543.81 572.9 0.0 24275.0 0.0 1113
526.05 -279.01 -1538.41 572.9 0.0 24077.0 0.0 1113
526.07 -285.44 -1532.54 572.9 0.0 23906.0 0.0 1113
526.08 -290.03 -1528.22 572.9 0.0 23722.0 0.0 1113
526.1 -294.88 -1523.5 572.9 0.0 23538.0 0.0 1113
526.11 -299.65 -1518.68 572.9 0.0 23354.0 0.0 1113
526.13 -304.48 -1513.81 572.79 0.0 23240.0 0.0 1113
526.14 -309.0 -1509.21 572.48 0.0 23042.0 0.0 1113
526.16 -314.21 -1503.89 571.89 0.0 22919.0 0.0 1113
526.17 -319.05 -1498.92 571.1 0.0 22787.0 0.0 1113
526.19 -324.22 -1493.56 570.0 0.0 22726.0 0.0 1113
526.21 -329.03 -1488.55 568.75 0.0 22665.0 0.0 1113
526.22 -333.82 -1483.52 567.27 0.0 22604.0 0.0 1113
526.24 -338.58 -1478.47 565.56 0.0 22543.0 0.0 1113
526.25 -343.34 -1473.41 563.63 0.0 22543.0 0.0 1113
526.27 -348.4 -1467.96 561.31 0.0 22543.0 0.0 1113
526.29 -354.12 -1461.76 558.37 0.0 22581.0 0.0 1113
526.3 -359.14 -1456.27 555.5 0.0 22713.0 0.0 1113
526.32 -364.14 -1450.76 552.37 0.0 22779.0 0.0 1113
526.34 -369.17 -1445.27 548.98 0.0 22840.0 0.0 1113
526.35 -373.95 -1440.23 545.58 0.0 22981.0 0.0 1113
526.37 -379.5 -1434.55 541.43 0.0 23042.0 0.0 1045
526.39 -384.43 -1429.66 537.55 0.0 23112.0 0.0 1045
526.4 -390.15 -1424.15 532.84 0.0 23178.0 0.0 1045
526.42 -395.59 -1419.07 528.16 0.0 23244.0 0.0 1045
526.44 -401.11 -1414.08 523.22 0.0 23310.0 0.0 1045
526.45 -406.7 -1409.16 518.02 0.0 23509.0 0.0 1045
526.47 -412.36 -1404.33 512.56 0.0 23674.0 0.0 1045
526.49 -418.09 -1399.58 506.85 0.0 23886.0 0.0 1045
526.5 -424.28 -1394.6 500.46 0.0 24184.0 0.0 1045
526.52 -430.16 -1390.03 494.21 0.0 24555.0 0.0 1045
526.54 -435.7 -1385.84 488.15 0.0 25085.0 0.0 1045
526.55 -441.71 -1381.43 481.4 0.0 25648.0 0.0 1045
526.57 -447.78 -1377.12 474.39 0.0 26267.0 0.0 1045
526.58 -453.52 -1373.19 467.61 0.0 26948.0 0.0 1086
526.6 -459.31 -1369.36 460.61 0.0 27777.0 0.0 1086
526.61 -465.59 -1365.36 452.86 0.0 28613.0 0.0 1086
526.63 -471.53 -1361.73 445.39 0.0 29418.0 0.0 1086
526.64 -477.1 -1358.47 438.26 0.0 30254.0 0.0 1086
526.66 -483.16 -1355.06 430.36 0.0 31316.0 0.0 1086
526.68 -490.18 -1351.33 421.05 0.0 32214.0 0.0 1086
526.69 -496.39 -1348.21 412.66 0.0 33019.0 0.0 1086
526.71 -502.22 -1345.43 404.68 0.0 33853.0 0.0 1086
526.72 -508.11 -1342.77 396.5 0.0 34658.0 0.0 1086
526.73 -514.06 -1340.25 388.12 0.0 35521.0 0.0 1086
526.75 -520.06 -1337.85 379.55 0.0 36295.0 0.0 1086
526.76 -526.58 -1335.42 370.1 0.0 37014.0 0.0 1086
526.78 -532.69 -1333.3 361.13 0.0 37704.0 0.0 1086
526.79 -538.84 -1331.33 351.96 0.0 38221.0 0.0 1086
526.81 -545.04 -1329.49 342.6 0.0 38221.0 0.0 1086
526.82 -551.76 -1327.67 332.3 0.0 38221.0 0.0 1002
526.84 -558.04 -1326.12 322.53 0.0 38221.0 0.0 1002
526.85 -564.35 -1324.72 312.57 0.0 38221.0 0.0 1002
526.87 -571.19 -1323.37 301.63 0.0 38221.0 0.0 1002
526.88 -577.56 -1322.27 291.27 0.0 38221.0 0.0 1002
526.9 -584.45 -1321.24 279.89 0.0 38221.0 0.0 1002
526.91 -590.87 -1320.43 269.12 0.0 38221.0 0.0 1002
526.93 -597.31 -1319.77 258.16 0.0 38221.0 0.0 1002
526.94 -604.25 -1319.19 246.14 0.0 38221.0 0.0 1002
526.96 -610.71 -1318.73 234.78 0.0 38221.0 0.0 1002
526.97 -617.66 -1318.32 222.32 0.0 38221.0 0.0 1002
526.99 -624.13 -1318.03 210.55 0.0 38221.0 0.0 1002
527.0 -631.1 -1317.8 197.66 0.0 38221.0 0.0 1002
527.01 -638.07 -1317.66 184.55 0.0 38221.0 0.0 1002
527.03 -644.54 -1317.61 172.16 0.0 37722.0 0.0 1002
527.05 -651.51 -1317.64 158.61 0.0 37269.0 0.0 1002
527.07 -659.97 -1317.78 141.86 0.0 37136.0 0.0 1002
527.08 -667.44 -1317.99 126.8 0.0 37491.0 0.0 1002
527.1 -675.4 -1318.3 110.45 0.0 38095.0 0.0 1002
527.12 -683.36 -1318.69 93.8 0.0 38795.0 0.0 1002
527.13 -690.69 -1319.25 88.73 0.0 39528.0 0.0 1002
527.15 -697.83 -1320.58 88.73 0.0 40361.0 0.0 1028
527.17 -704.82 -1322.54 88.73 0.0 41107.0 0.0 1028
527.18 -710.62 -1325.45 88.73 0.0 41885.0 0.0 1028
527.2 -715.69 -1329.3 88.73 0.0 42491.0 0.0 1028
527.21 -719.76 -1333.55 88.73 0.0 43126.0 0.0 1028
527.22 -723.2 -1338.39 88.73 0.0 43790.0 0.0 1028
527.24 -726.03 -1343.76 88.73 0.0 44323.0 0.0 1028
527.25 -728.1 -1349.1 88.73 0.0 44958.0 0.0 1028
527.27 -729.71 -1355.18 88.73 0.0 45593.0 0.0 1028
527.28 -730.67 -1361.4 88.73 0.0 46228.0 0.0 1028
527.29 -731.02 -1367.68 88.73 0.0 46834.0 0.0 1028
527.31 -730.79 -1373.97 88.73 0.0 47425.0 0.0 1028
527.32 -729.91 -1380.69 88.73 0.0 47851.0 0.0 1028
527.34 -728.72 -1386.37 88.73 0.0 48342.0 0.0 1028
527.35 -726.98 -1392.42 88.73 0.0 48768.0 0.0 1028
527.36 -725.0 -1397.88 88.73 0.0 49230.0 0.0 1028
527.38 -722.47 -1403.64 88.73 0.0 49656.0 0.0 1028
527.39 -719.82 -1408.81 88.73 0.0 49976.0 0.0 1028
527.4 -716.89 -1413.83 88.73 0.0 50349.0 0.0 1028
527.42 -713.7 -1418.68 88.73 0.0 50618.0 0.0 1028
527.43 -710.58 -1422.99 88.73 0.0 50862.0 0.0 1028
527.44 -707.27 -1427.17 88.73 0.0 51128.0 0.0 1003
527.45 -703.47 -1431.56 88.73 0.0 51372.0 0.0 1003
527.47 -699.84 -1435.45 88.73 0.0 51665.0 0.0 1003
527.48 -696.07 -1439.21 88.73 0.0 51984.0 0.0 1003
527.49 -692.17 -1442.84 88.73 0.0 52391.0 0.0 1003
527.5 -687.4 -1446.94 88.73 0.0 52735.0 0.0 1003
527.52 -683.25 -1450.27 88.73 0.0 53164.0 0.0 1003
527.53 -678.59 -1453.73 88.73 0.0 53582.0 0.0 1003
527.54 -674.21 -1456.76 88.73 0.0 54024.0 0.0 1003
527.55 -669.73 -1459.63 88.73 0.0 54426.0 0.0 1003
527.57 -665.57 -1462.11 88.73 0.0 54828.0 0.0 1003
527.58 -660.46 -1464.87 88.73 0.0 55185.0 0.0 1003
527.59 -656.13 -1467.04 88.73 0.0 55529.0 0.0 1003
527.6 -651.28 -1469.24 88.73 0.0 55931.0 0.0 1003
527.61 -645.9 -1471.43 88.73 0.0 56154.0 0.0 1003
527.63 -641.36 -1473.1 88.73 0.0 56473.0 0.0 1003
527.64 -636.52 -1475.33 88.73 0.0 56719.0 0.0 1003
527.65 -631.83 -1477.84 88.73 0.0 56965.0 0.0 1003
527.66 -627.28 -1480.6 88.73 0.0 57233.0 0.0 1003
527.67 -622.44 -1483.81 88.73 0.0 57380.0 0.0 1003
527.69 -618.1 -1486.89 88.73 0.0 57576.0 0.0 1003
527.7 -613.83 -1490.08 88.73 0.0 57772.0 0.0 1003
527.71 -609.62 -1493.33 88.73 0.0 58067.0 0.0 1003
527.72 -605.45 -1496.64 88.73 0.0 58263.0 0.0 1003
527.74 -601.3 -1499.98 88.73 0.0 58607.0 0.0 1003
527.75 -597.16 -1503.33 88.73 0.0 58902.0 0.0 1003
527.76 -593.6 -1506.21 88.73 0.0 59170.0 0.0 1003
527.77 -590.79 -1508.49 88.73 0.0 59514.0 0.0 1003
527.79 -588.72 -1510.17 88.73 0.0 59858.0 0.0 1003
527.8 -587.04 -1511.52 88.73 0.0 60153.0 0.0 1003
527.81 -585.69 -1512.62 88.73 0.0 60571.0 0.0 1003
527.82 -584.6 -1513.5 88.73 0.0 60915.0 0.0 1003
527.83 -583.73 -1514.21 88.73 0.0 61309.0 0.0 1003
527.85 -583.02 -1514.78 88.73 0.0 61629.0 0.0 1003
527.86 -582.45 -1515.24 88.73 0.0 62023.0 0.0 1003
527.87 -581.99 -1515.62 88.73 0.0 62269.0 0.0 1003
527.88 -581.61 -1515.92 88.73 0.0 62663.0 0.0 1003
527.9 -581.32 -1516.16 88.73 0.0 63039.0 0.0 1003
527.91 -581.06 -1516.37 88.73 0.0 63334.0 0.0 1003
527.92 -580.87 -1516.52 88.73 0.0 63777.0 0.0 1003
527.93 -580.71 -1516.65 88.73 0.0 64126.0 0.0 1003
527.95 -580.58 -1516.75 88.73 0.0 64555.0 0.0 1003
527.96 -580.48 -1516.84 88.73 0.0 64957.0 0.0 1003
527.97 -580.53 -1516.42 88.73 0.0 1393.0 0.0 1003
527.98 -580.63 -1515.69 88.73 0.0 1393.0 0.0 1003
528.0 -580.78 -1514.6 88.73 0.0 1393.0 0.0 1003
528.01 -580.97 -1513.15 88.73 0.0 1393.0 0.0 1003
528.02 -581.24 -1511.17 88.73 0.0 1393.0 0.0 1003
528.04 -581.53 -1508.99 88.73 0.0 1393.0 0.0 1003
528.05 -581.87 -1506.46 88.73 0.0 1393.0 0.0 1003
528.06 -582.26 -1503.57 88.73 0.0 1393.0 0.0 1003
528.08 -582.69 -1500.33 88.73 0.0 1393.0 0.0 1003
528.09 -583.18 -1496.73 88.73 0.0 1393.0 0.0 1003
528.1 -583.76 -1492.42 88.73 0.0 1393.0 0.0 1003
528.12 -584.34 -1488.09 88.73 0.0 1393.0 0.0 1003
528.13 -584.97 -1483.4 88.73 0.0 1393.0 0.0 1003
528.14 -585.64 -1478.36 88.73 0.0 1393.0 0.0 1003
528.16 -586.37 -1472.97 88.73 0.0 1393.0 0.0 1003
528.17 -587.2 -1466.73 88.73 0.0 1393.0 0.0 1003
528.18 -587.98 -1460.98 88.73 0.0 1393.0 0.0 1003
528.2 -588.75 -1455.22 88.73 0.0 1393.0 0.0 1003
528.21 -589.52 -1449.46 88.73 0.0 1393.0 0.0 1003
528.22 -590.3 -1443.71 88.73 0.0 1584.0 0.0 1003
528.24 -591.13 -1437.47 88.73 0.0 1691.0 0.0 1003
528.25 -591.92 -1431.72 88.73 0.0 1837.0 0.0 1003
528.26 -592.81 -1425.49 88.73 0.0 2034.0 0.0 1003
528.28 -593.58 -1420.22 88.73 0.0 2303.0 0.0 1003
528.29 -594.47 -1414.48 88.73 0.0 2464.0 0.0 1003
528.3 -595.42 -1408.75 88.73 0.0 2661.0 0.0 1003
528.32 -596.34 -1403.51 88.73 0.0 2768.0 0.0 1003
528.33 -597.42 -1397.8 88.73 0.0 2821.0 0.0 1003
528.34 -598.57 -1392.11 88.73 0.0 2821.0 0.0 1002
528.35 -599.68 -1386.9 88.73 0.0 2859.0 0.0 1002
528.37 -601.05 -1380.76 88.73 0.0 2859.0 0.0 1002
528.38 -602.26 -1375.57 88.73 0.0 2859.0 0.0 1002
528.39 -603.61 -1369.93 88.73 0.0 2897.0 0.0 1002
528.4 -604.88 -1364.76 88.73 0.0 2897.0 0.0 1002
528.42 -606.17 -1359.59 88.73 0.0 2897.0 0.0 1002
528.43 -607.62 -1353.97 88.73 0.0 2935.0 0.0 1002
528.44 -608.96 -1348.81 88.73 0.0 2935.0 0.0 1002
528.45 -610.32 -1343.67 88.73 0.0 2935.0 0.0 1002
528.47 -611.7 -1338.52 88.73 0.0 2935.0 0.0 1002
528.48 -613.22 -1332.92 88.73 0.0 2935.0 0.0 1002
528.49 -614.63 -1327.78 88.73 0.0 2935.0 0.0 1002
528.5 -616.04 -1322.65 88.73 0.0 2935.0 0.0 1002
528.52 -617.6 -1317.06 88.73 0.0 2935.0 0.0 1002
528.53 -619.03 -1311.93 88.73 0.0 2935.0 0.0 1002
528.54 -619.92 -1306.68 88.73 0.0 2935.0 0.0 1002
528.55 -620.31 -1301.37 88.73 0.0 2935.0 0.0 1002
528.56 -620.27 -1296.05 88.73 0.0 2935.0 0.0 1002
528.58 -619.93 -1291.22 88.73 0.0 2935.0 0.0 1002
528.59 -619.23 -1285.94 88.73 0.0 2935.0 0.0 1002
528.6 -618.36 -1281.18 88.73 0.0 2935.0 0.0 1002
528.61 -617.15 -1275.99 88.73 0.0 2935.0 0.0 1002
528.62 -615.75 -1270.86 88.73 0.0 2935.0 0.0 1002
528.63 -614.33 -1266.23 88.73 0.0 2935.0 0.0 1002
528.65 -612.61 -1261.19 88.73 0.0 2935.0 0.0 1002
528.66 -610.94 -1256.65 88.73 0.0 2935.0 0.0 1002
528.67 -609.0 -1251.69 88.73 0.0 2935.0 0.0 1002
528.68 -607.16 -1247.22 88.73 0.0 2935.0 0.0 1002
528.69 -605.25 -1242.77 88.73 0.0 2935.0 0.0 1002
528.7 -603.28 -1238.35 88.73 0.0 2935.0 0.0 1002
528.71 -601.26 -1233.95 88.73 0.0 2935.0 0.0 1002
528.72 -598.99 -1229.13 88.73 0.0 2935.0 0.0 1002
528.74 -597.1 -1225.21 88.73 0.0 2935.0 0.0 1002
528.75 -594.75 -1220.43 88.73 0.0 2935.0 0.0 1002
528.76 -592.59 -1216.1 88.73 0.0 2935.0 0.0 1002
528.77 -590.41 -1211.78 88.73 0.0 2935.0 0.0 1002
528.78 -588.42 -1207.9 88.73 0.0 2935.0 0.0 1002
528.79 -586.2 -1203.6 88.73 0.0 2935.0 0.0 1002
528.8 -583.96 -1199.31 88.73 0.0 2935.0 0.0 1002
528.81 -581.71 -1195.03 88.73 0.0 2935.0 0.0 1002
528.82 -579.45 -1190.75 88.73 0.0 2935.0 0.0 1002
528.83 -577.18 -1186.47 88.73 0.0 2935.0 0.0 1002
528.84 -574.9 -1182.2 88.73 0.0 2935.0 0.0 1002
528.86 -572.61 -1177.94 88.73 0.0 2935.0 0.0 1002
528.87 -570.31 -1173.68 88.73 0.0 2935.0 0.0 1002
528.88 -568.24 -1169.85 88.73 0.0 2935.0 0.0 1002
528.89 -565.94 -1165.59 88.73 0.0 2935.0 0.0 1002
528.9 -563.63 -1161.34 88.73 0.0 2935.0 0.0 1002
528.91 -561.31 -1157.09 88.73 0.0 2935.0 0.0 1001
528.92 -558.99 -1152.84 88.73 0.0 2935.0 0.0 1001
528.93 -556.67 -1148.59 88.73 0.0 2935.0 0.0 1001
528.94 -554.58 -1144.77 88.73 0.0 2935.0 0.0 1001
528.95 -552.26 -1140.52 88.73 0.0 2935.0 0.0 1001
528.96 -549.93 -1136.28 88.73 0.0 2935.0 0.0 1001
528.97 -547.61 -1132.03 88.73 0.0 2935.0 0.0 1001
528.99 -545.28 -1127.79 88.73 0.0 2935.0 0.0 1001
529.0 -542.95 -1123.55 88.73 0.0 2935.0 0.0 1001
529.01 -540.61 -1119.31 88.73 0.0 2935.0 0.0 1001
529.02 -538.05 -1114.64 88.73 0.0 2935.0 0.0 1001
529.03 -535.72 -1110.4 88.73 0.0 2935.0 0.0 1001
529.04 -533.61 -1106.59 88.73 0.0 2935.0 0.0 1001
529.05 -531.28 -1102.35 88.73 0.0 2935.0 0.0 1001
529.06 -528.94 -1098.11 88.73 0.0 2935.0 0.0 1001
529.07 -526.21 -1094.12 88.73 0.0 2935.0 0.0 1001
529.08 -523.47 -1090.73 88.73 0.0 2935.0 0.0 1001
529.09 -520.15 -1087.21 88.73 0.0 2859.0 0.0 1001
529.11 -516.6 -1083.92 88.73 0.0 2725.0 0.0 1001
529.12 -512.85 -1080.86 88.73 0.0 2591.0 0.0 1001
529.13 -508.94 -1078.01 88.73 0.0 2431.0 0.0 1001
529.14 -505.23 -1075.93 88.73 0.0 2259.0 0.0 1001
529.15 -500.45 -1074.05 88.73 0.0 2139.0 0.0 1001
529.16 -496.4 -1072.92 88.73 0.0 1961.0 0.0 1001
529.17 -491.74 -1072.14 88.73 0.0 1827.0 0.0 1001
529.18 -486.95 -1071.8 88.73 0.0 1705.0 0.0 1001
529.19 -481.63 -1071.92 88.73 0.0 1558.0 0.0 1001
529.2 -476.33 -1072.49 88.73 0.0 1478.0 0.0 1001
529.22 -472.04 -1073.22 88.73 0.0 1434.0 0.0 1001
529.23 -467.33 -1074.33 88.73 0.0 1385.0 0.0 1001
529.24 -462.22 -1075.85 88.73 0.0 1345.0 0.0 1001
529.25 -458.11 -1077.27 88.73 0.0 1296.0 0.0 1001
529.26 -453.16 -1079.24 88.73 0.0 1247.0 0.0 1001
529.27 -448.3 -1081.41 88.73 0.0 1247.0 0.0 1001
529.28 -443.94 -1083.52 88.73 0.0 1209.0 0.0 1001
529.29 -440.07 -1085.52 88.73 0.0 1209.0 0.0 1001
529.3 -435.83 -1087.85 88.73 0.0 1171.0 0.0 1001
529.32 -431.64 -1090.28 88.73 0.0 1171.0 0.0 1001
529.33 -427.5 -1092.79 88.73 0.0 1171.0 0.0 1001
529.34 -423.17 -1094.94 88.73 0.0 1171.0 0.0 1001
529.35 -419.15 -1096.62 88.73 0.0 1171.0 0.0 1001
529.36 -414.57 -1098.19 88.73 0.0 1171.0 0.0 1001
529.37 -409.91 -1099.49 88.73 0.0 1171.0 0.0 1001
529.38 -405.67 -1100.47 88.73 0.0 1171.0 0.0 1001
529.39 -400.91 -1101.35 88.73 0.0 1171.0 0.0 1001
529.4 -395.15 -1102.15 85.9 0.0 1171.0 0.0 1001
529.41 -390.82 -1102.61 83.68 0.0 1171.0 0.0 1001
529.42 -386.0 -1102.99 81.21 0.0 1171.0 0.0 1001
529.43 -381.16 -1103.25 78.73 0.0 1171.0 0.0 1001
529.44 -376.81 -1103.4 76.5 0.0 1171.0 0.0 1001
529.46 -371.97 -1103.47 74.01 0.0 1171.0 0.0 1001
529.47 -367.13 -1103.46 71.53 0.0 1171.0 0.0 1001
529.48 -362.29 -1103.37 69.05 0.0 1171.0 0.0 1001
529.49 -356.97 -1103.21 69.05 0.0 1171.0 0.0 1051
529.5 -352.62 -1103.04 69.05 0.0 1171.0 0.0 1051
529.51 -347.78 -1102.79 69.05 0.0 1171.0 0.0 1051
529.52 -342.47 -1102.48 69.05 0.0 1171.0 0.0 1051
529.53 -338.12 -1102.2 69.05 0.0 1171.0 0.0 1051
529.54 -333.3 -1101.85 69.05 0.0 1171.0 0.0 1051
529.55 -328.95 -1101.52 69.05 0.0 1171.0 0.0 1051
529.56 -324.61 -1101.17 69.05 0.0 1171.0 0.0 1051
529.57 -320.27 -1100.8 69.05 0.0 1171.0 0.0 1051
529.58 -315.93 -1100.42 69.05 0.0 1171.0 0.0 1051
529.59 -311.59 -1100.03 69.05 0.0 1171.0 0.0 1051
529.6 -307.25 -1099.62 69.05 0.0 1171.0 0.0 1051
529.61 -302.92 -1099.21 69.05 0.0 1171.0 0.0 1051
529.62 -298.58 -1098.79 69.05 0.0 1171.0 0.0 1051
529.63 -294.25 -1098.35 69.05 0.0 1171.0 0.0 1051
529.64 -289.91 -1097.92 69.05 0.0 1171.0 0.0 1051
529.65 -285.58 -1097.47 69.05 0.0 1171.0 0.0 1051
529.66 -281.25 -1097.03 69.05 0.0 1171.0 0.0 1051
529.67 -276.92 -1096.57 69.05 0.0 1171.0 0.0 1051
529.68 -272.58 -1096.11 69.05 0.0 1171.0 0.0 1051
529.69 -268.73 -1095.71 69.05 0.0 1171.0 0.0 1051
529.7 -264.4 -1095.24 69.05 0.0 1171.0 0.0 1051
529.71 -260.07 -1094.78 69.05 0.0 1056.0 0.0 1051
529.72 -255.74 -1094.31 69.05 0.0 976.0 0.0 1051
529.73 -251.41 -1093.84 69.05 0.0 936.0 0.0 1051
529.74 -247.08 -1093.38 69.05 0.0 856.0 0.0 1051
529.75 -242.75 -1092.93 69.05 0.0 776.0 0.0 1051
529.76 -238.41 -1092.49 69.05 0.0 736.0 0.0 1051
529.77 -234.08 -1092.07 69.05 0.0 701.0 0.0 1051
529.78 -230.22 -1091.7 69.05 0.0 621.0 0.0 1051
529.79 -225.94 -1090.92 69.05 0.0 621.0 0.0 1051
529.8 -221.72 -1089.82 69.05 0.0 621.0 0.0 1051
529.81 -217.59 -1088.44 69.05 0.0 621.0 0.0 1051
529.82 -213.99 -1087.01 69.05 0.0 621.0 0.0 1051
529.83 -210.04 -1085.19 69.05 0.0 583.0 0.0 1051
529.84 -206.59 -1083.42 69.05 0.0 583.0 0.0 1051
529.85 -202.81 -1081.26 69.05 0.0 583.0 0.0 1051
529.85 -199.11 -1078.96 69.05 0.0 583.0 0.0 1051
529.86 -195.89 -1076.81 69.05 0.0 583.0 0.0 1051
529.87 -192.33 -1074.29 69.05 0.0 583.0 0.0 1051
529.88 -189.23 -1071.98 69.05 0.0 545.0 0.0 1051
529.89 -185.8 -1069.29 69.05 0.0 511.0 0.0 1051
529.9 -182.8 -1066.85 69.05 0.0 511.0 0.0 1051
529.91 -179.83 -1064.36 69.05 0.0 473.0 0.0 1051
529.92 -176.54 -1061.5 69.05 0.0 433.0 0.0 1051
529.93 -173.3 -1058.6 69.05 0.0 398.0 0.0 1051
529.94 -170.43 -1055.99 69.05 0.0 358.0 0.0 1051
529.95 -167.25 -1053.02 69.05 0.0 318.0 0.0 1051
529.96 -164.08 -1050.03 69.05 0.0 283.0 0.0 1051
529.97 -161.29 -1047.35 69.05 0.0 243.0 0.0 1051
529.98 -157.9 -1044.6 69.05 0.0 208.0 0.0 1051
529.99 -154.74 -1042.37 69.05 0.0 128.0 0.0 1051
530.0 -151.02 -1040.11 69.05 0.0 48.0 0.0 1051
530.0 -147.16 -1038.08 69.05 0.0 65477.0 0.0 1051
530.01 -143.65 -1036.45 69.05 0.0 65397.0 0.0 1051
530.02 -139.61 -1034.83 69.05 0.0 65255.0 0.0 1051
530.03 -135.96 -1033.53 69.05 0.0 65075.0 0.0 1069
530.04 -131.79 -1032.26 69.05 0.0 64915.0 0.0 1069
530.05 -127.58 -1031.15 69.05 0.0 64715.0 0.0 1069
530.06 -123.33 -1030.2 69.05 0.0 64501.0 0.0 1069
530.07 -119.53 -1029.48 69.05 0.0 64220.0 0.0 1069
530.08 -115.22 -1028.81 69.05 0.0 63979.0 0.0 1069
530.09 -110.9 -1028.28 69.05 0.0 63729.0 0.0 1069
530.1 -107.04 -1027.93 69.05 0.0 63408.0 0.0 1069
530.11 -102.69 -1027.66 69.05 0.0 63158.0 0.0 1069
530.12 -99.31 -1027.54 69.05 0.0 62873.0 0.0 1069
530.13 -95.44 -1027.51 69.05 0.0 62588.0 0.0 1069
530.13 -91.56 -1027.59 69.05 0.0 62267.0 0.0 1069
530.14 -87.7 -1027.78 69.05 0.0 61910.0 0.0 1069
530.15 -83.84 -1028.07 69.05 0.0 61598.0 0.0 1069
530.16 -80.47 -1028.41 69.05 0.0 61170.0 0.0 1069
530.17 -76.63 -1028.92 69.05 0.0 60742.0 0.0 1069
530.18 -72.81 -1029.54 69.05 0.0 60314.0 0.0 1069
530.19 -69.0 -1030.28 69.05 0.0 59850.0 0.0 1069
530.2 -65.23 -1031.15 69.05 0.0 59422.0 0.0 1069
530.2 -61.49 -1032.14 69.05 0.0 58994.0 0.0 1069
530.21 -57.78 -1033.26 69.05 0.0 58530.0 0.0 1069
530.22 -54.12 -1034.51 69.05 0.0 58048.0 0.0 1069
530.23 -50.06 -1036.09 69.05 0.0 57620.0 0.0 1069
530.24 -46.5 -1037.62 69.05 0.0 57156.0 0.0 1069
530.25 -43.0 -1039.28 69.05 0.0 56728.0 0.0 1069
530.26 -39.57 -1041.07 69.05 0.0 56246.0 0.0 1069
530.27 -35.8 -1043.25 69.05 0.0 55746.0 0.0 1069
530.28 -32.52 -1045.32 69.05 0.0 55077.0 0.0 1069
530.29 -28.56 -1048.1 69.05 0.0 54475.0 0.0 1069
530.3 -24.75 -1051.08 69.05 0.0 53850.0 0.0 1069
530.31 -21.09 -1054.25 69.05 0.0 53328.0 0.0 1069
530.32 -17.94 -1057.26 69.05 0.0 52766.0 0.0 1069
530.33 -14.94 -1060.41 69.05 0.0 52141.0 0.0 1069
530.34 -11.8 -1064.09 69.05 0.0 51516.0 0.0 1069
530.35 -8.86 -1067.94 69.05 0.0 50891.0 0.0 1069
530.36 -6.14 -1071.94 69.05 0.0 50311.0 0.0 1069
530.38 -3.65 -1076.09 69.05 0.0 49686.0 0.0 1070
530.39 -1.39 -1080.37 69.05 0.0 49106.0 0.0 1070
530.4 0.62 -1084.78 69.05 0.0 48571.0 0.0 1070
530.41 2.39 -1089.28 69.05 0.0 48036.0 0.0 1070
530.42 3.89 -1093.88 69.05 0.0 47514.0 0.0 1070
530.43 5.04 -1098.08 69.05 0.0 46950.0 0.0 1070
530.44 6.14 -1103.29 69.05 0.0 46214.0 0.0 1070
530.46 6.92 -1108.56 69.05 0.0 45464.0 0.0 1070
530.47 7.39 -1114.35 69.05 0.0 44554.0 0.0 1070
530.48 7.47 -1120.16 69.05 0.0 43398.0 0.0 1070
530.5 7.01 -1126.92 69.05 0.0 42434.0 0.0 1070
530.51 6.19 -1132.67 69.05 0.0 41245.0 0.0 1070
530.53 4.78 -1138.8 69.05 0.0 40228.0 0.0 1070
530.54 3.03 -1144.34 69.05 0.0 39077.0 0.0 1070
530.55 0.82 -1149.71 69.05 0.0 37997.0 0.0 1070
530.56 -1.6 -1154.45 69.05 0.0 36966.0 0.0 1070
530.57 -4.4 -1158.98 69.05 0.0 35984.0 0.0 1070
530.59 -7.58 -1163.25 69.05 0.0 35020.0 0.0 1070
530.6 -11.48 -1167.56 69.05 0.0 34087.0 0.0 1070
530.61 -14.35 -1170.74 69.05 0.0 33253.0 0.0 1070
530.63 -16.67 -1173.31 69.05 0.0 32477.0 0.0 1070
530.64 -18.67 -1175.52 69.05 0.0 31839.0 0.0 1070
530.65 -20.15 -1177.16 69.05 0.0 31304.0 0.0 1070
530.66 -21.25 -1178.38 69.05 0.0 30912.0 0.0 1070
530.67 -22.23 -1179.47 69.05 0.0 30667.0 0.0 1070
530.69 -23.02 -1180.34 69.05 0.0 30453.0 0.0 1070
530.7 -23.7 -1181.1 69.05 0.0 30320.0 0.0 1070
530.71 -24.17 -1181.62 69.05 0.0 30213.0 0.0 1070
530.72 -24.61 -1182.11 69.05 0.0 30164.0 0.0 1070
530.73 -24.94 -1182.47 69.05 0.0 30164.0 0.0 1070
530.75 -25.2 -1182.76 69.05 0.0 30164.0 0.0 1070
530.76 -25.4 -1182.98 69.05 0.0 30164.0 0.0 1070
530.77 -25.58 -1183.17 69.05 0.0 30164.0 0.0 1070
530.78 -25.72 -1183.33 69.05 0.0 30164.0 0.0 1070
530.79 -25.83 -1183.46 69.05 0.0 30164.0 0.0 1070
530.81 -25.92 -1183.56 69.05 0.0 30164.0 0.0 1070
530.82 -26.21 -1183.48 69.05 0.0 30164.0 0.0 1070
530.84 -26.8 -1183.33 69.05 0.0 30126.0 0.0 1070
530.85 -27.67 -1183.11 69.05 0.0 30037.0 0.0 1070
530.86 -28.7 -1182.85 69.05 0.0 29840.0 0.0 1070
530.87 -30.12 -1182.48 69.05 0.0 29594.0 0.0 1070
530.88 -31.84 -1182.02 69.05 0.0 29280.0 0.0 1070
530.9 -33.63 -1181.53 69.05 0.0 28850.0 0.0 1070
530.91 -36.11 -1180.8 69.05 0.0 28402.0 0.0 1070
530.92 -38.4 -1180.09 69.05 0.0 28008.0 0.0 1070
530.93 -41.19 -1179.15 69.05 0.0 27663.0 0.0 1070
530.94 -44.23 -1178.05 69.05 0.0 27565.0 0.0 1070
530.96 -47.51 -1176.77 69.05 0.0 27623.0 0.0 1070
530.97 -51.74 -1175.0 69.05 0.0 27802.0 0.0 1049
530.98 -55.2 -1173.49 69.05 0.0 27802.0 0.0 1049
530.99 -59.65 -1171.49 69.05 0.0 27802.0 0.0 1049
531.01 -63.99 -1169.5 69.05 0.0 27802.0 0.0 1049
531.02 -68.58 -1167.35 69.05 0.0 27802.0 0.0 1049
531.03 -73.39 -1165.07 69.05 0.0 27802.0 0.0 1049
531.04 -78.19 -1162.76 69.05 0.0 27802.0 0.0 1049
531.05 -82.98 -1160.44 69.05 0.0 27802.0 0.0 1049
531.07 -87.76 -1158.1 69.05 0.0 27802.0 0.0 1049
531.08 -92.53 -1155.74 69.05 0.0 27802.0 0.0 1049
531.09 -97.3 -1153.37 69.05 0.0 27802.0 0.0 1049
531.1 -102.06 -1150.99 69.05 0.0 27802.0 0.0 1049
531.12 -106.82 -1148.6 69.05 0.0 27802.0 0.0 1049
531.13 -112.01 -1145.99 69.05 0.0 27802.0 0.0 1049
531.14 -117.19 -1143.36 69.05 0.0 27802.0 0.0 1049
531.16 -122.37 -1140.74 69.05 0.0 27802.0 0.0 1049
531.17 -127.55 -1138.1 69.05 0.0 27802.0 0.0 1049
531.18 -132.29 -1135.68 69.05 0.0 27802.0 0.0 1049
531.2 -137.46 -1133.04 69.05 0.0 27955.0 0.0 1049
531.21 -143.06 -1130.18 69.05 0.0 28496.0 0.0 1048
531.22 -147.81 -1127.76 69.05 0.0 28873.0 0.0 1048
531.23 -153.44 -1124.96 69.05 0.0 29096.0 0.0 1048
531.25 -157.8 -1122.86 69.05 0.0 29391.0 0.0 1048
531.26 -163.07 -1120.42 69.05 0.0 29592.0 0.0 1048
531.27 -167.05 -1118.64 69.05 0.0 29887.0 0.0 1048
531.28 -171.94 -1116.54 69.05 0.0 30206.0 0.0 1048
531.29 -176.88 -1114.54 69.05 0.0 30451.0 0.0 1048
531.3 -181.85 -1112.64 69.05 0.0 30763.0 0.0 1048
531.32 -186.4 -1111.0 69.05 0.0 31053.0 0.0 1048
531.33 -192.37 -1109.01 69.05 0.0 31397.0 0.0 1048
531.34 -197.46 -1107.45 69.05 0.0 31692.0 0.0 1048
531.35 -202.59 -1106.01 69.05 0.0 32036.0 0.0 1048
531.36 -207.75 -1104.7 69.05 0.0 32393.0 0.0 1048
531.38 -212.46 -1103.62 69.05 0.0 32750.0 0.0 1048
531.39 -217.21 -1102.65 69.05 0.0 33192.0 0.0 1051
531.4 -222.45 -1101.74 69.05 0.0 33594.0 0.0 1051
531.41 -227.24 -1101.05 69.05 0.0 33951.0 0.0 1051
531.42 -232.05 -1100.49 69.05 0.0 34467.0 0.0 1051
531.43 -237.36 -1100.06 69.05 0.0 34869.0 0.0 1051
531.44 -242.19 -1099.82 69.05 0.0 35316.0 0.0 1051
531.46 -247.03 -1099.74 69.05 0.0 35686.0 0.0 1051
531.47 -252.35 -1099.85 69.05 0.0 36081.0 0.0 1051
531.48 -257.67 -1100.16 69.05 0.0 36305.0 0.0 1051
531.49 -262.49 -1100.61 69.05 0.0 36601.0 0.0 1051
531.5 -267.77 -1101.29 69.05 0.0 36780.0 0.0 1051
531.51 -272.55 -1102.06 69.05 0.0 37027.0 0.0 1051
531.53 -277.77 -1103.07 69.05 0.0 37188.0 0.0 1051
531.54 -283.43 -1104.37 69.05 0.0 37286.0 0.0 1051
531.55 -288.59 -1105.71 69.05 0.0 37384.0 0.0 1051
531.56 -293.7 -1107.18 69.05 0.0 37458.0 0.0 1051
531.57 -298.78 -1108.77 69.05 0.0 37458.0 0.0 1051
531.59 -303.37 -1110.31 69.05 0.0 37496.0 0.0 1051
531.6 -308.39 -1112.09 69.05 0.0 37496.0 0.0 1051
531.61 -313.38 -1113.95 69.05 0.0 37496.0 0.0 1051
531.62 -317.89 -1115.71 69.05 0.0 37496.0 0.0 1051
531.63 -323.28 -1117.88 69.05 0.0 37496.0 0.0 1051
531.65 -327.75 -1119.73 69.05 0.0 37496.0 0.0 1051
531.66 -332.65 -1121.81 69.05 0.0 37496.0 0.0 1051
531.67 -337.54 -1123.92 69.05 0.0 37496.0 0.0 1051
531.68 -342.41 -1126.07 69.05 0.0 37496.0 0.0 1051
531.69 -347.27 -1128.25 69.05 0.0 37496.0 0.0 1051
531.71 -352.12 -1130.44 69.05 0.0 37496.0 0.0 1051
531.72 -357.4 -1132.87 69.05 0.0 37496.0 0.0 1051
531.73 -362.67 -1135.31 69.05 0.0 37496.0 0.0 1001
531.75 -367.49 -1137.56 71.72 0.0 37496.0 0.0 1001
531.76 -372.31 -1139.82 74.19 0.0 37496.0 0.0 1001
531.77 -377.56 -1142.3 76.88 0.0 37496.0 0.0 1001
531.78 -382.37 -1144.58 79.35 0.0 37496.0 0.0 1001
531.8 -387.62 -1147.08 82.04 0.0 37496.0 0.0 1001
531.81 -392.42 -1149.37 84.5 0.0 37496.0 0.0 1001
531.82 -397.22 -1151.67 86.96 0.0 37496.0 0.0 1001
531.83 -402.46 -1154.19 88.9 0.0 37496.0 0.0 1001
531.85 -407.25 -1156.5 88.9 0.0 37496.0 0.0 1001
531.86 -412.05 -1158.81 88.9 0.0 37496.0 0.0 1001
531.87 -417.28 -1161.34 88.9 0.0 37496.0 0.0 1001
531.88 -422.07 -1163.65 88.9 0.0 37496.0 0.0 1001
531.9 -427.3 -1166.19 88.9 0.0 37496.0 0.0 1001
531.91 -432.09 -1168.51 88.9 0.0 37496.0 0.0 1001
531.92 -436.88 -1170.83 88.9 0.0 37496.0 0.0 1001
531.93 -442.11 -1173.37 88.9 0.0 37496.0 0.0 1001
531.95 -446.9 -1175.69 88.9 0.0 37496.0 0.0 1001
531.96 -452.12 -1178.23 88.9 0.0 37496.0 0.0 1001
531.97 -456.91 -1180.56 88.9 0.0 37496.0 0.0 1001
531.98 -462.13 -1183.1 88.9 0.0 37496.0 0.0 1001
532.0 -467.36 -1185.64 88.9 0.0 37496.0 0.0 1001
532.01 -472.14 -1187.96 88.9 0.0 37496.0 0.0 1001
532.02 -477.37 -1190.51 88.9 0.0 37496.0 0.0 1001
532.04 -482.59 -1193.05 88.9 0.0 37496.0 0.0 1002
532.05 -487.37 -1195.38 88.9 0.0 37496.0 0.0 1002
532.06 -493.47 -1198.34 88.9 0.0 37496.0 0.0 1002
532.08 -498.25 -1200.67 88.9 0.0 37496.0 0.0 1002
532.09 -503.48 -1203.21 88.9 0.0 37496.0 0.0 1002
532.1 -508.7 -1205.76 88.9 0.0 37496.0 0.0 1002
532.12 -513.48 -1208.09 88.9 0.0 37496.0 0.0 1002
532.13 -519.14 -1210.84 88.9 0.0 37496.0 0.0 1002
532.14 -524.03 -1213.97 88.9 0.0 37496.0 0.0 1002
532.16 -528.59 -1217.58 88.9 0.0 37496.0 0.0 1002
532.17 -532.81 -1221.57 88.9 0.0 37496.0 0.0 1002
532.18 -536.73 -1225.86 88.9 0.0 37496.0 0.0 1002
532.2 -540.64 -1230.78 88.9 0.0 37496.0 0.0 1002
532.21 -544.01 -1235.51 88.9 0.0 37496.0 0.0 1002
532.22 -547.17 -1240.39 88.9 0.0 37496.0 0.0 1002
532.24 -550.13 -1245.38 88.9 0.0 37496.0 0.0 1002
532.25 -552.94 -1250.47 88.9 0.0 37496.0 0.0 1002
532.26 -555.82 -1256.06 88.9 0.0 37496.0 0.0 1002
532.28 -558.36 -1261.28 88.9 0.0 37496.0 0.0 1002
532.29 -561.0 -1267.0 88.9 0.0 37381.0 0.0 1002
532.31 -563.53 -1272.75 88.9 0.0 37205.0 0.0 1002
532.32 -566.0 -1278.54 88.9 0.0 37029.0 0.0 1002
532.33 -568.43 -1284.35 88.9 0.0 36853.0 0.0 1002
532.35 -570.83 -1290.16 88.9 0.0 36601.0 0.0 1002
532.36 -573.43 -1296.42 88.9 0.0 36385.0 0.0 1002
532.38 -575.67 -1301.78 88.9 0.0 36169.0 0.0 1002
532.39 -577.95 -1307.12 88.9 0.0 35899.0 0.0 1002
532.41 -580.87 -1313.77 88.9 0.0 35678.0 0.0 1002
532.42 -584.47 -1319.51 88.9 0.0 35473.0 0.0 1002
532.44 -588.42 -1324.41 88.9 0.0 35284.0 0.0 1002
532.45 -593.23 -1329.18 88.9 0.0 35081.0 0.0 1002
532.47 -598.87 -1333.74 88.9 0.0 34955.0 0.0 1002
532.49 -604.48 -1337.56 88.9 0.0 34820.0 0.0 1002
532.5 -610.76 -1341.19 88.9 0.0 34753.0 0.0 1002
532.52 -617.27 -1344.41 88.9 0.0 34690.0 0.0 1002
532.53 -623.48 -1347.13 88.9 0.0 34623.0 0.0 1002
532.55 -630.25 -1349.74 88.9 0.0 34556.0 0.0 1002
532.57 -637.12 -1352.1 88.9 0.0 34484.0 0.0 1002
532.59 -644.52 -1354.37 88.9 0.0 34484.0 0.0 1002
532.6 -651.51 -1356.33 88.9 0.0 34446.0 0.0 1002
532.62 -658.54 -1358.13 88.9 0.0 34446.0 0.0 1002
532.64 -666.08 -1359.92 88.9 0.0 34446.0 0.0 1002
532.65 -673.64 -1361.59 88.9 0.0 34446.0 0.0 1028
532.67 -681.22 -1363.18 88.9 0.0 34446.0 0.0 1028
532.69 -688.81 -1364.69 88.9 0.0 34446.0 0.0 1028
532.71 -696.42 -1366.15 88.9 0.0 34446.0 0.0 1028
532.73 -704.03 -1367.56 88.9 0.0 34408.0 0.0 1028
532.74 -711.65 -1368.94 88.9 0.0 34408.0 0.0 1028
532.76 -719.76 -1370.36 88.9 0.0 34408.0 0.0 1028
532.78 -727.39 -1371.68 88.9 0.0 34408.0 0.0 1028
532.8 -735.5 -1373.05 88.9 0.0 34370.0 0.0 1028
532.82 -743.14 -1374.33 88.9 0.0 34296.0 0.0 1028
532.84 -751.26 -1375.66 88.9 0.0 34296.0 0.0 1028
532.85 -759.38 -1376.97 88.9 0.0 34296.0 0.0 1028
532.87 -767.03 -1378.18 88.9 0.0 34296.0 0.0 1028
532.89 -775.16 -1379.44 88.9 0.0 34296.0 0.0 1028
532.91 -783.77 -1380.77 88.9 0.0 34296.0 0.0 1028
532.93 -791.43 -1381.93 88.9 0.0 34296.0 0.0 1028
532.94 -799.08 -1383.09 88.9 0.0 34296.0 0.0 1028
532.96 -806.74 -1384.25 88.9 0.0 34296.0 0.0 1028
532.98 -814.4 -1385.4 88.9 0.0 34296.0 0.0 1028
533.0 -822.06 -1386.54 88.9 0.0 34296.0 0.0 1028
533.01 -830.2 -1387.76 88.9 0.0 34296.0 0.0 1028
533.03 -836.9 -1388.75 88.9 0.0 34296.0 0.0 1028
533.05 -844.56 -1389.89 79.72 0.0 34296.0 0.0 1028
533.07 -851.74 -1390.96 80.4 0.0 34296.0 0.0 1028
533.08 -859.4 -1392.09 46.37 0.0 34296.0 0.0 1028
533.1 -866.1 -1393.09 46.26 0.0 34296.0 0.0 1028
533.11 -873.76 -1394.22 45.85 0.0 34296.0 0.0 1028
533.13 -880.95 -1395.29 45.21 0.0 34296.0 0.0 1028
533.15 -888.13 -1396.35 44.3 0.0 34296.0 0.0 1028
533.16 -895.79 -1397.48 43.05 0.0 34296.0 0.0 1028
533.18 -902.57 -1398.49 41.72 0.0 34296.0 0.0 1028
533.2 -909.94 -1399.58 40.04 0.0 34296.0 0.0 1028
533.21 -917.3 -1400.67 38.1 0.0 34296.0 0.0 1028
533.23 -924.17 -1401.69 36.05 0.0 34296.0 0.0 1028
533.24 -931.04 -1402.7 33.78 0.0 34296.0 0.0 1028
533.26 -937.42 -1403.65 31.47 0.0 34296.0 0.0 1028
533.27 -943.8 -1404.59 28.97 0.0 34296.0 0.0 1028
533.29 -951.16 -1405.68 25.84 0.0 34296.0 0.0 1028
533.3 -957.54 -1406.63 22.92 0.0 34296.0 0.0 1028
533.32 -963.92 -1407.57 19.8 0.0 34296.0 0.0 966
533.33 -970.3 -1408.52 16.49 0.0 34296.0 0.0 966
533.34 -976.68 -1409.46 12.99 0.0 34296.0 0.0 966
533.36 -983.06 -1410.41 9.29 0.0 34296.0 0.0 966
533.37 -989.44 -1411.35 5.4 0.0 34296.0 0.0 966
533.39 -995.82 -1412.29 1.31 0.0 34296.0 0.0 966
533.4 -1002.2 -1413.24 -2.97 0.0 34296.0 0.0 966
533.42 -1008.59 -1414.18 -7.45 0.0 34296.0 0.0 966
533.43 -1014.97 -1415.13 -12.12 0.0 34296.0 0.0 966
533.44 -1020.85 -1416.0 -16.6 0.0 34296.0 0.0 966
533.46 -1026.74 -1416.87 -21.25 0.0 34296.0 0.0 966
533.47 -1033.12 -1417.81 -26.47 0.0 34296.0 0.0 966
533.49 -1039.5 -1418.76 -31.89 0.0 34296.0 0.0 966
533.5 -1045.89 -1419.7 -37.5 0.0 34296.0 0.0 966
533.51 -1052.27 -1420.65 -43.3 0.0 34296.0 0.0 966
533.53 -1058.15 -1421.52 -48.83 0.0 34296.0 0.0 966
533.54 -1064.54 -1422.46 -55.01 0.0 34334.0 0.0 966
533.56 -1070.92 -1423.41 -61.39 0.0 34334.0 0.0 966
533.57 -1077.3 -1424.35 -67.96 0.0 34334.0 0.0 966
533.58 -1083.68 -1425.3 -74.72 0.0 34334.0 0.0 966
533.6 -1089.57 -1426.17 -81.13 0.0 34334.0 0.0 966
533.61 -1095.95 -1427.12 -88.27 0.0 34372.0 0.0 966
533.63 -1101.84 -1427.99 -95.03 0.0 34372.0 0.0 966
533.64 -1108.22 -1428.94 -102.54 0.0 34372.0 0.0 966
533.65 -1114.54 -1429.88 -105.43 0.0 34372.0 0.0 966
533.67 -1120.29 -1430.74 -104.19 0.0 34372.0 0.0 966
533.68 -1126.99 -1431.75 -104.19 0.0 34372.0 0.0 966
533.69 -1132.73 -1432.62 -104.19 0.0 34372.0 0.0 966
533.71 -1138.47 -1433.49 -104.19 0.0 34372.0 0.0 966
533.72 -1144.69 -1434.44 -104.19 0.0 34372.0 0.0 966
533.74 -1150.91 -1435.39 -104.19 0.0 34372.0 0.0 966
533.75 -1156.65 -1436.27 -104.19 0.0 34372.0 0.0 966
533.76 -1162.87 -1437.22 -104.19 0.0 34372.0 0.0 966
533.78 -1169.09 -1438.18 -104.19 0.0 34372.0 0.0 966
533.79 -1174.83 -1439.06 -104.19 0.0 34372.0 0.0 966
533.81 -1181.05 -1440.02 -104.19 0.0 34372.0 0.0 966
533.82 -1186.79 -1440.91 -104.45 0.0 34372.0 0.0 966
533.83 -1192.53 -1441.79 -105.2 0.0 34372.0 0.0 966
533.85 -1198.75 -1442.75 -104.19 0.0 34372.0 0.0 966
533.86 -1204.01 -1443.57 -104.19 0.0 34372.0 0.0 966
533.87 -1210.23 -1444.53 -104.19 0.0 34372.0 0.0 966
533.89 -1215.49 -1445.34 -105.1 0.0 34372.0 0.0 966
533.9 -1221.71 -1446.3 -105.1 0.0 34372.0 0.0 966
533.91 -1227.45 -1447.19 -105.1 0.0 34372.0 0.0 966
533.93 -1233.18 -1448.08 -105.1 0.0 34372.0 0.0 966
533.94 -1238.92 -1448.97 -105.1 0.0 34372.0 0.0 966
533.95 -1244.66 -1449.86 -105.1 0.0 34372.0 0.0 966
533.97 -1250.88 -1450.82 -105.1 0.0 34372.0 0.0 966
533.98 -1256.62 -1451.71 -105.1 0.0 34372.0 0.0 966
533.99 -1262.36 -1452.6 -105.1 0.0 34372.0 0.0 966
534.01 -1268.58 -1453.56 -105.1 0.0 34372.0 0.0 966
534.02 -1274.8 -1454.53 -105.1 0.0 34372.0 0.0 966
534.04 -1280.54 -1455.42 -105.1 0.0 34372.0 0.0 966
534.05 -1286.75 -1456.38 -105.1 0.0 34372.0 0.0 966
534.06 -1292.49 -1457.27 -105.1 0.0 34372.0 0.0 967
534.08 -1298.71 -1458.23 -105.1 0.0 34372.0 0.0 967
534.09 -1304.45 -1459.12 -105.1 0.0 34372.0 0.0 967
534.1 -1310.19 -1460.01 -105.1 0.0 34372.0 0.0 967
534.12 -1316.41 -1460.98 -105.1 0.0 34372.0 0.0 967
534.13 -1322.15 -1461.87 -105.1 0.0 34372.0 0.0 967
534.14 -1328.36 -1462.83 -105.1 0.0 34372.0 0.0 967
534.16 -1334.1 -1463.72 -105.1 0.0 34372.0 0.0 967
534.17 -1339.84 -1464.61 -105.1 0.0 34372.0 0.0 967
534.19 -1346.06 -1465.57 -105.1 0.0 34372.0 0.0 967
534.2 -1352.28 -1466.54 -105.1 0.0 34372.0 0.0 967
534.22 -1358.5 -1467.5 -105.1 0.0 34372.0 0.0 967
534.23 -1365.19 -1468.54 -105.1 0.0 34372.0 0.0 967
534.24 -1370.93 -1469.43 -86.1 0.0 34372.0 0.0 967
534.26 -1377.63 -1470.46 -86.1 0.0 34372.0 0.0 967
534.27 -1383.85 -1471.43 -86.1 0.0 34372.0 0.0 967
534.29 -1390.54 -1472.47 -86.1 0.0 34372.0 0.0 967
534.3 -1397.24 -1473.5 -86.1 0.0 34372.0 0.0 967
534.32 -1403.93 -1474.54 -86.1 0.0 34372.0 0.0 967
534.33 -1410.15 -1475.51 -86.1 0.0 34372.0 0.0 967
534.35 -1416.85 -1476.54 -86.1 0.0 34372.0 0.0 967
534.36 -1423.54 -1477.58 -86.1 0.0 34372.0 0.0 967
534.38 -1429.76 -1478.55 -86.1 0.0 34372.0 0.0 967
534.4 -1436.46 -1479.58 -86.1 0.0 34372.0 0.0 967
534.41 -1443.15 -1480.62 -86.1 0.0 34372.0 0.0 967
534.43 -1449.85 -1481.66 -66.1 0.0 34372.0 0.0 967
534.44 -1456.55 -1482.7 -66.1 0.0 34372.0 0.0 967
534.45 -1462.76 -1483.66 -66.1 0.0 34372.0 0.0 967
534.47 -1468.98 -1484.62 -66.1 0.0 34372.0 0.0 967
534.49 -1475.68 -1485.66 -66.1 0.0 34372.0 0.0 967
534.5 -1482.37 -1486.7 -66.1 0.0 34372.0 0.0 967
534.52 -1489.07 -1487.74 -66.1 0.0 34372.0 0.0 967
534.53 -1495.77 -1488.78 -66.1 0.0 34372.0 0.0 967
534.55 -1501.98 -1489.74 -66.1 0.0 34372.0 0.0 967
534.56 -1508.68 -1490.78 -66.1 0.0 34372.0 0.0 967
534.58 -1515.85 -1491.89 -66.1 0.0 34372.0 0.0 967
534.59 -1522.55 -1492.93 -66.1 0.0 34372.0 0.0 967
534.61 -1529.25 -1493.96 -47.1 0.0 34372.0 0.0 967
534.62 -1536.42 -1495.08 -47.1 0.0 34372.0 0.0 967
534.64 -1543.12 -1496.11 -47.1 0.0 34372.0 0.0 967
534.66 -1549.33 -1497.08 -47.1 0.0 34372.0 0.0 967
534.67 -1556.51 -1498.19 -47.1 0.0 34372.0 0.0 967
534.69 -1562.73 -1499.15 -47.1 0.0 34372.0 0.0 967
534.7 -1569.42 -1500.19 -47.1 0.0 34372.0 0.0 967
534.72 -1576.6 -1501.3 -47.1 0.0 34372.0 0.0 967
534.73 -1583.29 -1502.34 -47.1 0.0 34372.0 0.0 967
534.75 -1589.51 -1503.31 -47.1 0.0 34372.0 0.0 967
534.76 -1596.21 -1504.34 -47.1 0.0 34372.0 0.0 967
534.78 -1602.42 -1505.31 -27.1 0.0 34372.0 0.0 967
534.79 -1609.12 -1506.34 -27.1 0.0 34372.0 0.0 967
534.81 -1615.82 -1507.38 -27.1 0.0 34372.0 0.0 967
534.82 -1622.51 -1508.42 -27.1 0.0 34372.0 0.0 967
534.84 -1629.21 -1509.46 -27.1 0.0 34372.0 0.0 967
534.85 -1635.9 -1510.5 -27.1 0.0 34372.0 0.0 967
534.87 -1642.6 -1511.53 -27.1 0.0 34372.0 0.0 967
534.89 -1649.78 -1512.65 -27.1 0.0 34372.0 0.0 967
534.9 -1656.47 -1513.68 -27.1 0.0 34372.0 0.0 968
534.92 -1663.65 -1514.8 -27.1 0.0 34372.0 0.0 968
534.93 -1670.34 -1515.83 -27.1 0.0 34372.0 0.0 968
534.95 -1677.52 -1516.95 -27.1 0.0 34372.0 0.0 968
534.97 -1684.69 -1518.06 -8.1 0.0 34372.0 0.0 968
534.98 -1691.86 -1519.17 -8.1 0.0 34372.0 0.0 968
535.0 -1698.56 -1520.21 -8.1 0.0 34372.0 0.0 968
535.02 -1705.73 -1521.32 -8.1 0.0 34372.0 0.0 968
535.03 -1712.91 -1522.43 -8.1 0.0 34372.0 0.0 968
535.05 -1720.56 -1523.62 -8.1 0.0 34372.0 0.0 968
535.07 -1727.74 -1524.73 -8.1 0.0 34334.0 0.0 968
535.08 -1734.91 -1525.84 -8.1 0.0 34271.0 0.0 968
535.1 -1742.09 -1526.95 -8.1 0.0 34208.0 0.0 968
535.12 -1749.26 -1528.04 -8.1 0.0 34145.0 0.0 968
535.13 -1756.44 -1529.12 10.9 0.0 34077.0 0.0 968
535.15 -1764.11 -1530.24 10.9 0.0 34014.0 0.0 968
535.17 -1771.29 -1531.26 10.9 0.0 33942.0 0.0 968
535.19 -1779.44 -1532.38 10.9 0.0 33870.0 0.0 968
535.2 -1787.6 -1533.46 10.9 0.0 33807.0 0.0 968
535.22 -1794.8 -1534.37 10.9 0.0 33739.0 0.0 968
535.24 -1802.49 -1535.31 10.9 0.0 33637.0 0.0 968
535.25 -1810.18 -1536.2 10.9 0.0 33518.0 0.0 968
535.27 -1816.92 -1536.93 10.9 0.0 33459.0 0.0 968
535.29 -1823.66 -1537.63 10.9 0.0 33396.0 0.0 968
535.3 -1830.89 -1538.32 10.9 0.0 33396.0 0.0 968
535.32 -1837.64 -1538.92 30.9 0.0 33396.0 0.0 968
535.33 -1844.39 -1539.49 30.9 0.0 33396.0 0.0 968
535.35 -1850.66 -1539.99 30.9 0.0 33396.0 0.0 968
535.36 -1856.93 -1540.47 30.9 0.0 33396.0 0.0 968
535.38 -1863.69 -1540.97 30.9 0.0 33396.0 0.0 968
535.39 -1870.45 -1541.45 30.9 0.0 33396.0 0.0 968
535.4 -1876.73 -1541.88 30.9 0.0 33396.0 0.0 968
535.42 -1883.01 -1542.31 30.9 0.0 33396.0 0.0 968
535.43 -1888.8 -1542.69 30.9 0.0 33396.0 0.0 968
535.45 -1895.56 -1543.14 30.9 0.0 33396.0 0.0 968
535.46 -1901.36 -1543.51 30.9 0.0 33396.0 0.0 968
535.47 -1907.64 -1543.91 30.9 0.0 33396.0 0.0 968
535.49 -1913.43 -1544.28 49.9 0.0 33396.0 0.0 968
535.5 -1919.23 -1544.64 49.9 0.0 33396.0 0.0 968
535.51 -1925.03 -1545.01 49.9 0.0 33396.0 0.0 968
535.53 -1930.82 -1545.36 49.9 0.0 33396.0 0.0 968
535.54 -1936.14 -1545.69 49.9 0.0 33396.0 0.0 968
535.55 -1941.93 -1546.05 49.9 0.0 33396.0 0.0 968
535.56 -1946.77 -1546.35 49.9 0.0 33396.0 0.0 968
535.57 -1952.08 -1546.67 49.9 0.0 33396.0 0.0 968
535.59 -1957.39 -1547.0 49.9 0.0 33396.0 0.0 968
535.6 -1962.71 -1547.32 49.9 0.0 33396.0 0.0 968
535.61 -1967.54 -1547.62 49.9 0.0 33396.0 0.0 968
535.62 -1972.85 -1547.94 49.9 0.0 33396.0 0.0 968
535.63 -1977.68 -1548.23 49.9 0.0 33205.0 0.0 968
535.64 -1982.52 -1548.53 49.9 0.0 33020.0 0.0 968
535.65 -1987.83 -1548.83 49.9 0.0 32725.0 0.0 968
535.67 -1992.66 -1549.09 49.9 0.0 32540.0 0.0 968
535.68 -1997.98 -1549.33 49.9 0.0 32477.0 0.0 1119
535.69 -2002.82 -1549.51 49.9 0.0 32338.0 0.0 1119
535.7 -2008.14 -1549.65 49.9 0.0 32153.0 0.0 1119
535.71 -2013.46 -1549.74 49.9 0.0 31852.0 0.0 1119
535.73 -2018.79 -1549.77 49.9 0.0 31574.0 0.0 1119
535.74 -2024.11 -1549.73 49.9 0.0 31250.0 0.0 1119
535.75 -2029.43 -1549.61 49.9 0.0 30921.0 0.0 1119
535.76 -2035.24 -1549.36 49.9 0.0 30550.0 0.0 1119
535.78 -2040.55 -1549.03 49.9 0.0 30010.0 0.0 1119
535.8 -2048.26 -1548.32 49.9 0.0 29508.0 0.0 1119
535.81 -2054.99 -1547.48 49.9 0.0 29015.0 0.0 1119
535.82 -2061.2 -1546.5 49.9 0.0 28577.0 0.0 1119
535.84 -2067.38 -1545.31 49.9 0.0 28096.0 0.0 1119
535.85 -2073.04 -1544.02 49.9 0.0 27691.0 0.0 1119
535.87 -2078.8 -1543.22 49.9 0.0 27170.0 0.0 1119
535.88 -2085.07 -1542.81 49.9 0.0 26715.0 0.0 1119
535.89 -2090.88 -1542.72 49.9 0.0 26360.0 0.0 1119
535.91 -2096.69 -1542.82 49.9 0.0 25903.0 0.0 1119
535.92 -2102.49 -1543.07 49.9 0.0 25599.0 0.0 1119
535.93 -2108.29 -1543.39 49.9 0.0 25269.0 0.0 1119
535.95 -2114.57 -1543.79 49.9 0.0 24965.0 0.0 1119
535.96 -2120.37 -1544.15 49.9 0.0 24737.0 0.0 1119
535.97 -2126.16 -1544.5 49.9 0.0 24534.0 0.0 1119
535.99 -2131.96 -1544.8 49.9 0.0 24287.0 0.0 1119
536.0 -2138.25 -1545.07 49.9 0.0 24135.0 0.0 1119
536.01 -2144.06 -1545.25 49.9 0.0 23943.0 0.0 1119
536.03 -2150.35 -1545.37 49.9 0.0 23740.0 0.0 1119
536.04 -2156.15 -1545.41 49.9 0.0 23563.0 0.0 1119
536.05 -2161.96 -1545.37 49.9 0.0 23343.0 0.0 1119
536.07 -2168.25 -1545.23 49.9 0.0 23157.0 0.0 1119
536.08 -2173.57 -1545.03 49.9 0.0 22937.0 0.0 1119
536.09 -2179.86 -1544.7 49.9 0.0 22734.0 0.0 1119
536.11 -2185.65 -1544.29 49.9 0.0 22531.0 0.0 1119
536.12 -2191.44 -1543.79 49.9 0.0 22311.0 0.0 1119
536.14 -2197.69 -1543.13 49.9 0.0 22108.0 0.0 1119
536.15 -2203.46 -1542.42 49.9 0.0 21888.0 0.0 1119
536.16 -2209.69 -1541.53 49.9 0.0 21641.0 0.0 1119
536.18 -2215.9 -1540.52 49.9 0.0 21421.0 0.0 1119
536.19 -2222.08 -1539.38 49.9 0.0 21201.0 0.0 1119
536.21 -2228.25 -1538.11 49.9 0.0 20964.0 0.0 1119
536.22 -2234.85 -1536.61 49.9 0.0 20727.0 0.0 1119
536.24 -2241.43 -1534.95 49.9 0.0 20562.0 0.0 1119
536.25 -2247.49 -1533.29 49.9 0.0 20355.0 0.0 1119
536.27 -2253.99 -1531.36 49.9 0.0 20178.0 0.0 1119
536.28 -2260.44 -1529.29 49.9 0.0 20013.0 0.0 1119
536.3 -2266.4 -1527.26 49.9 0.0 19836.0 0.0 1119
536.31 -2272.77 -1524.95 49.9 0.0 19688.0 0.0 1119
536.33 -2279.09 -1522.51 49.9 0.0 19578.0 0.0 1119
536.34 -2284.92 -1520.15 49.9 0.0 19460.0 0.0 1119
536.36 -2291.16 -1517.5 49.9 0.0 19405.0 0.0 1119
536.37 -2296.91 -1514.95 49.9 0.0 19346.0 0.0 1119
536.39 -2303.06 -1512.11 49.9 0.0 19291.0 0.0 1119
536.4 -2308.75 -1509.42 49.9 0.0 19291.0 0.0 1119
536.42 -2314.83 -1506.44 49.9 0.0 19291.0 0.0 1119
536.43 -2320.89 -1503.4 49.9 0.0 19291.0 0.0 1119
536.45 -2326.93 -1500.32 49.9 0.0 19253.0 0.0 1122
536.46 -2332.51 -1497.43 49.9 0.0 19253.0 0.0 1122
536.48 -2338.08 -1494.5 49.9 0.0 19215.0 0.0 1122
536.49 -2343.59 -1490.55 49.9 0.0 19215.0 0.0 1122
536.51 -2348.59 -1485.98 49.9 0.0 19177.0 0.0 1122
536.52 -2352.82 -1481.32 49.9 0.0 19122.0 0.0 1122
536.54 -2356.68 -1476.35 49.9 0.0 19063.0 0.0 1122
536.55 -2360.44 -1470.72 49.9 0.0 18980.0 0.0 1122
536.57 -2363.64 -1465.3 49.9 0.0 18921.0 0.0 1122
536.58 -2366.78 -1459.29 49.9 0.0 18921.0 0.0 1122
536.6 -2369.65 -1453.16 49.9 0.0 18883.0 0.0 1122
536.61 -2372.31 -1446.92 49.9 0.0 18824.0 0.0 1122
536.63 -2374.78 -1440.61 49.9 0.0 18760.0 0.0 1122
536.64 -2377.25 -1433.78 49.9 0.0 18649.0 0.0 1122
536.66 -2379.26 -1427.82 49.9 0.0 18581.0 0.0 1122
536.68 -2381.58 -1420.44 49.9 0.0 18485.0 0.0 1122
536.69 -2383.62 -1413.47 49.9 0.0 18366.0 0.0 1122
536.71 -2385.43 -1406.94 49.9 0.0 18277.0 0.0 1122
536.72 -2387.15 -1400.38 49.9 0.0 18158.0 0.0 1122
536.74 -2388.77 -1393.81 49.9 0.0 18069.0 0.0 1122
536.75 -2390.31 -1387.21 49.9 0.0 18010.0 0.0 1122
536.77 -2390.88 -1380.45 49.9 0.0 17955.0 0.0 1122
536.78 -2390.68 -1374.17 49.9 0.0 17955.0 0.0 1122
536.8 -2389.75 -1367.45 49.9 0.0 17955.0 0.0 1122
536.82 -2388.24 -1360.85 49.9 0.0 17955.0 0.0 1122
536.83 -2386.24 -1354.38 49.9 0.0 17955.0 0.0 1122
536.84 -2384.05 -1348.48 49.9 0.0 17955.0 0.0 1122
536.86 -2381.37 -1342.25 49.9 0.0 17955.0 0.0 1122
536.87 -2378.66 -1336.57 49.9 0.0 17955.0 0.0 1122
536.89 -2375.54 -1330.56 49.9 0.0 17955.0 0.0 1122
536.9 -2373.22 -1324.71 49.9 0.0 17955.0 0.0 1122
536.92 -2371.33 -1318.2 49.9 0.0 17955.0 0.0 1122
536.93 -2369.95 -1311.57 49.9 0.0 17955.0 0.0 1122
536.95 -2369.0 -1304.86 49.9 0.0 17955.0 0.0 1122
536.97 -2368.36 -1297.14 49.9 0.0 17955.0 0.0 1112
536.98 -2368.1 -1291.34 49.9 0.0 17955.0 0.0 1112
537.0 -2368.03 -1284.56 49.9 0.0 17955.0 0.0 1112
537.01 -2368.14 -1278.27 49.9 0.0 17955.0 0.0 1112
537.03 -2368.42 -1271.5 49.9 0.0 17955.0 0.0 1112
537.04 -2368.8 -1265.22 49.9 0.0 17955.0 0.0 1112
537.05 -2369.31 -1258.47 49.9 0.0 17955.0 0.0 1112
537.07 -2369.87 -1252.2 49.9 0.0 17955.0 0.0 1112
537.08 -2370.55 -1245.46 49.9 0.0 17955.0 0.0 1112
537.1 -2371.23 -1239.2 49.9 0.0 17955.0 0.0 1112
537.11 -2372.01 -1232.47 49.9 0.0 17955.0 0.0 1112
537.13 -2372.78 -1226.23 49.9 0.0 17955.0 0.0 1112
537.14 -2373.57 -1219.98 49.9 0.0 17955.0 0.0 1112
537.16 -2374.46 -1213.27 49.9 0.0 17955.0 0.0 1112
537.18 -2375.3 -1207.03 49.9 0.0 17955.0 0.0 1112
537.19 -2376.43 -1198.88 49.9 0.0 17955.0 0.0 1112
537.21 -2377.38 -1192.17 49.9 0.0 17955.0 0.0 1112
537.22 -2378.48 -1184.51 49.9 0.0 17955.0 0.0 1112
537.24 -2379.31 -1178.76 49.9 0.0 17955.0 0.0 1112
537.25 -2380.21 -1172.53 49.9 0.0 17955.0 0.0 1112
537.27 -2381.13 -1166.31 49.9 0.0 17917.0 0.0 1112
537.28 -2382.04 -1160.08 49.9 0.0 17917.0 0.0 1112
537.29 -2382.89 -1154.34 49.9 0.0 17917.0 0.0 1112
537.31 -2383.81 -1148.11 49.9 0.0 17917.0 0.0 1112
537.32 -2384.66 -1142.36 49.9 0.0 17917.0 0.0 1112
537.33 -2385.58 -1136.14 49.9 0.0 17917.0 0.0 1112
537.35 -2386.43 -1130.39 49.9 0.0 17917.0 0.0 1112
537.36 -2387.28 -1124.65 49.9 0.0 17917.0 0.0 1112
537.38 -2388.34 -1117.47 49.9 0.0 17917.0 0.0 1112
537.39 -2389.19 -1111.72 52.76 0.0 17917.0 0.0 1112
537.4 -2390.7 -1106.11 54.47 0.0 17917.0 0.0 1112
537.42 -2392.98 -1100.25 56.3 0.0 17917.0 0.0 1112
537.43 -2395.8 -1094.62 58.09 0.0 17917.0 0.0 1112
537.45 -2399.04 -1089.23 59.85 0.0 17917.0 0.0 1112
537.46 -2402.63 -1084.07 61.48 0.0 17917.0 0.0 1112
537.48 -2406.18 -1079.47 62.11 0.0 17917.0 0.0 1120
537.49 -2410.26 -1074.67 63.53 0.0 17917.0 0.0 1120
537.5 -2414.17 -1070.39 63.96 0.0 17917.0 0.0 1120
537.52 -2418.56 -1065.88 64.24 0.0 17917.0 0.0 1120
537.53 -2422.72 -1061.82 64.24 0.0 17917.0 0.0 1120
537.54 -2426.96 -1057.85 64.71 0.0 17917.0 0.0 1120
537.56 -2431.27 -1053.96 64.71 0.0 17802.0 0.0 1120
537.57 -2435.64 -1050.13 66.06 0.0 17597.0 0.0 1120
537.58 -2439.58 -1045.86 67.3 0.0 17319.0 0.0 1120
537.6 -2443.34 -1040.82 68.87 0.0 17011.0 0.0 1120
537.61 -2446.42 -1035.89 70.35 0.0 16703.0 0.0 1120
537.62 -2449.1 -1030.75 71.86 0.0 16314.0 0.0 1120
537.64 -2451.59 -1024.97 73.5 0.0 15835.0 0.0 1120
537.65 -2453.8 -1018.56 74.43 0.0 15474.0 0.0 1120
537.67 -2455.46 -1012.49 75.1 0.0 15113.0 0.0 1120
537.68 -2456.76 -1006.33 75.61 0.0 14891.0 0.0 1120
537.7 -2457.72 -1000.12 76.11 0.0 14613.0 0.0 1120
537.71 -2458.36 -993.86 76.59 0.0 14314.0 0.0 1120
537.73 -2458.73 -987.09 77.1 0.0 14075.0 0.0 1120
537.74 -2458.78 -980.32 77.6 0.0 13853.0 0.0 1120
537.76 -2458.59 -974.03 78.04 0.0 13603.0 0.0 1120
537.77 -2458.17 -967.75 77.63 0.0 13364.0 0.0 1120
537.79 -2456.62 -961.17 77.63 0.0 13114.0 0.0 1120
537.8 -2454.38 -955.29 77.63 0.0 12909.0 0.0 1120
537.81 -2451.73 -950.12 77.63 0.0 12704.0 0.0 1120
537.83 -2448.6 -945.23 77.15 0.0 12482.0 0.0 1120
537.84 -2444.72 -940.28 77.15 0.0 12226.0 0.0 1120
537.85 -2440.8 -935.99 76.52 0.0 12021.0 0.0 1120
537.87 -2436.6 -931.98 76.52 0.0 11782.0 0.0 1120
537.88 -2431.37 -927.66 75.81 0.0 11513.0 0.0 1120
537.9 -2425.89 -923.68 75.41 0.0 11291.0 0.0 1120
537.91 -2420.62 -920.25 75.41 0.0 11035.0 0.0 1120
537.92 -2415.61 -917.3 74.6 0.0 10824.0 0.0 1120
537.94 -2410.93 -914.77 74.05 0.0 10568.0 0.0 1120
537.95 -2405.72 -912.2 73.46 0.0 10286.0 0.0 1120
537.96 -2400.42 -909.83 72.87 0.0 9978.0 0.0 1120
537.97 -2395.04 -907.64 72.24 0.0 9743.0 0.0 1120
537.99 -2390.05 -905.78 71.68 0.0 9435.0 0.0 1120
538.0 -2384.54 -903.94 70.91 0.0 9179.0 0.0 1120
538.02 -2378.98 -902.27 70.15 0.0 8846.0 0.0 1120
538.03 -2372.89 -900.67 69.33 0.0 8435.0 0.0 1118
538.05 -2364.38 -898.82 68.21 0.0 7973.0 0.0 1118
538.07 -2355.79 -897.35 67.1 0.0 7537.0 0.0 1118
538.09 -2347.63 -896.3 66.24 0.0 7037.0 0.0 1118
538.11 -2339.22 -894.05 66.24 0.0 6537.0 0.0 1118
538.13 -2331.05 -891.02 65.49 0.0 5941.0 0.0 1118
538.15 -2322.65 -887.27 65.05 0.0 5363.0 0.0 1118
538.17 -2314.82 -883.45 64.61 0.0 4747.0 0.0 1118
538.2 -2307.05 -879.52 63.86 0.0 4148.0 0.0 1118
538.22 -2298.39 -875.18 63.03 0.0 3678.0 0.0 1118
538.24 -2289.67 -870.99 61.38 0.0 3602.0 0.0 1118
538.26 -2281.29 -867.2 59.61 0.0 3602.0 0.0 1118
538.28 -2272.84 -863.57 57.84 0.0 3602.0 0.0 1118
538.3 -2263.89 -859.89 55.98 0.0 3602.0 0.0 1118
538.33 -2255.34 -856.48 54.2 0.0 3602.0 0.0 1118
538.34 -2244.96 -852.46 52.03 0.0 3602.0 0.0 1118
538.36 -2238.18 -849.87 52.03 0.0 3602.0 0.0 1118
538.38 -2229.58 -846.63 68.9 0.0 3602.0 0.0 1117
538.41 -2221.41 -843.59 68.9 0.0 3602.0 0.0 1117
538.43 -2212.33 -840.24 68.9 0.0 3602.0 0.0 1117
538.45 -2204.15 -837.23 68.9 0.0 3602.0 0.0 1117
538.47 -2195.52 -834.08 68.9 0.0 3602.0 0.0 1117
538.49 -2186.87 -830.93 68.9 0.0 3602.0 0.0 1117
538.51 -2178.68 -827.96 68.9 0.0 3602.0 0.0 1117
538.53 -2170.04 -824.83 68.9 0.0 3602.0 0.0 1117
538.55 -2162.3 -822.03 68.9 0.0 3602.0 0.0 1117
538.57 -2154.11 -819.08 68.9 0.0 3602.0 0.0 1117
538.59 -2145.46 -815.96 68.9 0.0 3602.0 0.0 1117
538.61 -2136.8 -812.84 68.9 0.0 3602.0 0.0 1117
538.63 -2128.61 -809.89 68.9 0.0 3602.0 0.0 1117
538.65 -2119.96 -806.77 68.9 0.0 3602.0 0.0 1117
538.67 -2111.3 -803.66 68.9 0.0 3564.0 0.0 1117
538.69 -2103.56 -800.87 68.9 0.0 2907.0 0.0 1117
538.71 -2094.91 -797.76 68.9 0.0 2209.0 0.0 1117
538.73 -2086.2 -794.8 68.9 0.0 1525.0 0.0 1117
538.75 -2077.42 -792.08 68.9 0.0 827.0 0.0 1117
538.77 -2068.54 -789.68 88.9 0.0 61.0 0.0 1117
538.8 -2059.56 -787.68 88.9 0.0 65079.0 0.0 1117
538.82 -2049.88 -787.85 88.9 0.0 64768.0 0.0 1117
538.84 -2041.33 -789.53 88.9 0.0 64480.0 0.0 1117
538.86 -2032.27 -792.91 88.9 0.0 64247.0 0.0 1117
538.88 -2024.52 -796.91 88.9 0.0 64165.0 0.0 1117
538.9 -2016.83 -801.94 88.9 0.0 64075.0 0.0 1117
538.92 -2008.85 -808.24 88.9 0.0 64037.0 0.0 1117
538.94 -2001.65 -814.71 88.9 0.0 64037.0 0.0 1117
538.97 -1995.12 -821.18 88.9 0.0 64037.0 0.0 1117
538.99 -1988.81 -827.88 88.9 0.0 64037.0 0.0 1117
539.01 -1982.38 -835.11 88.9 0.0 64037.0 0.0 1117
539.03 -1976.42 -842.11 88.9 0.0 64037.0 0.0 1117
539.05 -1970.56 -849.2 88.9 0.0 64037.0 0.0 1117
539.07 -1964.49 -856.74 88.9 0.0 64037.0 0.0 1117
539.09 -1959.08 -863.57 88.9 0.0 64037.0 0.0 1117
539.11 -1953.42 -870.82 88.9 0.0 63999.0 0.0 1117
539.13 -1947.8 -878.1 88.9 0.0 63999.0 0.0 1117
539.16 -1940.98 -884.27 88.9 0.0 63999.0 0.0 1117
539.18 -1932.94 -889.66 88.9 0.0 63999.0 0.0 1117
539.2 -1924.81 -893.95 88.9 0.0 63999.0 0.0 987
539.22 -1916.81 -897.41 88.9 0.0 63999.0 0.0 987
539.24 -1908.63 -900.38 88.9 0.0 63999.0 0.0 987
539.26 -1900.31 -902.98 88.9 0.0 63999.0 0.0 987
539.28 -1891.44 -905.4 88.9 0.0 63999.0 0.0 987
539.3 -1882.5 -907.56 88.9 0.0 63999.0 0.0 1025
539.32 -1873.99 -909.43 88.9 0.0 63999.0 0.0 1025
539.34 -1864.98 -911.25 88.9 0.0 63999.0 0.0 1025
539.36 -1856.4 -914.58 88.9 0.0 63999.0 0.0 1025
539.38 -1848.74 -918.73 88.9 0.0 63999.0 0.0 1025
539.4 -1841.15 -923.93 88.9 0.0 63999.0 0.0 1025
539.42 -1834.0 -929.71 88.9 0.0 63999.0 0.0 1025
539.44 -1827.56 -935.57 88.9 0.0 63999.0 0.0 1025
539.46 -1821.38 -941.71 88.9 0.0 63999.0 0.0 1025
539.48 -1815.41 -948.06 88.9 0.0 63999.0 0.0 1025
539.5 -1809.62 -954.57 88.9 0.0 63999.0 0.0 1025
539.52 -1803.96 -961.19 88.9 0.0 64152.0 0.0 1025
539.54 -1798.41 -967.91 88.9 0.0 64299.0 0.0 1025
539.56 -1792.25 -973.36 88.9 0.0 64455.0 0.0 1025
539.58 -1785.0 -978.2 88.9 0.0 64611.0 0.0 1025
539.6 -1777.27 -982.21 88.9 0.0 64758.0 0.0 1025
539.62 -1769.68 -985.38 88.9 0.0 64875.0 0.0 1025
539.64 -1761.42 -988.14 88.9 0.0 64985.0 0.0 1025
539.65 -1753.48 -990.31 88.9 0.0 65058.0 0.0 1025
539.67 -1745.45 -992.11 88.9 0.0 65131.0 0.0 1025
539.69 -1737.36 -993.6 88.9 0.0 65204.0 0.0 1025
539.71 -1729.22 -994.84 88.9 0.0 65351.0 0.0 1025
539.73 -1721.06 -995.86 88.9 0.0 65429.0 0.0 1025
539.75 -1712.39 -996.74 88.9 0.0 3.0 0.0 1025
539.77 -1704.19 -997.4 88.9 0.0 150.0 0.0 1025
539.79 -1695.98 -997.92 88.9 0.0 254.0 0.0 1025
539.8 -1688.24 -998.29 88.9 0.0 475.0 0.0 1025
539.82 -1680.02 -998.55 88.9 0.0 749.0 0.0 1025
539.84 -1671.31 -998.68 88.9 0.0 896.0 0.0 1025
539.86 -1663.08 -998.64 88.9 0.0 969.0 0.0 1025
539.88 -1654.86 -998.46 88.9 0.0 969.0 0.0 1025
539.89 -1648.08 -998.22 88.9 0.0 969.0 0.0 1025
539.91 -1641.31 -997.91 88.9 0.0 969.0 0.0 1025
539.92 -1634.55 -997.54 88.9 0.0 969.0 0.0 1025
539.94 -1627.79 -997.13 88.9 0.0 969.0 0.0 1025
539.95 -1621.02 -996.68 88.9 0.0 969.0 0.0 1025
539.97 -1614.75 -996.23 88.9 0.0 969.0 0.0 1025
539.98 -1607.99 -995.72 88.9 0.0 969.0 0.0 1025
540.0 -1601.24 -995.19 88.9 0.0 969.0 0.0 1025
540.01 -1594.48 -994.64 88.9 0.0 969.0 0.0 1025
540.03 -1587.25 -994.03 88.9 0.0 969.0 0.0 1025
540.05 -1580.01 -993.42 88.9 0.0 969.0 0.0 1025
540.06 -1573.26 -992.83 88.9 0.0 969.0 0.0 1025
540.08 -1567.0 -992.28 88.9 0.0 969.0 0.0 1025
540.09 -1559.76 -991.64 88.9 0.0 969.0 0.0 1025
540.11 -1553.02 -991.03 88.9 0.0 969.0 0.0 1025
540.13 -1545.78 -990.38 88.9 0.0 969.0 0.0 1025
540.14 -1538.55 -989.72 88.9 0.0 969.0 0.0 1108
540.16 -1531.32 -989.06 88.9 0.0 969.0 0.0 1108
540.18 -1524.09 -988.4 88.9 0.0 969.0 0.0 1108
540.19 -1516.87 -987.74 88.9 0.0 969.0 0.0 1108
540.21 -1510.12 -987.12 88.9 0.0 969.0 0.0 1108
540.22 -1502.89 -986.45 88.9 0.0 969.0 0.0 1108
540.24 -1496.14 -985.82 88.9 0.0 1160.0 0.0 1108
540.26 -1488.43 -985.11 88.9 0.0 1417.0 0.0 1108
540.27 -1481.2 -984.42 88.9 0.0 1739.0 0.0 1108
540.29 -1473.98 -983.66 88.9 0.0 1900.0 0.0 1108
540.31 -1466.77 -982.83 88.9 0.0 2054.0 0.0 1108
540.33 -1458.13 -981.69 88.9 0.0 2122.0 0.0 1108
540.34 -1450.47 -980.57 88.9 0.0 2122.0 0.0 1108
540.36 -1443.3 -979.44 88.9 0.0 2122.0 0.0 1108
540.38 -1435.66 -978.17 88.9 0.0 2122.0 0.0 1108
540.4 -1428.03 -976.83 88.9 0.0 2122.0 0.0 1108
540.41 -1420.41 -975.45 88.9 0.0 2122.0 0.0 1108
540.43 -1412.8 -974.03 88.9 0.0 2160.0 0.0 1108
540.45 -1404.72 -972.48 88.9 0.0 2233.0 0.0 1108
540.47 -1396.64 -970.91 88.9 0.0 2302.0 0.0 1108
540.49 -1389.05 -969.39 88.9 0.0 2449.0 0.0 1108
540.51 -1380.99 -967.74 88.9 0.0 2578.0 0.0 1108
540.53 -1372.47 -965.93 88.9 0.0 2694.0 0.0 1108
540.55 -1363.96 -964.05 88.9 0.0 2858.0 0.0 1108
540.57 -1355.0 -961.97 88.9 0.0 3091.0 0.0 1108
540.59 -1346.54 -959.91 88.9 0.0 3460.0 0.0 1108
540.61 -1337.63 -957.62 88.9 0.0 3771.0 0.0 1108
540.63 -1329.24 -955.29 87.36 0.0 4181.0 0.0 1108
540.65 -1320.38 -953.22 86.8 0.0 4591.0 0.0 1108
540.67 -1311.51 -951.34 85.29 0.0 5042.0 0.0 1108
540.69 -1302.65 -951.34 83.19 0.0 5507.0 0.0 1108
540.71 -1293.65 -951.26 80.67 0.0 6082.0 0.0 1108
540.74 -1284.38 -951.04 77.74 0.0 6730.0 0.0 1108
540.76 -1274.48 -950.63 74.2 0.0 7338.0 0.0 1108
540.78 -1265.08 -950.07 70.42 0.0 7918.0 0.0 1108
540.8 -1255.69 -949.33 66.22 0.0 8616.0 0.0 1108
540.82 -1245.83 -948.36 61.35 0.0 9238.0 0.0 1108
540.84 -1236.48 -947.23 56.3 0.0 9910.0 0.0 1108
540.86 -1226.17 -945.74 50.23 0.0 10490.0 0.0 1108
540.88 -1216.88 -944.16 44.31 0.0 11040.0 0.0 1108
540.9 -1208.12 -942.47 38.31 0.0 11537.0 0.0 1108
540.93 -1198.91 -940.46 31.58 0.0 12076.0 0.0 1108
540.95 -1189.76 -938.23 24.43 0.0 12586.0 0.0 1108
540.97 -1181.14 -935.89 17.28 0.0 13139.0 0.0 1108
540.99 -1171.63 -933.04 8.89 0.0 13619.0 0.0 1108
541.01 -1162.21 -929.93 0.05 0.0 14172.0 0.0 964
541.03 -1153.34 -926.73 -8.78 0.0 14652.0 0.0 964
541.05 -1144.1 -923.1 -18.52 0.0 15146.0 0.0 964
541.08 -1134.96 -919.2 -28.73 0.0 15560.0 0.0 964
541.1 -1126.4 -915.24 -38.84 0.0 15865.0 0.0 964
541.12 -1117.06 -910.58 -50.51 0.0 16113.0 0.0 964
541.14 -1108.74 -906.12 -61.5 0.0 16337.0 0.0 964
541.17 -1099.27 -900.66 -74.75 0.0 16571.0 0.0 964
541.19 -1089.56 -894.62 -89.19 0.0 16667.0 0.0 964
541.22 -1080.46 -888.54 -103.57 0.0 16841.0 0.0 964
541.25 -1071.97 -880.98 -105.44 0.0 16841.0 0.0 964
541.27 -1065.79 -871.14 -105.15 0.0 16841.0 0.0 964
541.3 -1061.23 -859.41 -105.15 0.0 16841.0 0.0 964
541.33 -1058.25 -847.18 -105.15 0.0 16841.0 0.0 964
541.37 -1056.29 -833.29 -105.15 0.0 16841.0 0.0 964
541.4 -1055.23 -818.81 -105.15 0.0 16841.0 0.0 964
541.43 -1054.77 -804.29 -106.1 0.0 16841.0 0.0 964
541.47 -1054.71 -789.77 -106.1 0.0 16841.0 0.0 964
541.5 -1054.93 -774.29 -106.1 0.0 16841.0 0.0 964
541.53 -1055.25 -761.22 -106.1 0.0 16841.0 0.0 964
541.56 -1055.63 -748.64 -106.1 0.0 16841.0 0.0 964
541.59 -1056.08 -735.58 -106.1 0.0 16726.0 0.0 964
541.62 -1056.57 -722.52 -106.1 0.0 16611.0 0.0 964
541.65 -1057.03 -709.95 -106.1 0.0 16611.0 0.0 964
541.67 -1057.44 -696.89 -106.1 0.0 16611.0 0.0 964
541.7 -1057.78 -684.79 -106.1 0.0 16611.0 0.0 964
541.72 -1058.09 -672.7 -106.1 0.0 16611.0 0.0 964
541.74 -1058.34 -663.02 -106.1 0.0 16611.0 0.0 964
541.77 -1058.57 -653.34 -106.1 0.0 16611.0 0.0 964
541.79 -1058.81 -643.18 -106.1 0.0 16611.0 0.0 964
541.81 -1059.03 -633.5 -106.1 0.0 16611.0 0.0 964
541.83 -1059.24 -624.31 -106.1 0.0 16611.0 0.0 964
541.85 -1059.44 -615.12 -106.1 0.0 16611.0 0.0 964
541.87 -1059.65 -605.44 -106.1 0.0 16611.0 0.0 964
541.89 -1059.86 -596.24 -106.1 0.0 16611.0 0.0 964
541.92 -1060.06 -587.05 -106.1 0.0 16611.0 0.0 964
541.94 -1060.27 -577.37 -104.19 0.0 16611.0 0.0 964
541.96 -1060.47 -568.18 -104.19 0.0 16611.0 0.0 964
541.98 -1060.7 -557.53 -105.1 0.0 16611.0 0.0 964
542.0 -1060.88 -548.82 -105.1 0.0 16611.0 0.0 964
542.02 -1061.09 -539.15 -105.1 0.0 16611.0 0.0 964
542.05 -1061.29 -529.95 -105.1 0.0 16611.0 0.0 964
542.07 -1061.5 -520.27 -105.1 0.0 16611.0 0.0 964
542.09 -1061.7 -511.08 -105.1 0.0 16496.0 0.0 964
542.11 -1061.9 -501.89 -105.1 0.0 16339.0 0.0 963
542.13 -1062.06 -493.18 -105.1 0.0 16165.0 0.0 963
542.15 -1062.19 -483.5 -105.1 0.0 16008.0 0.0 963
542.17 -1062.23 -474.79 -105.1 0.0 15815.0 0.0 963
542.19 -1062.19 -465.59 -105.1 0.0 15586.0 0.0 963
542.21 -1062.01 -455.43 -105.1 0.0 15350.0 0.0 963
542.23 -1061.73 -446.72 -105.1 0.0 15129.0 0.0 963
542.26 -1061.29 -437.53 -124.1 0.0 14880.0 0.0 963
542.28 -1060.69 -428.36 -124.1 0.0 14676.0 0.0 963
542.3 -1059.87 -418.71 -124.1 0.0 14510.0 0.0 963
542.32 -1058.91 -409.57 -124.1 0.0 14303.0 0.0 963
542.34 -1057.79 -400.44 -124.1 0.0 14110.0 0.0 963
542.36 -1056.5 -391.33 -124.1 0.0 13861.0 0.0 963
542.38 -1055.04 -382.26 -124.1 0.0 13640.0 0.0 963
542.4 -1053.4 -373.21 -124.1 0.0 13350.0 0.0 963
542.42 -1051.57 -364.19 -124.1 0.0 13128.0 0.0 963
542.44 -1049.78 -356.16 -124.1 0.0 12838.0 0.0 963
542.46 -1047.58 -347.23 -124.1 0.0 12550.0 0.0 963
542.48 -1045.3 -338.83 -124.1 0.0 12196.0 0.0 963
542.5 -1042.83 -330.47 -124.1 0.0 11842.0 0.0 963
542.52 -1040.14 -322.19 -124.1 0.0 11372.0 0.0 963
542.54 -1037.04 -313.53 -124.1 0.0 10874.0 0.0 963
542.56 -1035.29 -304.5 -124.1 0.0 10442.0 0.0 963
542.58 -1034.5 -295.82 -124.1 0.0 10075.0 0.0 963
542.61 -1034.33 -287.11 -124.1 0.0 9638.0 0.0 963
542.63 -1034.62 -277.44 -144.1 0.0 9284.0 0.0 963
542.65 -1035.1 -268.74 -144.1 0.0 8906.0 0.0 963
542.67 -1035.75 -259.08 -144.1 0.0 8552.0 0.0 963
542.69 -1036.34 -250.39 -144.1 0.0 8220.0 0.0 963
542.71 -1036.89 -241.21 -144.1 0.0 7906.0 0.0 963
542.73 -1037.29 -232.51 -144.1 0.0 7574.0 0.0 963
542.75 -1037.55 -223.31 -144.1 0.0 7221.0 0.0 963
542.77 -1037.63 -214.6 -144.1 0.0 6946.0 0.0 963
542.79 -1037.5 -205.89 -144.1 0.0 6642.0 0.0 963
542.81 -1037.13 -196.7 -144.1 0.0 6420.0 0.0 963
542.83 -1036.61 -188.49 -144.1 0.0 6171.0 0.0 963
542.85 -1035.79 -179.33 -144.1 0.0 5949.0 0.0 963
542.87 -1034.87 -171.16 -140.67 0.0 5766.0 0.0 963
542.89 -1033.69 -162.52 -134.33 0.0 5618.0 0.0 963
542.9 -1032.4 -154.4 -133.22 0.0 5396.0 0.0 963
542.92 -1030.96 -146.3 -133.22 0.0 5187.0 0.0 963
542.94 -1029.46 -138.7 -133.22 0.0 4965.0 0.0 963
542.96 -1026.44 -131.04 -133.22 0.0 4631.0 0.0 963
542.98 -1022.31 -123.93 -133.22 0.0 4372.0 0.0 963
543.0 -1017.31 -117.39 -133.22 0.0 4113.0 0.0 963
543.02 -1011.65 -111.43 -133.22 0.0 3866.0 0.0 963
543.03 -1005.47 -105.99 -133.22 0.0 3657.0 0.0 963
543.05 -999.3 -101.3 -133.22 0.0 3435.0 0.0 963
543.07 -992.44 -96.76 -133.22 0.0 3287.0 0.0 977
543.09 -985.34 -92.6 -133.22 0.0 3113.0 0.0 977
543.11 -978.5 -88.99 -133.22 0.0 3002.0 0.0 977
543.12 -971.07 -85.45 -133.22 0.0 2871.0 0.0 977
543.14 -964.42 -82.52 -133.22 0.0 2797.0 0.0 977
543.16 -956.8 -79.44 -133.22 0.0 2728.0 0.0 977
543.18 -949.55 -76.71 -133.22 0.0 2617.0 0.0 977
543.2 -941.79 -73.97 -133.22 0.0 2548.0 0.0 977
543.21 -934.44 -71.53 -133.22 0.0 2474.0 0.0 977
543.23 -926.59 -69.07 -133.22 0.0 2405.0 0.0 977
543.25 -919.17 -66.85 -137.4 0.0 2340.0 0.0 977
543.27 -912.19 -64.85 -140.88 0.0 2271.0 0.0 977
543.28 -904.72 -62.81 -144.1 0.0 2271.0 0.0 977
543.3 -897.23 -60.84 -144.1 0.0 2233.0 0.0 977
543.32 -889.26 -58.81 -144.1 0.0 2233.0 0.0 977
543.34 -881.27 -56.85 -144.1 0.0 2233.0 0.0 977
543.36 -873.74 -55.04 -144.1 0.0 2233.0 0.0 977
543.38 -865.73 -53.16 -144.1 0.0 2233.0 0.0 977
543.39 -858.18 -51.41 -144.1 0.0 2233.0 0.0 977
543.41 -850.63 -49.69 -144.1 0.0 2233.0 0.0 977
543.43 -843.08 -47.98 -144.1 0.0 2233.0 0.0 977
543.45 -835.52 -46.29 -144.1 0.0 2233.0 0.0 977
543.46 -827.96 -44.6 -144.1 0.0 2233.0 0.0 977
543.48 -820.4 -42.93 -144.1 0.0 2233.0 0.0 977
543.5 -812.84 -41.26 -144.1 0.0 2233.0 0.0 977
543.52 -805.75 -39.69 -144.1 0.0 2233.0 0.0 977
543.53 -798.19 -38.03 -124.1 0.0 2233.0 0.0 977
543.55 -791.1 -36.48 -124.1 0.0 2195.0 0.0 977
543.57 -784.0 -34.93 -124.1 0.0 2195.0 0.0 977
543.58 -776.44 -33.28 -124.1 0.0 2157.0 0.0 977
543.6 -768.87 -31.64 -124.1 0.0 2157.0 0.0 977
543.62 -761.3 -30.01 -124.1 0.0 2081.0 0.0 977
543.64 -753.73 -28.39 -124.1 0.0 1976.0 0.0 977
543.65 -746.15 -26.79 -124.1 0.0 1844.0 0.0 977
543.67 -739.04 -25.31 -124.1 0.0 1620.0 0.0 977
543.69 -730.98 -23.68 -124.1 0.0 1389.0 0.0 977
543.71 -723.85 -22.31 -124.1 0.0 1108.0 0.0 977
543.72 -716.23 -20.94 -124.1 0.0 908.0 0.0 977
543.74 -710.02 -19.89 -124.1 0.0 724.0 0.0 977
543.75 -703.32 -18.87 -124.1 0.0 581.0 0.0 977
543.76 -697.09 -18.0 -124.1 0.0 438.0 0.0 977
543.78 -690.85 -17.23 -124.1 0.0 315.0 0.0 977
543.79 -684.11 -16.49 -124.1 0.0 258.0 0.0 977
543.81 -677.85 -15.89 -124.1 0.0 144.0 0.0 977
543.82 -671.58 -15.36 -124.1 0.0 144.0 0.0 977
543.84 -665.3 -14.91 -105.1 0.0 144.0 0.0 977
543.85 -659.51 -14.55 -105.1 0.0 144.0 0.0 977
543.86 -653.71 -14.23 -105.1 0.0 144.0 0.0 977
543.88 -647.42 -13.93 -105.1 0.0 144.0 0.0 1084
543.89 -641.62 -13.68 -105.1 0.0 144.0 0.0 1084
543.9 -635.81 -13.46 -105.1 0.0 144.0 0.0 1084
543.92 -629.53 -13.25 -105.1 0.0 144.0 0.0 1084
543.93 -624.2 -13.08 -105.1 0.0 106.0 0.0 1084
543.94 -617.92 -12.9 -103.23 0.0 106.0 0.0 1084
543.96 -612.11 -12.76 -103.23 0.0 106.0 0.0 1084
543.97 -606.3 -12.63 -103.23 0.0 106.0 0.0 1084
543.98 -600.5 -12.5 -103.23 0.0 106.0 0.0 1084
544.0 -594.69 -12.39 -103.23 0.0 106.0 0.0 1084
544.01 -588.88 -12.29 -103.23 0.0 106.0 0.0 1084
544.02 -582.59 -12.19 -103.23 0.0 106.0 0.0 1084
544.04 -577.27 -12.11 -103.23 0.0 106.0 0.0 1084
544.05 -571.46 -12.02 -103.23 0.0 106.0 0.0 1084
544.06 -565.65 -11.94 -103.23 0.0 106.0 0.0 1084
544.07 -559.36 -11.86 -103.23 0.0 106.0 0.0 1084
544.09 -554.52 -11.8 -103.23 0.0 106.0 0.0 1084
544.1 -548.71 -11.72 -103.23 0.0 106.0 0.0 1084
544.11 -543.39 -11.66 -103.23 0.0 106.0 0.0 1084
544.12 -538.07 -11.6 -103.23 0.0 106.0 0.0 1084
544.14 -532.26 -11.53 -103.23 0.0 106.0 0.0 1084
544.15 -526.94 -11.47 -103.23 0.0 106.0 0.0 1084
544.16 -521.61 -11.41 -103.23 0.0 106.0 0.0 1084
544.17 -515.8 -11.35 -105.1 0.0 106.0 0.0 1084
544.19 -510.48 -11.29 -105.1 0.0 106.0 0.0 1084
544.2 -505.16 -11.24 -105.1 0.0 106.0 0.0 1084
544.21 -499.35 -11.18 -105.1 0.0 106.0 0.0 1084
544.22 -494.03 -11.12 -105.1 0.0 106.0 0.0 1084
544.24 -488.7 -11.06 -105.1 0.0 106.0 0.0 1084
544.25 -482.41 -11.0 -105.1 0.0 106.0 0.0 1084
544.26 -477.09 -10.94 -105.1 0.0 106.0 0.0 1084
544.28 -471.28 -10.89 -105.1 0.0 106.0 0.0 1084
544.29 -465.95 -10.83 -105.1 0.0 106.0 0.0 1084
544.3 -460.15 -10.77 -105.1 0.0 106.0 0.0 1084
544.31 -454.82 -10.72 -105.1 0.0 106.0 0.0 1084
544.33 -449.02 -10.66 -105.1 0.0 106.0 0.0 1084
544.34 -443.21 -10.6 -105.1 0.0 106.0 0.0 1084
544.35 -437.4 -10.54 -105.1 0.0 106.0 0.0 1084
544.37 -432.08 -10.49 -105.1 0.0 106.0 0.0 1084
544.38 -426.27 -10.43 -105.1 0.0 106.0 0.0 1084
544.39 -420.94 -10.38 -105.1 0.0 106.0 0.0 1084
544.4 -415.14 -10.32 -105.1 0.0 106.0 0.0 1084
544.42 -409.33 -10.26 -105.1 0.0 106.0 0.0 1084
544.43 -404.01 -10.21 -105.1 0.0 106.0 0.0 1084
544.44 -398.2 -10.15 -105.1 0.0 65489.0 0.0 1084
544.45 -392.39 -10.09 -105.1 0.0 65489.0 0.0 1084
544.47 -387.07 -10.05 -105.1 0.0 65413.0 0.0 1084
544.48 -380.29 -10.01 -105.1 0.0 65365.0 0.0 1084
544.5 -374.97 -10.0 -105.1 0.0 65365.0 0.0 1084
544.51 -368.67 -10.0 -105.1 0.0 65365.0 0.0 1084
544.52 -362.38 -10.02 -105.1 0.0 65365.0 0.0 1084
544.54 -356.57 -10.05 -105.1 0.0 65365.0 0.0 1084
544.55 -350.77 -10.09 -105.1 0.0 65365.0 0.0 1084
544.56 -345.44 -10.13 -105.1 0.0 65365.0 0.0 1084
544.58 -339.64 -10.19 -105.1 0.0 65365.0 0.0 1084
544.59 -333.83 -10.25 -105.1 0.0 65365.0 0.0 1084
544.6 -328.02 -10.32 -105.1 0.0 65365.0 0.0 1084
544.62 -322.21 -10.39 -105.1 0.0 65365.0 0.0 1084
544.63 -316.41 -10.46 -105.1 0.0 65365.0 0.0 1084
544.64 -310.6 -10.54 -105.1 0.0 65365.0 0.0 1084
544.65 -305.27 -10.62 -105.1 0.0 65365.0 0.0 1084
544.67 -299.47 -10.7 -105.1 0.0 65365.0 0.0 1084
544.68 -293.18 -10.79 -105.1 0.0 65365.0 0.0 1084
544.69 -287.85 -10.87 -105.1 0.0 65365.0 0.0 1084
544.71 -282.04 -10.96 -105.1 0.0 65365.0 0.0 1084
544.72 -276.24 -11.05 -105.1 0.0 65365.0 0.0 1084
544.73 -269.95 -11.15 -105.1 0.0 65365.0 0.0 1084
544.75 -264.62 -11.23 -105.1 0.0 65365.0 0.0 1084
544.76 -258.33 -11.33 -105.1 0.0 65365.0 0.0 1084
544.77 -253.01 -11.42 -105.1 0.0 65365.0 0.0 1083
544.79 -247.2 -11.51 -105.1 0.0 65365.0 0.0 1083
544.8 -240.91 -11.61 -105.1 0.0 65365.0 0.0 1083
544.81 -235.1 -11.71 -105.1 0.0 65365.0 0.0 1083
544.83 -229.3 -11.8 -105.1 0.0 65365.0 0.0 1083
544.84 -223.49 -11.89 -105.1 0.0 65365.0 0.0 1083
544.85 -218.16 -11.98 -105.1 0.0 65365.0 0.0 1083
544.86 -212.36 -12.08 -105.1 0.0 65365.0 0.0 1083
544.88 -206.55 -12.17 -105.1 0.0 65365.0 0.0 1083
544.89 -200.26 -12.27 -105.1 0.0 65365.0 0.0 1083
544.9 -194.94 -12.36 -105.1 0.0 65365.0 0.0 1083
544.92 -189.13 -12.46 -105.1 0.0 65365.0 0.0 1083
544.93 -183.32 -12.55 -105.1 0.0 65365.0 0.0 1083
544.94 -177.51 -12.65 -105.1 0.0 65365.0 0.0 1083
544.96 -171.71 -12.74 -105.1 0.0 65365.0 0.0 1083
544.97 -165.42 -12.85 -105.1 0.0 65365.0 0.0 1083
544.98 -159.61 -12.94 -105.1 0.0 65365.0 0.0 1083
545.0 -153.8 -13.04 -105.1 0.0 65365.0 0.0 1083
545.01 -147.99 -13.13 -105.1 0.0 65365.0 0.0 1083
545.03 -141.7 -13.24 -105.1 0.0 65365.0 0.0 1083
545.04 -135.9 -13.33 -105.1 0.0 65365.0 0.0 1083
545.05 -130.09 -13.43 -105.1 0.0 65365.0 0.0 1083
545.07 -123.8 -13.53 -105.1 0.0 65365.0 0.0 1083
545.08 -117.51 -13.64 -105.1 0.0 65365.0 0.0 1083
545.09 -111.7 -13.73 -105.1 0.0 65365.0 0.0 1083
545.11 -105.41 -13.83 -105.1 0.0 65365.0 0.0 1083
545.12 -99.6 -13.93 -105.1 0.0 65365.0 0.0 1083
545.13 -93.79 -14.03 -105.1 0.0 65365.0 0.0 1083
545.15 -87.99 -14.12 -105.1 0.0 65365.0 0.0 1083
545.16 -81.7 -14.23 -105.1 0.0 65365.0 0.0 1083
545.18 -76.84 -14.31 -105.1 0.0 65365.0 0.0 1083
545.19 -73.31 -14.36 -105.1 0.0 65365.0 0.0 1083
545.2 -70.36 -14.41 -105.1 0.0 65365.0 0.0 1083
545.22 -68.08 -14.45 -105.1 0.0 65365.0 0.0 1083
545.23 -66.43 -14.48 -105.1 0.0 65365.0 0.0 1083
545.25 -65.04 -14.5 -105.1 0.0 65365.0 0.0 1083
545.47 -64.03 -14.52 -105.1 0.0 65365.0 0.0 1083
545.49 -61.57 -14.56 -105.1 0.0 65365.0 0.0 1083
