143.79 1395.38 -808.87 -98.97 0.0 28392.0 0.0 1018
143.81 1395.38 -808.87 -105.1 0.0 28392.0 0.0 1018
143.84 1394.48 -808.47 -105.1 0.0 28392.0 0.0 1018
143.86 1392.67 -807.66 -105.1 0.0 28392.0 0.0 1018
143.88 1389.95 -806.45 -105.1 0.0 28392.0 0.0 1018
143.9 1386.1 -804.73 -105.1 0.0 28392.0 0.0 1018
143.93 1381.25 -802.57 -105.1 0.0 28392.0 0.0 1018
143.95 1376.05 -800.25 -105.1 0.0 28392.0 0.0 1018
143.97 1369.67 -797.4 -105.1 0.0 28392.0 0.0 1018
144.0 1361.55 -793.78 -105.1 0.0 28392.0 0.0 1018
144.02 1352.34 -789.67 -105.1 0.0 28392.0 0.0 1018
144.04 1342.62 -785.34 -105.1 0.0 28392.0 0.0 1018
144.06 1333.78 -781.39 -105.1 0.0 28392.0 0.0 1018
144.08 1325.38 -777.65 -105.1 0.0 28392.0 0.0 1018
144.1 1317.42 -774.1 -105.1 0.0 28392.0 0.0 1018
144.12 1310.35 -770.95 -105.1 0.0 28392.0 0.0 1018
144.14 1302.84 -767.59 -105.1 0.0 28277.0 0.0 1018
144.15 1296.33 -763.39 -105.1 0.0 27910.0 0.0 1018
144.17 1290.75 -758.75 -105.1 0.0 27410.0 0.0 1018
144.18 1285.68 -753.55 -105.1 0.0 26912.0 0.0 1018
144.2 1281.41 -748.29 -105.1 0.0 26476.0 0.0 1018
144.22 1277.58 -742.71 -105.1 0.0 26109.0 0.0 1018
144.23 1273.96 -736.41 -105.1 0.0 25891.0 0.0 1018
144.25 1270.99 -730.32 -105.1 0.0 25758.0 0.0 1018
144.27 1268.23 -723.61 -105.1 0.0 25658.0 0.0 1018
144.28 1265.82 -716.75 -105.1 0.0 25592.0 0.0 1018
144.3 1263.73 -709.8 -105.1 0.0 25592.0 0.0 1018
144.31 1261.9 -702.78 -105.1 0.0 25592.0 0.0 1018
144.33 1259.26 -696.01 -105.1 0.0 25592.0 0.0 1018
144.35 1255.98 -689.54 -105.1 0.0 25592.0 0.0 1018
144.36 1252.48 -683.74 -105.1 0.0 25592.0 0.0 1018
144.38 1248.33 -677.78 -105.1 0.0 25592.0 0.0 1018
144.4 1243.87 -672.05 -105.1 0.0 25592.0 0.0 1018
144.41 1239.17 -666.52 -105.1 0.0 25592.0 0.0 1018
144.43 1233.94 -660.8 -105.1 0.0 25592.0 0.0 1082
144.45 1228.9 -655.58 -105.1 0.0 25592.0 0.0 1082
144.46 1223.74 -650.48 -105.1 0.0 25592.0 0.0 1082
144.48 1218.84 -645.79 -105.1 0.0 25592.0 0.0 1082
144.5 1213.53 -640.85 -105.1 0.0 25592.0 0.0 1082
144.51 1208.15 -635.97 -105.1 0.0 25592.0 0.0 1082
144.53 1204.03 -632.23 -105.1 0.0 25592.0 0.0 1082
144.55 1201.07 -629.54 -105.1 0.0 25592.0 0.0 1082
144.56 1199.12 -627.77 -105.1 0.0 25592.0 0.0 1082
144.58 1197.58 -626.37 -105.1 0.0 25592.0 0.0 1082
144.6 1196.45 -625.35 -105.1 0.0 25592.0 0.0 1082
144.61 1195.62 -624.59 -105.1 0.0 25592.0 0.0 1082
144.63 1195.0 -624.03 -105.1 0.0 25592.0 0.0 1082
144.64 1194.55 -623.62 -105.1 0.0 25592.0 0.0 1082
144.66 1194.22 -623.32 -105.1 0.0 25592.0 0.0 1082
144.68 1193.97 -623.1 -105.1 0.0 25592.0 0.0 1082
144.69 1193.79 -622.94 -105.1 0.0 25592.0 0.0 1082
144.71 1193.66 -622.82 -105.1 0.0 25592.0 0.0 1082
144.73 1193.79 -622.27 -105.1 0.0 30615.0 0.0 1082
144.75 1194.05 -621.19 -105.1 0.0 30748.0 0.0 1082
144.76 1194.41 -619.55 -105.1 0.0 30841.0 0.0 1082
144.78 1194.84 -617.55 -105.1 0.0 31041.0 0.0 1082
144.79 1195.39 -614.86 -105.1 0.0 31103.0 0.0 1082
144.81 1195.97 -611.86 -105.1 0.0 31370.0 0.0 1082
144.83 1196.68 -608.1 -105.1 0.0 31370.0 0.0 1082
144.84 1197.43 -603.78 -105.1 0.0 31600.0 0.0 1082
144.86 1198.23 -598.91 -105.1 0.0 31968.0 0.0 1082
144.88 1199.07 -593.47 -105.1 0.0 32343.0 0.0 1082
144.89 1199.83 -587.91 -105.1 0.0 32686.0 0.0 1082
144.91 1200.55 -581.86 -105.1 0.0 32998.0 0.0 1082
144.92 1201.2 -575.32 -105.1 0.0 33299.0 0.0 1082
144.94 1201.74 -568.08 -105.1 0.0 33549.0 0.0 1082
144.95 1202.09 -561.31 -105.1 0.0 33716.0 0.0 1082
144.97 1202.29 -554.05 -105.1 0.0 33850.0 0.0 1082
144.99 1202.32 -546.79 -105.1 0.0 34017.0 0.0 1082
145.0 1202.2 -539.53 -105.1 0.0 34151.0 0.0 1082
145.02 1201.93 -532.28 -105.1 0.0 34307.0 0.0 1082
145.04 1201.57 -525.51 -105.1 0.0 34474.0 0.0 1082
145.05 1201.04 -518.27 -105.1 0.0 34630.0 0.0 1082
145.07 1200.45 -511.52 -105.1 0.0 34764.0 0.0 1082
145.08 1199.68 -504.3 -103.19 0.0 34831.0 0.0 1082
145.1 1198.79 -497.1 -103.19 0.0 34831.0 0.0 1082
145.12 1197.8 -489.9 -103.19 0.0 34831.0 0.0 1082
145.13 1196.8 -483.2 -103.19 0.0 34831.0 0.0 1082
145.15 1195.5 -475.08 -104.56 0.0 34831.0 0.0 1082
145.17 1194.41 -468.3 -104.67 0.0 34831.0 0.0 1082
145.18 1193.22 -460.96 -105.04 0.0 34831.0 0.0 1082
145.2 1192.03 -453.61 -105.67 0.0 34831.0 0.0 1082
145.22 1190.91 -446.76 -106.49 0.0 34831.0 0.0 1082
145.23 1189.7 -439.41 -107.62 0.0 34831.0 0.0 1082
145.25 1188.48 -432.07 -109.01 0.0 34831.0 0.0 1082
145.26 1187.26 -424.73 -110.65 0.0 34831.0 0.0 1082
145.28 1186.04 -417.57 -110.65 0.0 34831.0 0.0 1082
145.3 1184.77 -410.43 -110.65 0.0 34831.0 0.0 1082
145.31 1183.56 -403.76 -110.65 0.0 34831.0 0.0 1082
145.33 1182.24 -396.62 -110.65 0.0 34831.0 0.0 1082
145.35 1180.72 -388.53 -110.65 0.0 34831.0 0.0 1082
145.36 1179.45 -381.88 -110.65 0.0 34831.0 0.0 1082
145.38 1178.08 -374.75 -110.65 0.0 34831.0 0.0 1082
145.4 1176.7 -367.62 -110.65 0.0 34831.0 0.0 1082
145.41 1175.41 -360.97 -110.65 0.0 34831.0 0.0 1082
145.43 1174.01 -353.84 -110.65 0.0 34831.0 0.0 1082
145.44 1172.7 -347.2 -110.65 0.0 34831.0 0.0 1082
145.46 1171.39 -340.55 -110.65 0.0 34831.0 0.0 1082
145.47 1169.98 -333.43 -110.65 0.0 34831.0 0.0 1082
145.49 1168.66 -326.78 -110.65 0.0 34831.0 0.0 1082
145.51 1167.25 -319.66 -110.65 0.0 34946.0 0.0 1015
145.53 1165.83 -312.54 -110.65 0.0 35107.0 0.0 1015
145.55 1164.11 -304.0 -110.65 0.0 35322.0 0.0 1015
145.56 1162.54 -296.41 -110.65 0.0 35537.0 0.0 1015
145.58 1160.91 -288.84 -110.65 0.0 35792.0 0.0 1015
145.6 1158.85 -279.88 -105.37 0.0 36027.0 0.0 1015
145.62 1157.14 -272.83 -103.22 0.0 36408.0 0.0 1015
145.64 1155.07 -264.86 -103.22 0.0 36903.0 0.0 1015
145.66 1152.84 -256.94 -105.1 0.0 37360.0 0.0 1015
145.68 1150.4 -249.08 -105.1 0.0 37664.0 0.0 1015
145.69 1147.73 -241.3 -105.1 0.0 37968.0 0.0 1015
145.71 1144.82 -233.61 -105.1 0.0 38290.0 0.0 1015
145.73 1141.48 -225.56 -105.1 0.0 38510.0 0.0 1015
145.75 1138.11 -218.05 -105.1 0.0 38839.0 0.0 1015
145.77 1134.08 -209.79 -105.1 0.0 39150.0 0.0 1015
145.79 1130.04 -202.07 -105.1 0.0 39479.0 0.0 1015
145.81 1125.52 -194.06 -105.1 0.0 39764.0 0.0 1015
145.83 1121.01 -186.6 -105.1 0.0 40075.0 0.0 1015
145.85 1116.29 -179.28 -105.1 0.0 40425.0 0.0 1015
145.87 1111.36 -172.1 -105.1 0.0 40806.0 0.0 1015
145.89 1106.81 -165.84 -105.1 0.0 41217.0 0.0 1015
145.91 1101.15 -158.59 -105.1 0.0 41509.0 0.0 1015
145.92 1096.52 -153.0 -105.1 0.0 41768.0 0.0 1015
145.94 1091.73 -147.54 -105.1 0.0 42101.0 0.0 1015
145.95 1088.36 -143.7 -105.1 0.0 42339.0 0.0 1015
145.97 1086.23 -141.27 -105.1 0.0 42728.0 0.0 1015
145.98 1084.09 -138.83 -105.1 0.0 43091.0 0.0 1015
146.0 1082.58 -137.11 -105.1 0.0 43424.0 0.0 1015
146.01 1081.45 -135.81 -105.1 0.0 43727.0 0.0 1015
146.03 1080.59 -134.84 -105.1 0.0 44008.0 0.0 1015
146.05 1079.98 -134.14 -105.1 0.0 44332.0 0.0 1015
146.06 1079.46 -133.55 -105.1 0.0 44604.0 0.0 1015
146.08 1079.1 -133.13 -105.1 0.0 44885.0 0.0 1015
146.09 1078.83 -132.83 -105.1 0.0 45157.0 0.0 1015
146.11 1078.62 -132.59 -105.1 0.0 45611.0 0.0 1015
146.12 1078.46 -132.41 -105.1 0.0 46061.0 0.0 1015
146.14 1078.35 -132.27 -105.1 0.0 46485.0 0.0 1015
146.16 1078.08 -131.52 -105.1 0.0 36353.0 0.0 1015
146.18 1077.11 -130.56 -105.1 0.0 36353.0 0.0 1015
146.2 1075.45 -129.35 -105.1 0.0 36353.0 0.0 1015
146.22 1073.12 -127.88 -105.1 0.0 36353.0 0.0 1015
146.24 1070.12 -126.15 -105.1 0.0 36353.0 0.0 1015
146.26 1066.45 -124.15 -105.1 0.0 36353.0 0.0 1015
146.28 1062.12 -121.87 -105.1 0.0 36353.0 0.0 1015
146.29 1057.12 -119.32 -105.1 0.0 36353.0 0.0 1015
146.31 1051.47 -116.49 -105.1 0.0 36353.0 0.0 1015
146.33 1045.16 -113.36 -105.1 0.0 36353.0 0.0 1015
146.35 1037.74 -109.73 -105.1 0.0 36353.0 0.0 1015
146.37 1030.34 -106.14 -105.1 0.0 36353.0 0.0 1015
146.39 1022.93 -102.56 -105.1 0.0 36353.0 0.0 1015
146.41 1015.96 -99.2 -105.1 0.0 36353.0 0.0 1015
146.42 1008.54 -95.65 -105.1 0.0 36353.0 0.0 1015
146.44 1001.11 -92.1 -105.1 0.0 36353.0 0.0 1015
146.46 993.68 -88.56 -105.1 0.0 36353.0 0.0 1015
146.48 986.25 -85.03 -105.1 0.0 36353.0 0.0 1081
146.5 979.26 -81.7 -105.1 0.0 36353.0 0.0 1081
146.52 972.26 -78.38 -105.1 0.0 36353.0 0.0 1081
146.53 965.27 -75.06 -105.1 0.0 36353.0 0.0 1081
146.55 958.27 -71.74 -105.1 0.0 36353.0 0.0 1081
146.57 950.84 -68.22 -105.1 0.0 36353.0 0.0 1081
146.59 943.84 -64.9 -105.1 0.0 36353.0 0.0 1081
146.6 936.84 -61.59 -105.1 0.0 36353.0 0.0 1081
146.62 929.84 -58.28 -105.1 0.0 36353.0 0.0 1081
146.64 922.84 -54.96 -105.1 0.0 36353.0 0.0 1081
146.66 915.4 -51.44 -105.1 0.0 36353.0 0.0 1081
146.68 908.4 -48.13 -105.1 0.0 36353.0 0.0 1081
146.69 901.4 -44.82 -105.1 0.0 36353.0 0.0 1081
146.71 893.96 -41.3 -105.1 0.0 36353.0 0.0 1081
146.73 886.96 -37.99 -105.1 0.0 36353.0 0.0 1081
146.75 879.96 -34.68 -105.1 0.0 36353.0 0.0 1081
146.77 872.53 -31.16 -105.1 0.0 36353.0 0.0 1081
146.79 865.09 -27.64 -105.1 0.0 36353.0 0.0 1081
146.8 857.65 -24.12 -105.1 0.0 36353.0 0.0 1081
146.82 850.65 -20.81 -105.1 0.0 36353.0 0.0 1081
146.84 843.65 -17.5 -105.1 0.0 36353.0 0.0 1081
146.85 837.09 -14.4 -105.1 0.0 36353.0 0.0 1081
146.87 830.09 -11.08 -105.1 0.0 36353.0 0.0 1081
146.89 823.09 -7.77 -105.1 0.0 36353.0 0.0 1081
146.91 816.09 -4.46 -105.1 0.0 36353.0 0.0 1081
146.92 809.09 -1.15 -105.1 0.0 36353.0 0.0 1081
146.94 802.52 1.95 -105.1 0.0 36353.0 0.0 1081
146.96 795.52 5.26 -105.1 0.0 36353.0 0.0 1081
146.98 788.52 8.58 -105.1 0.0 36353.0 0.0 1081
146.99 781.96 11.68 -105.1 0.0 36353.0 0.0 1081
147.01 774.96 14.99 -105.1 0.0 36353.0 0.0 1081
147.03 767.96 18.3 -105.1 0.0 36353.0 0.0 1081
147.05 760.53 20.5 -105.1 0.0 36353.0 0.0 1081
147.06 752.89 21.75 -105.1 0.0 36353.0 0.0 1081
147.08 744.67 22.2 -105.1 0.0 36353.0 0.0 1081
147.1 736.93 21.99 -105.1 0.0 36353.0 0.0 1081
147.12 729.22 21.28 -105.1 0.0 36353.0 0.0 1081
147.13 722.03 20.27 -105.1 0.0 36353.0 0.0 1081
147.15 714.42 18.87 -105.1 0.0 36353.0 0.0 1081
147.17 707.32 17.33 -105.1 0.0 36353.0 0.0 1081
147.19 699.8 15.49 -105.1 0.0 36353.0 0.0 1081
147.2 692.32 13.49 -105.1 0.0 36353.0 0.0 1081
147.22 684.87 11.37 -105.1 0.0 36353.0 0.0 1081
147.24 677.45 9.14 -105.1 0.0 36353.0 0.0 1081
147.25 670.52 6.98 -105.1 0.0 36353.0 0.0 1081
147.27 663.61 4.77 -105.1 0.0 36353.0 0.0 1081
147.29 655.97 3.52 -105.1 0.0 36353.0 0.0 1081
147.3 648.71 3.17 -105.1 0.0 36353.0 0.0 1081
147.32 641.46 3.49 -105.1 0.0 36353.0 0.0 1081
147.34 633.78 4.46 -105.1 0.0 36353.0 0.0 1059
147.36 626.64 5.8 -105.1 0.0 36353.0 0.0 1059
147.38 618.65 7.77 -105.1 0.0 36353.0 0.0 1059
147.39 611.22 9.93 -105.1 0.0 36353.0 0.0 1059
147.41 604.77 12.01 -105.1 0.0 36353.0 0.0 1059
147.42 598.37 14.23 -105.1 0.0 36353.0 0.0 1059
147.44 591.56 16.76 -105.1 0.0 36353.0 0.0 1059
147.45 585.25 19.22 -105.1 0.0 36353.0 0.0 1059
147.47 578.52 21.95 -105.1 0.0 36353.0 0.0 1059
147.49 571.82 24.75 -105.1 0.0 36353.0 0.0 1059
147.5 565.59 27.42 -105.1 0.0 36353.0 0.0 1059
147.52 558.94 30.32 -105.1 0.0 36353.0 0.0 1059
147.53 552.3 33.26 -105.1 0.0 36353.0 0.0 1059
147.55 546.12 36.04 -105.1 0.0 36353.0 0.0 1059
147.57 539.51 39.04 -105.1 0.0 36353.0 0.0 1059
147.58 533.35 41.85 -105.1 0.0 36353.0 0.0 1059
147.6 525.9 43.97 -105.1 0.0 36353.0 0.0 1059
147.62 519.22 45.11 -105.1 0.0 36353.0 0.0 1059
147.63 512.46 45.63 -105.1 0.0 36353.0 0.0 1059
147.65 505.69 45.64 -105.1 0.0 36353.0 0.0 1059
147.66 498.92 45.24 -105.1 0.0 36353.0 0.0 1059
147.68 492.19 44.48 -105.1 0.0 36353.0 0.0 1059
147.69 485.49 43.45 -105.1 0.0 36353.0 0.0 1059
147.71 478.36 42.07 -105.1 0.0 36353.0 0.0 1059
147.73 470.81 40.37 -105.1 0.0 36353.0 0.0 1059
147.74 464.7 38.86 -105.1 0.0 36353.0 0.0 1059
147.76 458.15 37.11 -105.1 0.0 36353.0 0.0 1059
147.77 451.63 35.27 -105.1 0.0 36277.0 0.0 1059
147.79 445.14 33.34 -105.1 0.0 35920.0 0.0 1059
147.8 438.66 31.36 -105.1 0.0 35250.0 0.0 1059
147.82 431.72 29.23 -105.1 0.0 34297.0 0.0 1059
147.83 425.22 27.31 -105.1 0.0 33329.0 0.0 1059
147.85 419.14 25.67 -105.1 0.0 32317.0 0.0 1059
147.86 412.54 24.16 -105.1 0.0 31305.0 0.0 1059
147.88 405.87 22.97 -105.1 0.0 31114.0 0.0 1059
147.9 398.66 22.13 -105.1 0.0 30489.0 0.0 1059
147.91 391.89 21.68 -105.1 0.0 29834.0 0.0 1059
147.93 385.12 21.58 -105.1 0.0 29343.0 0.0 1059
147.94 378.35 21.85 -105.1 0.0 29083.0 0.0 1059
147.96 371.6 22.46 -105.1 0.0 28939.0 0.0 1059
147.97 364.89 23.4 -105.1 0.0 28939.0 0.0 1059
147.99 358.7 24.51 -105.1 0.0 28939.0 0.0 1059
148.0 351.6 26.05 -105.1 0.0 28939.0 0.0 1059
148.02 345.02 27.67 -105.1 0.0 28939.0 0.0 1059
148.03 338.48 29.44 -105.1 0.0 28939.0 0.0 1059
148.05 331.98 31.34 -105.1 0.0 28939.0 0.0 1059
148.06 325.5 33.33 -105.1 0.0 28939.0 0.0 1059
148.08 319.05 35.4 -105.1 0.0 28901.0 0.0 1059
148.1 312.62 37.54 -105.1 0.0 28901.0 0.0 1059
148.11 305.75 39.9 -105.1 0.0 28901.0 0.0 1059
148.13 299.36 42.15 -105.1 0.0 28901.0 0.0 1059
148.14 292.98 44.44 -105.1 0.0 28901.0 0.0 1059
148.16 286.62 46.75 -105.1 0.0 28901.0 0.0 1059
148.17 280.26 49.09 -105.1 0.0 28901.0 0.0 1059
148.19 273.91 51.46 -105.1 0.0 28901.0 0.0 1059
148.21 267.56 53.84 -105.1 0.0 28901.0 0.0 1059
148.22 260.77 56.4 -105.1 0.0 28901.0 0.0 1059
148.24 254.44 58.81 -105.1 0.0 28901.0 0.0 1059
148.25 248.11 61.22 -105.1 0.0 28901.0 0.0 1059
148.27 241.78 63.65 -105.1 0.0 28901.0 0.0 1059
148.28 235.0 66.25 -105.1 0.0 28901.0 0.0 1059
148.3 228.68 68.68 -105.1 0.0 28901.0 0.0 1059
148.31 222.35 71.12 -105.1 0.0 28901.0 0.0 1059
148.33 216.03 73.56 -105.1 0.0 28901.0 0.0 1059
148.35 210.16 75.83 -105.1 0.0 28901.0 0.0 1059
148.36 202.49 78.8 -105.1 0.0 28901.0 0.0 1059
148.38 196.17 81.25 -105.1 0.0 28901.0 0.0 1059
148.39 190.3 83.52 -105.1 0.0 28977.0 0.0 1059
148.41 183.99 85.97 -105.1 0.0 29085.0 0.0 1059
148.42 178.12 88.24 -105.1 0.0 29259.0 0.0 1059
148.44 171.79 90.66 -105.1 0.0 29491.0 0.0 1059
148.45 165.45 93.06 -105.1 0.0 29753.0 0.0 1083
148.47 159.09 95.39 -105.1 0.0 30073.0 0.0 1083
148.49 152.71 97.66 -105.1 0.0 30416.0 0.0 1083
148.5 145.83 99.98 -105.1 0.0 30727.0 0.0 1083
148.52 138.9 102.16 -105.1 0.0 30989.0 0.0 1083
148.53 132.4 104.07 -105.1 0.0 31207.0 0.0 1083
148.55 125.39 105.96 -105.1 0.0 31300.0 0.0 1083
148.57 118.34 107.7 -105.1 0.0 31487.0 0.0 1083
148.58 111.26 109.29 -105.1 0.0 31586.0 0.0 1083
148.6 103.67 110.85 -105.1 0.0 31702.0 0.0 1083
148.62 97.01 112.1 -105.1 0.0 32013.0 0.0 1083
148.63 89.86 113.32 -105.1 0.0 32013.0 0.0 1083
148.65 82.68 114.41 -105.1 0.0 32051.0 0.0 1083
148.67 75.0 115.45 -105.1 0.0 32396.0 0.0 1083
148.68 67.8 116.33 -105.1 0.0 32718.0 0.0 1083
148.7 61.06 117.05 -105.1 0.0 33052.0 0.0 1083
148.72 53.35 117.71 -105.1 0.0 33315.0 0.0 1083
148.73 46.58 118.15 -105.1 0.0 33534.0 0.0 1083
148.75 39.33 118.46 -105.1 0.0 33659.0 0.0 1083
148.76 32.07 118.6 -105.1 0.0 33847.0 0.0 1083
148.78 24.81 118.6 -105.1 0.0 33947.0 0.0 1083
148.8 17.07 118.43 -105.1 0.0 34072.0 0.0 1083
148.82 9.81 118.15 -105.1 0.0 34134.0 0.0 1083
148.83 2.57 117.74 -105.1 0.0 34259.0 0.0 1083
148.85 -4.68 117.23 -105.1 0.0 34321.0 0.0 1083
148.86 -11.91 116.62 -105.1 0.0 34446.0 0.0 1083
148.88 -19.14 115.92 -105.1 0.0 34634.0 0.0 1083
148.9 -26.35 115.12 -105.1 0.0 35010.0 0.0 1083
148.92 -33.56 114.24 -105.1 0.0 35512.0 0.0 1083
148.93 -41.22 113.14 -105.1 0.0 35951.0 0.0 1083
148.95 -48.39 111.95 -105.1 0.0 36319.0 0.0 1083
148.96 -55.98 110.46 -105.1 0.0 36494.0 0.0 1083
148.98 -62.6 108.97 -105.1 0.0 36661.0 0.0 1083
149.0 -70.1 107.07 -105.1 0.0 36727.0 0.0 1083
149.02 -77.56 104.97 -105.1 0.0 36883.0 0.0 1083
149.03 -84.51 102.87 -105.1 0.0 37196.0 0.0 1083
149.05 -91.41 100.63 -105.1 0.0 37497.0 0.0 1083
149.07 -98.72 98.07 -105.1 0.0 37697.0 0.0 1083
149.09 -105.97 95.34 -105.1 0.0 37864.0 0.0 1083
149.1 -113.15 92.44 -105.1 0.0 37989.0 0.0 1083
149.12 -119.82 89.58 -105.1 0.0 38122.0 0.0 1083
149.14 -126.88 86.4 -105.1 0.0 38310.0 0.0 1083
149.15 -133.45 83.3 -105.1 0.0 38529.0 0.0 1083
149.17 -139.96 80.09 -105.1 0.0 38717.0 0.0 1083
149.19 -147.68 76.06 -105.1 0.0 38867.0 0.0 1083
149.21 -155.33 71.88 -105.1 0.0 39080.0 0.0 1083
149.23 -162.47 67.8 -105.1 0.0 39205.0 0.0 1083
149.25 -168.71 64.09 -105.1 0.0 39205.0 0.0 1083
149.26 -175.31 60.03 -105.1 0.0 39205.0 0.0 1083
149.28 -181.44 56.14 -105.1 0.0 39205.0 0.0 1083
149.29 -187.53 52.2 -105.1 0.0 39243.0 0.0 1083
149.31 -193.59 48.2 -105.1 0.0 39243.0 0.0 1083
149.33 -199.22 44.43 -105.1 0.0 39281.0 0.0 1083
149.34 -205.63 40.08 -105.1 0.0 39344.0 0.0 1083
149.36 -211.61 35.97 -105.1 0.0 39407.0 0.0 1083
149.38 -217.58 31.83 -105.1 0.0 39533.0 0.0 1083
149.39 -223.52 27.65 -105.1 0.0 39596.0 0.0 1083
149.41 -229.43 23.43 -105.1 0.0 39722.0 0.0 1083
149.43 -235.31 19.18 -105.1 0.0 39722.0 0.0 1083
149.44 -240.48 14.09 -105.1 0.0 39722.0 0.0 1083
149.46 -244.98 8.38 -105.1 0.0 39722.0 0.0 1083
149.48 -249.07 1.81 -105.1 0.0 39722.0 0.0 1083
149.49 -252.2 -4.2 -105.1 0.0 39722.0 0.0 1083
149.51 -255.25 -11.32 -105.1 0.0 39722.0 0.0 1084
149.53 -257.6 -17.67 -105.1 0.0 39722.0 0.0 1084
149.54 -259.93 -25.06 -105.1 0.0 39722.0 0.0 1084
149.56 -261.86 -32.06 -105.1 0.0 39722.0 0.0 1084
149.58 -263.69 -39.58 -105.1 0.0 39722.0 0.0 1084
149.59 -265.15 -46.2 -105.1 0.0 39722.0 0.0 1084
149.61 -266.58 -53.32 -105.1 0.0 39722.0 0.0 1084
149.63 -267.98 -60.93 -105.1 0.0 39722.0 0.0 1084
149.64 -269.2 -68.09 -105.1 0.0 39569.0 0.0 1084
149.66 -270.36 -75.26 -105.1 0.0 39443.0 0.0 1084
149.68 -271.48 -82.43 -105.1 0.0 39296.0 0.0 1084
149.69 -272.51 -89.13 -105.1 0.0 39075.0 0.0 1084
149.71 -273.62 -96.3 -105.1 0.0 38917.0 0.0 1057
149.73 -274.78 -103.47 -105.1 0.0 38850.0 0.0 1056
149.74 -277.21 -110.82 -105.1 0.0 38850.0 0.0 1056
149.76 -280.07 -116.96 -105.1 0.0 38735.0 0.0 1056
149.78 -284.4 -123.96 -105.1 0.0 38590.0 0.0 1056
149.8 -289.37 -130.52 -105.1 0.0 38462.0 0.0 1056
149.81 -294.15 -135.98 -105.1 0.0 38270.0 0.0 1056
149.83 -299.25 -141.15 -105.1 0.0 38142.0 0.0 1056
149.85 -304.6 -146.06 -105.1 0.0 38040.0 0.0 1056
149.86 -310.54 -151.02 -105.1 0.0 37932.0 0.0 1056
149.88 -317.07 -156.02 -105.1 0.0 37804.0 0.0 1056
149.9 -322.97 -160.26 -105.1 0.0 37804.0 0.0 1056
149.91 -328.57 -164.08 -105.1 0.0 37804.0 0.0 1056
149.93 -335.07 -168.28 -105.1 0.0 37804.0 0.0 1056
149.95 -340.41 -171.62 -105.1 0.0 37766.0 0.0 1056
149.96 -347.04 -175.62 -105.1 0.0 37708.0 0.0 1056
149.98 -352.88 -179.05 -105.1 0.0 37645.0 0.0 1056
149.99 -359.18 -182.66 -105.1 0.0 37519.0 0.0 1056
150.01 -365.51 -186.21 -105.1 0.0 37330.0 0.0 1056
150.03 -371.89 -189.68 -105.1 0.0 36984.0 0.0 1056
150.04 -378.3 -193.08 -105.1 0.0 36701.0 0.0 1056
150.06 -384.77 -196.38 -105.1 0.0 36481.0 0.0 1056
150.08 -391.3 -199.55 -105.1 0.0 36313.0 0.0 1056
150.09 -398.33 -202.8 -105.1 0.0 36078.0 0.0 1056
150.11 -404.53 -205.54 -105.1 0.0 35675.0 0.0 1056
150.13 -411.67 -208.53 -105.1 0.0 34951.0 0.0 1056
150.14 -418.74 -210.2 -105.1 0.0 34069.0 0.0 1056
150.16 -425.97 -210.82 -105.1 0.0 32962.0 0.0 1056
150.18 -433.18 -209.47 -105.1 0.0 32286.0 0.0 1056
150.2 -438.42 -207.28 -105.1 0.0 32144.0 0.0 1056
150.21 -443.74 -203.26 -105.1 0.0 31577.0 0.0 1056
150.23 -447.73 -198.86 -105.1 0.0 31010.0 0.0 1056
150.25 -451.55 -192.48 -105.1 0.0 30658.0 0.0 1057
150.27 -454.43 -185.17 -105.1 0.0 30507.0 0.0 1057
150.29 -456.44 -177.01 -105.1 0.0 30365.0 0.0 1057
150.31 -457.6 -168.87 -105.1 0.0 30290.0 0.0 1057
150.33 -458.11 -160.17 -105.1 0.0 30215.0 0.0 1057
150.35 -458.02 -151.46 -105.1 0.0 30215.0 0.0 1057
150.37 -457.52 -143.24 -105.1 0.0 30215.0 0.0 1057
150.39 -456.62 -134.58 -105.1 0.0 30215.0 0.0 1057
150.41 -455.37 -125.47 -105.1 0.0 30215.0 0.0 1057
150.43 -453.96 -116.87 -105.1 0.0 30215.0 0.0 1057
150.45 -453.84 -108.64 -105.1 0.0 30215.0 0.0 1057
150.47 -454.69 -100.46 -105.1 0.0 30215.0 0.0 1057
150.49 -456.58 -91.46 -105.1 0.0 30215.0 0.0 1057
150.51 -459.36 -82.19 -105.1 0.0 30215.0 0.0 1057
150.53 -462.52 -73.55 -105.1 0.0 30215.0 0.0 1055
150.56 -466.28 -64.63 -105.1 0.0 30215.0 0.0 1084
150.58 -470.35 -55.85 -105.1 0.0 30253.0 0.0 1084
150.6 -474.66 -47.18 -105.1 0.0 30413.0 0.0 1084
150.62 -478.91 -39.03 -105.1 0.0 30533.0 0.0 1084
150.64 -483.32 -30.96 -105.1 0.0 30684.0 0.0 1084
150.66 -487.62 -23.38 -105.1 0.0 30722.0 0.0 1084
150.68 -492.29 -15.46 -105.1 0.0 30802.0 0.0 1084
150.7 -497.07 -7.6 -105.1 0.0 30962.0 0.0 1084
150.72 -501.95 0.19 -105.1 0.0 31202.0 0.0 1084
150.74 -506.92 7.93 -105.1 0.0 31402.0 0.0 1084
150.77 -512.01 15.59 -105.1 0.0 31478.0 0.0 1084
150.79 -517.51 23.56 -105.1 0.0 31516.0 0.0 1084
150.81 -523.12 31.44 -105.1 0.0 31516.0 0.0 1084
150.83 -528.54 38.87 -103.23 0.0 31516.0 0.0 1084
150.85 -534.31 46.65 -103.23 0.0 31516.0 0.0 1084
150.87 -539.84 53.99 -103.23 0.0 31516.0 0.0 1084
150.9 -545.7 61.7 -103.23 0.0 31516.0 0.0 1084
150.92 -551.59 69.38 -103.23 0.0 31516.0 0.0 1084
150.94 -557.2 76.66 -103.23 0.0 31516.0 0.0 1084
150.96 -562.83 83.94 -103.23 0.0 31516.0 0.0 1084
150.98 -568.47 91.2 -103.23 0.0 31516.0 0.0 1084
151.0 -574.72 99.22 -103.23 0.0 31516.0 0.0 1084
151.02 -580.38 106.47 -103.23 0.0 31516.0 0.0 1084
151.04 -585.74 113.33 -103.23 0.0 31516.0 0.0 1084
151.07 -591.7 120.96 -103.23 0.0 31516.0 0.0 1084
151.09 -597.67 128.58 -103.23 0.0 31516.0 0.0 1084
151.11 -603.04 135.44 -103.23 0.0 31516.0 0.0 1084
151.13 -608.72 142.68 -103.23 0.0 31631.0 0.0 1084
151.15 -614.09 149.53 -103.23 0.0 31841.0 0.0 1084
151.17 -620.08 157.13 -103.23 0.0 32178.0 0.0 1084
151.19 -626.13 164.69 -103.23 0.0 32519.0 0.0 1084
151.21 -631.66 171.43 -105.1 0.0 32755.0 0.0 1084
151.24 -638.26 179.15 -105.1 0.0 32831.0 0.0 1084
151.26 -644.69 186.39 -105.1 0.0 33364.0 0.0 977
151.28 -651.23 193.52 -105.1 0.0 33939.0 0.0 977
151.3 -659.59 199.31 -105.1 0.0 34647.0 0.0 977
151.33 -668.86 203.47 -105.1 0.0 35357.0 0.0 977
151.35 -679.15 206.21 -105.1 0.0 35989.0 0.0 977
151.37 -688.75 207.5 -105.1 0.0 36764.0 0.0 977
151.4 -699.88 207.59 -105.1 0.0 37236.0 0.0 977
151.42 -710.0 206.63 -105.1 0.0 37699.0 0.0 977
151.45 -720.46 204.67 -105.1 0.0 38409.0 0.0 977
151.47 -730.74 201.89 -105.1 0.0 39184.0 0.0 977
151.5 -741.67 197.95 -105.1 0.0 39987.0 0.0 977
151.52 -751.39 193.61 -105.1 0.0 40759.0 0.0 977
151.55 -760.76 188.55 -105.1 0.0 41631.0 0.0 977
151.57 -770.12 182.53 -105.1 0.0 42600.0 0.0 977
151.6 -778.98 175.78 -105.1 0.0 43476.0 0.0 977
151.62 -787.58 167.97 -124.1 0.0 43948.0 0.0 977
151.65 -794.56 160.58 -124.1 0.0 44428.0 0.0 977
151.67 -801.59 151.95 -144.1 0.0 44972.0 0.0 977
151.7 -808.04 142.88 -144.1 0.0 45339.0 0.0 977
151.72 -813.68 133.85 -144.1 0.0 45660.0 0.0 977
151.74 -818.83 124.53 -144.1 0.0 45894.0 0.0 977
151.77 -823.35 115.42 -144.1 0.0 46086.0 0.0 977
151.79 -827.87 105.25 -144.1 0.0 46211.0 0.0 977
151.81 -831.52 96.29 -144.1 0.0 46302.0 0.0 977
151.84 -837.26 87.32 -144.1 0.0 46389.0 0.0 977
151.86 -843.78 79.52 -144.1 0.0 46427.0 0.0 977
151.88 -850.99 72.36 -144.1 0.0 46558.0 0.0 977
151.91 -858.68 65.71 -144.1 0.0 46725.0 0.0 977
151.93 -866.27 59.7 -144.1 0.0 46908.0 0.0 977
151.95 -874.83 53.37 -144.1 0.0 47075.0 0.0 977
151.98 -882.71 47.74 -144.1 0.0 47151.0 0.0 977
152.0 -891.03 41.91 -144.1 0.0 47151.0 0.0 977
152.02 -898.98 36.39 -144.1 0.0 47151.0 0.0 977
152.04 -906.95 30.9 -144.1 0.0 47151.0 0.0 977
152.07 -915.34 25.16 -140.74 0.0 47227.0 0.0 977
152.09 -923.74 19.43 -134.33 0.0 47265.0 0.0 977
152.11 -932.53 13.42 -133.22 0.0 47265.0 0.0 977
152.13 -940.91 7.68 -133.22 0.0 47265.0 0.0 977
152.16 -948.89 2.2 -133.22 0.0 47265.0 0.0 977
152.18 -956.87 -3.28 -133.22 0.0 47265.0 0.0 977
152.2 -963.94 -10.59 -133.22 0.0 47265.0 0.0 977
152.22 -969.59 -18.45 -133.22 0.0 47265.0 0.0 977
152.25 -974.34 -26.88 -133.22 0.0 47265.0 0.0 977
152.27 -978.37 -35.68 -133.22 0.0 47265.0 0.0 977
152.29 -981.99 -45.18 -133.22 0.0 47265.0 0.0 977
152.31 -984.89 -53.91 -133.22 0.0 47265.0 0.0 977
152.33 -987.73 -63.67 -133.22 0.0 47265.0 0.0 977
152.35 -990.08 -72.56 -133.22 0.0 47265.0 0.0 977
152.38 -992.27 -81.49 -133.22 0.0 47265.0 0.0 977
152.4 -994.43 -90.93 -133.22 0.0 47265.0 0.0 977
152.42 -996.39 -99.91 -133.22 0.0 47265.0 0.0 963
152.44 -998.37 -109.39 -133.22 0.0 47265.0 0.0 963
152.46 -1000.2 -118.4 -133.22 0.0 47265.0 0.0 963
152.48 -1001.98 -127.42 -133.22 0.0 47265.0 0.0 963
152.5 -1003.74 -136.45 -133.22 0.0 47265.0 0.0 963
152.53 -1005.47 -145.48 -133.22 0.0 47265.0 0.0 963
152.55 -1007.36 -155.46 -136.45 0.0 47265.0 0.0 963
152.57 -1009.06 -164.5 -139.3 0.0 47265.0 0.0 963
152.59 -1010.83 -174.02 -144.1 0.0 47265.0 0.0 963
152.61 -1012.51 -183.06 -144.1 0.0 47265.0 0.0 963
152.64 -1014.27 -192.58 -144.1 0.0 47265.0 0.0 963
152.66 -1016.2 -203.05 -144.1 0.0 47265.0 0.0 963
152.68 -1017.87 -212.09 -144.1 0.0 47265.0 0.0 963
152.7 -1019.44 -220.66 -144.1 0.0 47265.0 0.0 963
152.72 -1021.02 -229.23 -144.1 0.0 47265.0 0.0 963
152.74 -1022.68 -238.28 -144.1 0.0 47265.0 0.0 963
152.76 -1024.34 -247.32 -144.1 0.0 47265.0 0.0 963
152.78 -1026.0 -256.37 -144.1 0.0 47265.0 0.0 963
152.8 -1027.57 -264.93 -144.1 0.0 47265.0 0.0 963
152.82 -1029.22 -273.98 -144.1 0.0 47265.0 0.0 963
152.84 -1030.88 -283.03 -144.1 0.0 47265.0 0.0 963
152.87 -1032.54 -292.07 -124.1 0.0 47265.0 0.0 963
152.89 -1034.37 -302.07 -124.1 0.0 47265.0 0.0 963
152.91 -1036.11 -311.59 -124.1 0.0 47265.0 0.0 963
152.93 -1037.77 -320.64 -124.1 0.0 47265.0 0.0 963
152.95 -1039.6 -330.63 -124.1 0.0 47265.0 0.0 963
152.98 -1041.34 -340.16 -124.1 0.0 47265.0 0.0 963
153.0 -1043.17 -350.15 -124.1 0.0 47265.0 0.0 963
153.02 -1044.91 -359.68 -124.1 0.0 47265.0 0.0 963
153.05 -1046.83 -370.15 -124.1 0.0 47265.0 0.0 963
153.07 -1048.66 -380.15 -124.1 0.0 47265.0 0.0 963
153.09 -1050.57 -390.62 -124.1 0.0 47265.0 0.0 963
153.12 -1052.4 -400.62 -124.1 0.0 47265.0 0.0 963
153.14 -1054.23 -410.62 -124.1 0.0 47265.0 0.0 963
153.16 -1056.06 -420.62 -124.1 0.0 47265.0 0.0 963
153.19 -1057.98 -431.09 -124.1 0.0 47265.0 0.0 963
153.21 -1059.98 -442.04 -105.1 0.0 47265.0 0.0 963
153.24 -1061.99 -452.99 -105.1 0.0 47265.0 0.0 963
153.26 -1063.99 -463.94 -105.1 0.0 47265.0 0.0 963
153.29 -1066.0 -474.89 -105.1 0.0 47265.0 0.0 963
153.32 -1068.17 -486.79 -105.1 0.0 47303.0 0.0 963
153.34 -1070.35 -498.7 -105.1 0.0 47303.0 0.0 963
153.37 -1072.35 -509.65 -105.1 0.0 47303.0 0.0 964
153.4 -1074.42 -521.08 -105.1 0.0 47303.0 0.0 964
153.43 -1076.65 -533.46 -105.1 0.0 47303.0 0.0 964
153.46 -1078.97 -546.32 -105.1 0.0 47303.0 0.0 964
153.49 -1081.2 -558.71 -105.1 0.0 47303.0 0.0 964
153.52 -1083.52 -571.57 -105.1 0.0 47303.0 0.0 964
153.55 -1085.83 -584.43 -104.19 0.0 47303.0 0.0 964
153.57 -1087.97 -596.34 -106.1 0.0 47763.0 0.0 964
153.6 -1090.19 -608.73 -106.1 0.0 48236.0 0.0 964
153.63 -1092.09 -620.18 -106.1 0.0 48592.0 0.0 964
153.65 -1093.67 -631.2 -106.1 0.0 48668.0 0.0 964
153.67 -1094.93 -641.78 -106.1 0.0 48668.0 0.0 964
153.7 -1096.01 -652.86 -106.1 0.0 48668.0 0.0 964
153.72 -1096.83 -662.5 -106.1 0.0 48706.0 0.0 964
153.74 -1097.62 -673.12 -106.1 0.0 48744.0 0.0 964
153.77 -1098.29 -683.26 -106.1 0.0 48782.0 0.0 964
153.79 -1098.86 -692.93 -106.1 0.0 48858.0 0.0 964
153.81 -1099.38 -702.59 -106.1 0.0 48942.0 0.0 964
153.83 -1099.83 -712.26 -106.1 0.0 48942.0 0.0 964
153.85 -1100.2 -721.45 -106.1 0.0 48980.0 0.0 964
153.87 -1100.55 -731.12 -106.1 0.0 48980.0 0.0 964
153.89 -1100.83 -740.32 -106.1 0.0 48980.0 0.0 964
153.91 -1101.08 -749.51 -106.1 0.0 48980.0 0.0 964
153.93 -1101.3 -758.22 -106.1 0.0 48980.0 0.0 964
153.95 -1101.49 -766.44 -106.1 0.0 48980.0 0.0 964
153.97 -1101.67 -774.67 -106.1 0.0 48980.0 0.0 964
153.99 -1101.84 -783.38 -106.1 0.0 48980.0 0.0 964
154.01 -1102.0 -791.12 -106.1 0.0 48980.0 0.0 964
154.03 -1102.16 -799.83 -106.1 0.0 48980.0 0.0 964
154.05 -1102.3 -807.58 -106.1 0.0 48980.0 0.0 964
154.06 -1102.45 -815.8 -104.19 0.0 48980.0 0.0 964
154.08 -1102.6 -824.03 -104.19 0.0 48980.0 0.0 964
154.1 -1102.75 -832.74 -105.1 0.0 48980.0 0.0 964
154.12 -1102.9 -841.45 -105.1 0.0 48980.0 0.0 964
154.14 -1103.05 -850.16 -105.1 0.0 48980.0 0.0 964
154.16 -1103.19 -858.87 -105.1 0.0 48980.0 0.0 964
154.19 -1103.34 -867.58 -105.1 0.0 48980.0 0.0 964
154.21 -1103.5 -877.26 -105.1 0.0 48980.0 0.0 964
154.23 -1103.66 -886.46 -105.1 0.0 48980.0 0.0 964
154.25 -1103.82 -896.13 -105.1 0.0 48980.0 0.0 964
154.27 -1103.98 -905.81 -105.1 0.0 48980.0 0.0 964
154.3 -1104.14 -915.49 -105.1 0.0 48980.0 0.0 964
154.32 -1104.31 -926.14 -105.1 0.0 48980.0 0.0 964
154.35 -1104.49 -936.78 -105.1 0.0 48980.0 0.0 964
154.37 -1104.67 -947.92 -105.1 0.0 48980.0 0.0 964
154.4 -1104.86 -959.05 -105.1 0.0 48980.0 0.0 964
154.42 -1105.03 -969.69 -105.1 0.0 48980.0 0.0 964
154.45 -1105.22 -981.31 -105.1 0.0 48980.0 0.0 965
154.48 -1105.42 -993.4 -105.1 0.0 48980.0 0.0 965
154.51 -1105.64 -1006.47 -103.19 0.0 48980.0 0.0 965
154.54 -1105.85 -1019.05 -105.37 0.0 48980.0 0.0 965
154.56 -1106.05 -1031.64 -105.37 0.0 48980.0 0.0 965
154.59 -1106.24 -1042.77 -105.37 0.0 48980.0 0.0 965
154.62 -1106.43 -1054.38 -105.37 0.0 48980.0 0.0 965
154.64 -1106.63 -1066.48 -105.37 0.0 48980.0 0.0 965
154.67 -1106.81 -1077.61 -105.37 0.0 48980.0 0.0 965
154.69 -1107.0 -1088.74 -105.37 0.0 48980.0 0.0 965
154.71 -1107.17 -1099.39 -105.37 0.0 48980.0 0.0 965
154.74 -1107.34 -1109.55 -105.37 0.0 48980.0 0.0 965
154.76 -1107.5 -1119.23 -105.37 0.0 48980.0 0.0 965
154.78 -1107.66 -1128.91 -105.37 0.0 48980.0 0.0 965
154.8 -1107.82 -1138.59 -105.37 0.0 48980.0 0.0 965
154.82 -1107.97 -1147.78 -105.37 0.0 48980.0 0.0 965
154.84 -1108.12 -1156.97 -105.37 0.0 48980.0 0.0 965
154.86 -1108.27 -1166.17 -105.37 0.0 48980.0 0.0 965
154.88 -1108.41 -1174.4 -105.37 0.0 48980.0 0.0 965
154.9 -1108.54 -1182.14 -105.37 0.0 48980.0 0.0 965
154.92 -1108.67 -1190.37 -105.37 0.0 48980.0 0.0 965
154.93 -1108.81 -1198.59 -105.37 0.0 48980.0 0.0 965
154.95 -1108.93 -1205.85 -105.37 0.0 48980.0 0.0 965
154.97 -1109.06 -1213.6 -105.37 0.0 48980.0 0.0 965
154.98 -1109.18 -1221.34 -105.37 0.0 48980.0 0.0 965
155.0 -1109.3 -1228.6 -105.37 0.0 48980.0 0.0 965
155.02 -1109.42 -1235.86 -103.22 0.0 48980.0 0.0 965
155.03 -1109.55 -1243.6 -103.22 0.0 48980.0 0.0 965
155.05 -1109.67 -1250.86 -103.22 0.0 48980.0 0.0 965
155.07 -1109.79 -1258.12 -105.1 0.0 48980.0 0.0 965
155.08 -1109.91 -1265.38 -105.1 0.0 48980.0 0.0 965
155.1 -1110.03 -1272.64 -105.1 0.0 48980.0 0.0 965
155.12 -1110.16 -1280.38 -105.1 0.0 48980.0 0.0 965
155.13 -1110.27 -1287.15 -105.1 0.0 48980.0 0.0 965
155.15 -1110.39 -1294.41 -105.1 0.0 48980.0 0.0 965
155.17 -1110.51 -1301.67 -105.1 0.0 48980.0 0.0 965
155.18 -1110.62 -1308.45 -105.1 0.0 48980.0 0.0 965
155.2 -1110.73 -1315.22 -105.1 0.0 48980.0 0.0 965
155.21 -1110.84 -1322.0 -105.1 0.0 48980.0 0.0 965
155.23 -1111.72 -1331.78 -101.52 0.0 48980.0 0.0 965
155.24 -1112.53 -1340.92 -98.4 0.0 48980.0 0.0 965
155.26 -1113.38 -1350.71 -95.32 0.0 48980.0 0.0 965
155.28 -1114.22 -1360.5 -92.5 0.0 48980.0 0.0 966
155.3 -1115.1 -1370.95 -89.77 0.0 48980.0 0.0 966
155.31 -1115.91 -1380.74 -87.48 0.0 48980.0 0.0 966
155.33 -1117.84 -1390.39 -83.63 0.0 48980.0 0.0 966
155.35 -1119.72 -1400.04 -80.08 0.0 48980.0 0.0 966
155.37 -1121.57 -1409.71 -76.82 0.0 48789.0 0.0 966
155.38 -1123.5 -1419.98 -73.68 0.0 48631.0 0.0 966
155.4 -1125.17 -1429.05 -71.19 0.0 48463.0 0.0 966
155.42 -1126.92 -1438.73 -68.81 0.0 48227.0 0.0 966
155.44 -1128.64 -1448.42 -66.73 0.0 47923.0 0.0 966
155.45 -1130.34 -1458.11 -64.94 0.0 47586.0 0.0 966
155.47 -1132.03 -1467.8 -63.45 0.0 47232.0 0.0 966
155.48 -1133.5 -1476.29 -62.39 0.0 46738.0 0.0 966
155.5 -1134.86 -1484.16 -61.6 0.0 46080.0 0.0 966
155.51 -1136.23 -1492.04 -61.01 0.0 45367.0 0.0 966
155.53 -1137.61 -1499.91 -60.61 0.0 44571.0 0.0 966
155.54 -1139.01 -1507.78 -60.4 0.0 43875.0 0.0 966
155.55 -1140.22 -1514.44 -60.38 0.0 43079.0 0.0 1021
155.57 -1141.7 -1522.29 -60.54 0.0 42370.0 0.0 1021
155.58 -1143.1 -1529.54 -60.85 0.0 41610.0 0.0 1021
155.59 -1144.55 -1536.77 -61.33 0.0 40850.0 0.0 1021
155.61 -1146.35 -1544.3 -61.46 0.0 40169.0 0.0 1021
155.62 -1148.21 -1551.82 -61.75 0.0 39412.0 0.0 1021
155.63 -1150.14 -1559.32 -62.2 0.0 38619.0 0.0 1021
155.65 -1152.31 -1567.42 -62.88 0.0 37925.0 0.0 1021
155.66 -1154.22 -1574.26 -63.61 0.0 37193.0 0.0 1021
155.67 -1156.4 -1581.69 -64.56 0.0 36436.0 0.0 1021
155.69 -1158.7 -1589.09 -65.68 0.0 35671.0 0.0 1021
155.7 -1161.31 -1597.04 -67.07 0.0 34906.0 0.0 1021
155.71 -1164.06 -1604.93 -68.67 0.0 34300.0 0.0 1021
155.73 -1166.71 -1612.14 -70.31 0.0 33669.0 0.0 1021
155.74 -1169.46 -1619.28 -72.11 0.0 33068.0 0.0 1021
155.75 -1172.55 -1626.93 -74.26 0.0 32639.0 0.0 1021
155.77 -1175.5 -1633.9 -76.41 0.0 32530.0 0.0 1021
155.78 -1178.8 -1641.36 -78.93 0.0 32455.0 0.0 1021
155.79 -1181.93 -1648.15 -81.42 0.0 32051.0 0.0 1021
155.81 -1185.87 -1653.02 -82.19 0.0 31614.0 0.0 1021
155.82 -1190.81 -1656.64 -81.48 0.0 31261.0 0.0 1021
155.84 -1195.4 -1659.95 -80.91 0.0 31059.0 0.0 1021
155.85 -1200.19 -1662.87 -80.21 0.0 30950.0 0.0 1021
155.86 -1205.41 -1665.98 -79.33 0.0 30900.0 0.0 1021
155.88 -1210.14 -1668.0 -75.78 0.0 30900.0 0.0 1021
155.89 -1215.28 -1669.06 -74.68 0.0 30900.0 0.0 1021
155.9 -1220.02 -1669.22 -74.3 0.0 30900.0 0.0 1021
155.92 -1225.13 -1668.55 -75.02 0.0 30900.0 0.0 1021
155.93 -1229.85 -1667.28 -76.17 0.0 30900.0 0.0 1021
155.95 -1234.95 -1665.23 -78.08 0.0 30900.0 0.0 1021
155.96 -1239.68 -1662.8 -80.35 0.0 30900.0 0.0 1021
155.97 -1244.82 -1659.59 -83.38 0.0 30900.0 0.0 1021
155.99 -1249.92 -1655.9 -85.67 0.0 30900.0 0.0 1021
156.0 -1254.79 -1651.92 -86.97 0.0 30900.0 0.0 1021
156.02 -1259.13 -1648.06 -88.36 0.0 30900.0 0.0 1021
156.03 -1264.19 -1644.32 -89.45 0.0 30900.0 0.0 1021
156.04 -1269.09 -1641.2 -90.15 0.0 30900.0 0.0 1021
156.06 -1274.61 -1638.17 -90.61 0.0 30900.0 0.0 1021
156.07 -1280.28 -1635.45 -90.61 0.0 30900.0 0.0 1021
156.09 -1285.62 -1633.16 -90.61 0.0 30900.0 0.0 967
156.1 -1291.49 -1630.9 -90.61 0.0 30900.0 0.0 967
156.11 -1297.43 -1628.83 -90.18 0.0 30900.0 0.0 967
156.13 -1303.43 -1626.92 -89.74 0.0 30900.0 0.0 967
156.14 -1309.46 -1625.14 -89.19 0.0 30900.0 0.0 967
156.16 -1315.53 -1623.47 -89.19 0.0 30900.0 0.0 967
156.17 -1322.09 -1621.77 -88.86 0.0 30900.0 0.0 967
156.19 -1328.2 -1620.28 -88.12 0.0 30900.0 0.0 967
156.2 -1334.33 -1618.85 -87.19 0.0 30900.0 0.0 967
156.22 -1340.94 -1617.36 -86.2 0.0 30900.0 0.0 967
156.23 -1347.09 -1616.03 -85.55 0.0 30900.0 0.0 967
156.25 -1353.24 -1614.73 -84.86 0.0 30900.0 0.0 967
156.26 -1359.88 -1613.37 -84.09 0.0 30900.0 0.0 967
156.27 -1366.05 -1612.13 -83.36 0.0 30900.0 0.0 967
156.29 -1372.22 -1610.91 -82.61 0.0 30900.0 0.0 967
156.3 -1378.87 -1609.62 -81.79 0.0 30900.0 0.0 967
156.32 -1385.05 -1608.43 -81.01 0.0 30900.0 0.0 967
156.33 -1391.71 -1607.16 -80.17 0.0 30900.0 0.0 967
156.35 -1397.89 -1605.99 -79.38 0.0 30900.0 0.0 967
156.36 -1404.55 -1604.75 -78.52 0.0 30900.0 0.0 967
156.38 -1410.74 -1603.59 -77.56 0.0 30900.0 0.0 967
156.39 -1417.4 -1602.36 -76.48 0.0 30900.0 0.0 967
156.41 -1424.06 -1601.13 -77.2 0.0 30900.0 0.0 967
156.42 -1430.73 -1599.9 -78.26 0.0 30900.0 0.0 967
156.44 -1437.39 -1598.68 -79.31 0.0 30900.0 0.0 967
156.45 -1443.58 -1597.55 -80.28 0.0 30900.0 0.0 967
156.47 -1450.25 -1596.33 -66.1 0.0 30900.0 0.0 967
156.48 -1456.91 -1595.12 -66.1 0.0 30900.0 0.0 967
156.5 -1463.1 -1593.99 -66.1 0.0 30900.0 0.0 967
156.52 -1469.77 -1592.78 -66.1 0.0 30900.0 0.0 967
156.53 -1476.44 -1591.57 -66.1 0.0 30900.0 0.0 967
156.55 -1483.1 -1590.35 -66.1 0.0 30900.0 0.0 967
156.56 -1489.77 -1589.14 -66.1 0.0 30900.0 0.0 967
156.58 -1496.44 -1587.94 -66.1 0.0 30900.0 0.0 967
156.59 -1503.11 -1586.73 -66.1 0.0 30900.0 0.0 967
156.61 -1509.77 -1585.52 -66.1 0.0 30900.0 0.0 967
156.62 -1516.92 -1584.22 -66.1 0.0 30900.0 0.0 967
156.64 -1523.58 -1583.02 -66.1 0.0 30900.0 0.0 967
156.65 -1530.25 -1581.81 -47.1 0.0 30900.0 0.0 967
156.67 -1536.92 -1580.6 -47.1 0.0 30900.0 0.0 967
156.69 -1543.59 -1579.39 -47.1 0.0 30900.0 0.0 967
156.7 -1550.73 -1578.1 -47.1 0.0 30900.0 0.0 967
156.72 -1557.4 -1576.89 -47.1 0.0 30976.0 0.0 967
156.73 -1564.54 -1575.6 -47.1 0.0 31154.0 0.0 967
156.75 -1571.21 -1574.4 -47.1 0.0 31345.0 0.0 967
156.77 -1578.36 -1573.15 -47.1 0.0 31536.0 0.0 967
156.78 -1585.52 -1571.94 -47.1 0.0 31663.0 0.0 967
156.8 -1592.69 -1570.81 -47.1 0.0 31726.0 0.0 967
156.82 -1599.88 -1569.75 -47.1 0.0 31726.0 0.0 967
156.83 -1607.07 -1568.75 -27.1 0.0 31917.0 0.0 967
156.85 -1614.74 -1567.74 -27.1 0.0 32209.0 0.0 967
156.87 -1622.91 -1566.76 -27.1 0.0 32531.0 0.0 967
156.89 -1630.13 -1565.99 -27.1 0.0 32677.0 0.0 967
156.91 -1638.33 -1565.26 -27.1 0.0 32677.0 0.0 967
156.92 -1646.05 -1564.7 -27.1 0.0 32677.0 0.0 967
156.94 -1653.3 -1564.27 -27.1 0.0 32677.0 0.0 967
156.96 -1661.03 -1563.88 -27.1 0.0 32677.0 0.0 968
156.98 -1668.77 -1563.57 -27.1 0.0 32677.0 0.0 968
156.99 -1676.99 -1563.29 -27.1 0.0 32677.0 0.0 968
157.01 -1684.74 -1563.06 -8.1 0.0 32677.0 0.0 968
157.03 -1692.48 -1562.87 -8.1 0.0 32677.0 0.0 968
157.05 -1700.7 -1562.7 -8.1 0.0 32677.0 0.0 968
157.07 -1708.45 -1562.55 -8.1 0.0 32677.0 0.0 968
157.08 -1716.67 -1562.42 -8.1 0.0 32677.0 0.0 968
157.1 -1724.9 -1562.29 -8.1 0.0 32677.0 0.0 968
157.12 -1732.64 -1562.19 -8.1 0.0 32677.0 0.0 968
157.14 -1740.87 -1562.08 -8.1 0.0 32677.0 0.0 968
157.16 -1748.61 -1561.99 -8.1 0.0 32677.0 0.0 968
157.18 -1756.84 -1561.9 10.9 0.0 32677.0 0.0 968
157.19 -1764.58 -1561.82 10.9 0.0 32677.0 0.0 968
157.21 -1772.81 -1561.73 10.9 0.0 32677.0 0.0 968
157.23 -1781.04 -1561.65 10.9 0.0 32677.0 0.0 968
157.25 -1788.78 -1561.58 10.9 0.0 32677.0 0.0 968
157.27 -1797.01 -1561.5 10.9 0.0 32677.0 0.0 968
157.28 -1804.75 -1561.43 10.9 0.0 32677.0 0.0 968
157.3 -1812.01 -1561.36 10.9 0.0 32677.0 0.0 968
157.32 -1819.27 -1561.29 10.9 0.0 32677.0 0.0 968
157.33 -1826.53 -1561.23 10.9 0.0 32677.0 0.0 968
157.35 -1833.31 -1561.16 10.9 0.0 32677.0 0.0 968
157.36 -1840.57 -1561.1 30.9 0.0 32677.0 0.0 968
157.38 -1847.34 -1561.04 30.9 0.0 32677.0 0.0 968
157.39 -1854.12 -1560.98 30.9 0.0 32677.0 0.0 968
157.41 -1860.9 -1560.92 30.9 0.0 32677.0 0.0 968
157.42 -1867.67 -1560.86 30.9 0.0 32677.0 0.0 968
157.44 -1873.96 -1560.8 30.9 0.0 32677.0 0.0 968
157.45 -1880.74 -1560.74 30.9 0.0 32677.0 0.0 968
157.47 -1887.03 -1560.69 30.9 0.0 32677.0 0.0 968
157.48 -1893.81 -1560.63 30.9 0.0 32677.0 0.0 968
157.5 -1900.1 -1560.57 30.9 0.0 32677.0 0.0 968
157.51 -1906.39 -1560.51 30.9 0.0 32677.0 0.0 968
157.53 -1912.68 -1560.46 49.9 0.0 32677.0 0.0 968
157.54 -1918.97 -1560.4 49.9 0.0 32677.0 0.0 968
157.55 -1924.78 -1560.35 49.9 0.0 32677.0 0.0 968
157.56 -1930.11 -1560.3 49.9 0.0 32677.0 0.0 968
157.58 -1935.91 -1560.25 49.9 0.0 32677.0 0.0 968
157.59 -1941.72 -1560.2 49.9 0.0 32677.0 0.0 968
157.6 -1947.04 -1560.15 49.9 0.0 32677.0 0.0 968
157.61 -1952.37 -1560.11 49.9 0.0 32677.0 0.0 968
157.63 -1957.21 -1560.06 49.9 0.0 32677.0 0.0 968
157.64 -1962.53 -1560.02 49.9 0.0 32294.0 0.0 968
157.65 -1967.86 -1559.97 49.9 0.0 32105.0 0.0 968
157.66 -1973.18 -1559.89 49.9 0.0 31933.0 0.0 968
157.67 -1978.02 -1559.79 49.9 0.0 31768.0 0.0 968
157.68 -1983.34 -1559.64 49.9 0.0 31626.0 0.0 968
157.7 -1988.66 -1559.43 49.9 0.0 31523.0 0.0 968
157.71 -1994.46 -1559.14 49.9 0.0 31429.0 0.0 968
157.72 -1999.78 -1558.82 49.9 0.0 31275.0 0.0 1119
157.74 -2005.57 -1558.41 49.9 0.0 31181.0 0.0 1119
157.75 -2010.87 -1557.97 49.9 0.0 31027.0 0.0 1119
157.76 -2016.66 -1557.44 49.9 0.0 30838.0 0.0 1119
157.77 -2021.95 -1556.89 49.9 0.0 30503.0 0.0 1119
157.79 -2028.2 -1556.15 49.9 0.0 30148.0 0.0 1119
157.8 -2033.48 -1555.45 49.9 0.0 29735.0 0.0 1119
157.81 -2039.22 -1554.58 49.9 0.0 29245.0 0.0 1119
157.83 -2044.94 -1553.58 49.9 0.0 28781.0 0.0 1119
157.84 -2050.64 -1552.44 49.9 0.0 28278.0 0.0 1119
157.85 -2056.76 -1551.01 49.9 0.0 27887.0 0.0 1119
157.87 -2062.84 -1549.37 49.9 0.0 27580.0 0.0 1119
157.88 -2067.94 -1547.83 49.9 0.0 27245.0 0.0 1119
157.89 -2073.89 -1545.8 49.9 0.0 26936.0 0.0 1119
157.91 -2079.33 -1543.76 49.9 0.0 26575.0 0.0 1119
157.92 -2084.7 -1541.55 49.9 0.0 26268.0 0.0 1119
157.94 -2090.43 -1538.95 49.9 0.0 26010.0 0.0 1119
157.95 -2095.65 -1536.4 49.9 0.0 25856.0 0.0 1119
157.96 -2100.78 -1533.68 49.9 0.0 25701.0 0.0 1119
157.98 -2106.15 -1531.45 49.9 0.0 25589.0 0.0 1119
157.99 -2112.14 -1529.53 49.9 0.0 25460.0 0.0 1119
158.0 -2117.77 -1528.11 49.9 0.0 25305.0 0.0 1119
158.02 -2123.46 -1526.98 49.9 0.0 25081.0 0.0 1119
158.03 -2129.68 -1526.03 49.9 0.0 24771.0 0.0 1119
158.04 -2135.45 -1525.34 49.9 0.0 24435.0 0.0 1119
158.06 -2141.23 -1524.77 49.9 0.0 24155.0 0.0 1119
158.07 -2147.5 -1524.24 49.9 0.0 23871.0 0.0 1119
158.08 -2153.29 -1523.79 49.9 0.0 23613.0 0.0 1119
158.1 -2159.08 -1523.35 49.9 0.0 23277.0 0.0 1119
158.11 -2165.36 -1522.86 49.9 0.0 22993.0 0.0 1119
158.12 -2171.14 -1522.36 49.9 0.0 22735.0 0.0 1119
158.14 -2176.92 -1521.81 49.9 0.0 22455.0 0.0 1119
158.15 -2183.18 -1521.12 49.9 0.0 22145.0 0.0 1119
158.17 -2188.94 -1520.39 49.9 0.0 21813.0 0.0 1119
158.18 -2195.65 -1519.42 49.9 0.0 21477.0 0.0 1119
158.2 -2201.85 -1518.39 49.9 0.0 21085.0 0.0 1119
158.21 -2208.04 -1517.22 49.9 0.0 20693.0 0.0 1119
158.22 -2214.19 -1515.89 49.9 0.0 20245.0 0.0 1119
158.24 -2220.3 -1514.4 49.9 0.0 19823.0 0.0 1119
158.25 -2226.83 -1512.59 49.9 0.0 19571.0 0.0 1119
158.27 -2232.83 -1510.71 49.9 0.0 19571.0 0.0 1119
158.28 -2238.78 -1508.66 49.9 0.0 19571.0 0.0 1119
158.3 -2244.68 -1506.46 49.9 0.0 19571.0 0.0 1119
158.31 -2250.97 -1503.94 49.9 0.0 19571.0 0.0 1119
158.33 -2256.77 -1501.51 49.9 0.0 19571.0 0.0 1119
158.34 -2262.54 -1499.0 49.9 0.0 19571.0 0.0 1119
158.36 -2267.92 -1495.73 49.9 0.0 19571.0 0.0 1119
158.37 -2272.88 -1491.86 49.9 0.0 19571.0 0.0 1119
158.38 -2277.43 -1487.52 49.9 0.0 19571.0 0.0 1119
158.4 -2281.61 -1482.82 49.9 0.0 19571.0 0.0 1119
158.41 -2285.45 -1477.83 49.9 0.0 19571.0 0.0 1119
158.43 -2288.99 -1472.63 49.9 0.0 19571.0 0.0 1119
158.44 -2292.26 -1467.26 49.9 0.0 19571.0 0.0 1119
158.46 -2295.32 -1461.75 49.9 0.0 19571.0 0.0 1122
158.47 -2298.18 -1456.15 49.9 0.0 19571.0 0.0 1122
158.48 -2300.89 -1450.47 49.9 0.0 19571.0 0.0 1122
158.5 -2303.46 -1444.73 49.9 0.0 19571.0 0.0 1122
158.51 -2305.92 -1438.94 49.9 0.0 19571.0 0.0 1122
158.53 -2308.28 -1433.11 49.9 0.0 19571.0 0.0 1122
158.54 -2310.73 -1426.79 49.9 0.0 19571.0 0.0 1122
158.56 -2312.95 -1420.9 49.9 0.0 19571.0 0.0 1122
158.57 -2315.11 -1414.99 49.9 0.0 19571.0 0.0 1122
158.59 -2317.22 -1409.06 49.9 0.0 19571.0 0.0 1122
158.6 -2319.3 -1403.12 49.9 0.0 19571.0 0.0 1122
158.62 -2321.5 -1396.72 49.9 0.0 19571.0 0.0 1122
158.63 -2323.67 -1390.3 49.9 0.0 19571.0 0.0 1122
158.64 -2325.66 -1384.33 49.9 0.0 19571.0 0.0 1122
158.66 -2327.64 -1378.36 49.9 0.0 19571.0 0.0 1122
158.67 -2329.45 -1372.84 49.9 0.0 19571.0 0.0 1122
158.69 -2331.4 -1366.86 49.9 0.0 19571.0 0.0 1122
158.7 -2333.19 -1361.33 49.9 0.0 19571.0 0.0 1122
158.71 -2335.13 -1355.34 49.9 0.0 19571.0 0.0 1122
158.73 -2337.05 -1349.35 49.9 0.0 19571.0 0.0 1122
158.74 -2338.83 -1343.82 49.9 0.0 19571.0 0.0 1122
158.75 -2340.74 -1337.83 49.9 0.0 19571.0 0.0 1122
158.77 -2342.51 -1332.3 49.9 0.0 19571.0 0.0 1122
158.78 -2344.27 -1326.76 49.9 0.0 19571.0 0.0 1122
158.8 -2346.17 -1320.76 49.9 0.0 19571.0 0.0 1122
158.81 -2348.08 -1314.77 49.9 0.0 19571.0 0.0 1122
158.82 -2349.83 -1309.23 49.9 0.0 19571.0 0.0 1122
158.84 -2351.58 -1303.69 49.9 0.0 19571.0 0.0 1122
158.85 -2353.48 -1297.7 49.9 0.0 19571.0 0.0 1112
158.86 -2355.23 -1292.16 49.9 0.0 19571.0 0.0 1112
158.88 -2357.13 -1286.16 49.9 0.0 19571.0 0.0 1112
158.89 -2358.88 -1280.62 49.9 0.0 19571.0 0.0 1112
158.91 -2360.63 -1275.08 49.9 0.0 19571.0 0.0 1112
158.92 -2362.52 -1269.08 49.9 0.0 19571.0 0.0 1112
158.93 -2364.42 -1263.08 49.9 0.0 19456.0 0.0 1112
158.95 -2366.31 -1257.08 49.9 0.0 19456.0 0.0 1112
158.96 -2368.05 -1251.54 49.9 0.0 19380.0 0.0 1112
158.97 -2369.92 -1245.53 49.9 0.0 19328.0 0.0 1112
158.99 -2371.64 -1239.98 49.9 0.0 19276.0 0.0 1112
159.0 -2373.34 -1234.43 49.9 0.0 19276.0 0.0 1112
159.01 -2374.88 -1229.33 49.9 0.0 19276.0 0.0 1112
159.03 -2376.55 -1223.77 49.9 0.0 19276.0 0.0 1112
159.04 -2378.07 -1218.67 49.9 0.0 19276.0 0.0 1112
159.05 -2379.72 -1213.1 49.9 0.0 19276.0 0.0 1112
159.06 -2381.36 -1207.53 49.9 0.0 19276.0 0.0 1112
159.08 -2382.99 -1201.95 49.9 0.0 19276.0 0.0 1112
159.09 -2384.48 -1196.84 49.9 0.0 19276.0 0.0 1112
159.1 -2386.1 -1191.26 49.9 0.0 19276.0 0.0 1112
159.11 -2387.58 -1186.15 49.9 0.0 19276.0 0.0 1112
159.13 -2389.05 -1181.03 49.9 0.0 19085.0 0.0 1112
159.14 -2390.66 -1175.45 49.9 0.0 18990.0 0.0 1112
159.15 -2392.12 -1170.33 49.9 0.0 18860.0 0.0 1112
159.17 -2393.68 -1164.74 49.9 0.0 18813.0 0.0 1112
159.18 -2395.09 -1159.61 49.9 0.0 18709.0 0.0 1112
159.19 -2396.6 -1154.0 49.9 0.0 18662.0 0.0 1112
159.2 -2397.95 -1148.85 49.9 0.0 18615.0 0.0 1112
159.21 -2399.27 -1143.69 49.9 0.0 18568.0 0.0 1112
159.23 -2400.57 -1138.53 49.9 0.0 18568.0 0.0 1112
159.24 -2401.95 -1132.88 49.9 0.0 18568.0 0.0 1112
159.25 -2403.19 -1127.71 49.9 0.0 18530.0 0.0 1112
159.26 -2404.41 -1122.53 49.9 0.0 18530.0 0.0 1112
159.28 -2405.61 -1117.34 51.04 0.0 18530.0 0.0 1112
159.29 -2406.8 -1112.15 52.19 0.0 18530.0 0.0 1112
159.3 -2407.97 -1106.96 53.34 0.0 18454.0 0.0 1112
159.31 -2409.13 -1101.76 54.5 0.0 18454.0 0.0 1112
159.32 -2410.28 -1096.56 55.67 0.0 18416.0 0.0 1112
159.34 -2411.41 -1091.36 56.84 0.0 18364.0 0.0 1112
159.35 -2412.62 -1085.68 58.37 0.0 18364.0 0.0 1112
159.36 -2413.82 -1079.99 61.31 0.0 18364.0 0.0 1120
159.38 -2414.9 -1074.78 63.29 0.0 18364.0 0.0 1120
159.39 -2415.97 -1069.57 63.96 0.0 18364.0 0.0 1120
159.4 -2417.13 -1063.87 64.53 0.0 18364.0 0.0 1120
159.41 -2418.18 -1058.66 65.06 0.0 18364.0 0.0 1120
159.43 -2419.32 -1052.96 65.63 0.0 18364.0 0.0 1120
159.44 -2420.46 -1047.26 66.2 0.0 18364.0 0.0 1120
159.45 -2421.59 -1041.57 66.96 0.0 18364.0 0.0 1120
159.47 -2422.61 -1036.34 68.19 0.0 18364.0 0.0 1120
159.48 -2423.73 -1030.64 69.69 0.0 18364.0 0.0 1120
159.49 -2424.76 -1025.42 71.07 0.0 18364.0 0.0 1120
159.5 -2425.87 -1019.72 72.04 0.0 18364.0 0.0 1120
159.52 -2426.98 -1014.02 72.93 0.0 18364.0 0.0 1120
159.53 -2428.09 -1008.32 73.67 0.0 18364.0 0.0 1120
159.54 -2429.01 -1003.57 74.28 0.0 18288.0 0.0 1120
159.55 -2430.02 -998.34 74.96 0.0 18158.0 0.0 1120
159.56 -2430.94 -993.59 75.34 0.0 17984.0 0.0 1120
159.57 -2431.84 -988.83 75.73 0.0 17701.0 0.0 1120
159.58 -2432.72 -984.07 76.12 0.0 17310.0 0.0 1120
159.6 -2433.56 -979.31 76.51 0.0 16832.0 0.0 1120
159.61 -2434.35 -974.53 76.89 0.0 16266.0 0.0 1120
159.62 -2435.07 -969.74 77.15 0.0 15613.0 0.0 1120
159.63 -2435.68 -964.94 77.15 0.0 14847.0 0.0 1120
159.64 -2436.2 -959.64 76.73 0.0 14151.0 0.0 1120
159.65 -2436.52 -954.81 76.73 0.0 13337.0 0.0 1120
159.66 -2436.65 -949.49 76.73 0.0 12475.0 0.0 1120
159.68 -2436.55 -944.17 76.73 0.0 11565.0 0.0 1120
159.69 -2436.17 -938.86 76.28 0.0 10462.0 0.0 1120
159.7 -2435.31 -932.63 76.28 0.0 9365.0 0.0 1120
159.72 -2434.14 -926.94 76.28 0.0 8373.0 0.0 1120
159.73 -2432.56 -921.35 75.78 0.0 7496.0 0.0 1120
159.75 -2430.36 -915.45 75.32 0.0 6556.0 0.0 1120
159.77 -2426.42 -907.68 74.27 0.0 5851.0 0.0 1120
159.79 -2421.68 -900.37 73.22 0.0 5342.0 0.0 1120
159.81 -2416.24 -893.57 72.18 0.0 4898.0 0.0 1120
159.83 -2410.59 -887.58 71.21 0.0 4457.0 0.0 1120
159.85 -2403.75 -881.44 70.16 0.0 4026.0 0.0 1118
159.87 -2396.88 -876.09 69.11 0.0 3571.0 0.0 1118
159.89 -2389.27 -870.92 68.01 0.0 3145.0 0.0 1118
159.92 -2380.49 -865.79 66.83 0.0 2856.0 0.0 1118
159.94 -2372.31 -861.59 66.83 0.0 2691.0 0.0 1118
159.96 -2363.94 -857.79 66.83 0.0 2653.0 0.0 1118
159.98 -2354.97 -854.17 66.41 0.0 2653.0 0.0 1118
160.0 -2346.33 -850.99 65.74 0.0 2653.0 0.0 1118
160.02 -2337.63 -848.02 64.28 0.0 2653.0 0.0 1118
160.04 -2328.88 -845.21 62.9 0.0 2653.0 0.0 1118
160.06 -2320.08 -842.51 62.9 0.0 2653.0 0.0 1118
160.09 -2310.8 -839.78 62.13 0.0 2615.0 0.0 1118
160.11 -2301.49 -837.12 62.13 0.0 2615.0 0.0 1118
160.13 -2292.63 -834.65 60.92 0.0 2615.0 0.0 1118
160.15 -2283.95 -830.38 59.51 0.0 2615.0 0.0 1118
160.17 -2276.32 -825.23 58.2 0.0 2615.0 0.0 1118
160.2 -2268.95 -818.97 56.87 0.0 2615.0 0.0 1118
160.22 -2261.49 -811.37 55.55 0.0 2615.0 0.0 1118
160.24 -2255.14 -804.06 54.9 0.0 2615.0 0.0 1118
160.26 -2249.99 -797.65 54.4 0.0 2615.0 0.0 1118
160.28 -2244.2 -789.89 53.84 0.0 2615.0 0.0 1118
160.3 -2238.62 -781.98 54.28 0.0 2615.0 0.0 1117
160.32 -2233.21 -773.95 54.61 0.0 2615.0 0.0 1117
160.34 -2228.43 -766.67 68.9 0.0 2615.0 0.0 1117
160.36 -2223.47 -758.92 68.9 0.0 2615.0 0.0 1117
160.38 -2218.57 -751.14 68.9 0.0 2615.0 0.0 1117
160.4 -2213.98 -743.74 68.9 0.0 2615.0 0.0 1117
160.42 -2209.17 -735.9 68.9 0.0 2615.0 0.0 1117
160.45 -2204.64 -728.45 68.9 0.0 2615.0 0.0 1117
160.47 -2199.88 -720.59 68.9 0.0 2615.0 0.0 1117
160.49 -2195.39 -713.12 68.9 0.0 2615.0 0.0 1117
160.51 -2189.67 -703.57 68.9 0.0 2615.0 0.0 1117
160.53 -2185.94 -697.34 68.9 0.0 2615.0 0.0 1117
160.55 -2181.48 -689.86 68.9 0.0 2615.0 0.0 1117
160.57 -2177.02 -682.38 68.9 0.0 2615.0 0.0 1117
160.59 -2172.81 -675.31 68.9 0.0 2615.0 0.0 1117
160.61 -2168.36 -667.82 68.9 0.0 2615.0 0.0 1117
160.63 -2163.66 -659.91 68.9 0.0 2615.0 0.0 1117
160.65 -2159.21 -652.42 68.9 0.0 2615.0 0.0 1117
160.67 -2154.77 -644.93 68.9 0.0 2615.0 0.0 1117
160.69 -2150.32 -637.44 68.9 0.0 2615.0 0.0 1024
160.7 -2144.66 -630.82 68.9 0.0 2539.0 0.0 1024
160.73 -2138.15 -625.03 68.9 0.0 2335.0 0.0 1024
160.75 -2130.19 -619.51 68.9 0.0 2098.0 0.0 1024
160.77 -2122.63 -615.19 68.9 0.0 1932.0 0.0 1024
160.79 -2114.32 -611.25 68.9 0.0 1734.0 0.0 1024
160.81 -2106.7 -608.14 68.9 0.0 1515.0 0.0 1024
160.83 -2097.55 -604.99 70.02 0.0 1318.0 0.0 1024
160.85 -2089.2 -602.51 70.77 0.0 1084.0 0.0 1024
160.87 -2079.81 -600.14 71.33 0.0 823.0 0.0 1024
160.89 -2071.78 -598.37 88.9 0.0 615.0 0.0 1024
160.91 -2062.74 -596.69 88.9 0.0 469.0 0.0 1024
160.93 -2053.17 -595.23 88.9 0.0 431.0 0.0 1024
160.95 -2044.53 -594.12 88.9 0.0 431.0 0.0 1024
160.97 -2035.86 -593.19 88.9 0.0 431.0 0.0 1024
160.99 -2026.71 -592.34 88.9 0.0 431.0 0.0 1024
161.01 -2017.54 -591.62 88.9 0.0 431.0 0.0 1024
161.04 -2008.37 -590.97 88.9 0.0 431.0 0.0 1024
161.05 -1999.19 -590.39 88.9 0.0 431.0 0.0 1024
161.08 -1990.49 -589.89 88.9 0.0 431.0 0.0 1024
161.1 -1980.82 -589.37 88.9 0.0 431.0 0.0 1024
161.12 -1971.16 -588.88 88.9 0.0 431.0 0.0 1024
161.14 -1962.46 -588.46 88.9 0.0 431.0 0.0 1024
161.16 -1953.75 -588.05 88.9 0.0 431.0 0.0 1024
161.18 -1944.57 -587.63 88.9 0.0 431.0 0.0 1024
161.2 -1935.86 -587.25 88.9 0.0 431.0 0.0 1024
161.22 -1927.64 -586.89 88.9 0.0 431.0 0.0 1024
161.24 -1919.42 -586.53 88.9 0.0 431.0 0.0 1024
161.26 -1910.72 -586.16 88.9 0.0 431.0 0.0 1024
161.27 -1902.01 -585.8 88.9 0.0 431.0 0.0 1024
161.29 -1893.79 -585.45 88.9 0.0 431.0 0.0 1024
161.31 -1885.57 -585.11 88.9 0.0 431.0 0.0 1024
161.33 -1877.35 -584.76 88.9 0.0 431.0 0.0 988
161.35 -1868.16 -584.38 88.9 0.0 431.0 0.0 988
161.37 -1860.43 -584.06 88.9 0.0 431.0 0.0 988
161.39 -1852.2 -583.72 88.9 0.0 431.0 0.0 988
161.41 -1843.98 -583.38 88.9 0.0 431.0 0.0 988
161.43 -1835.76 -583.04 88.9 0.0 431.0 0.0 988
161.45 -1826.57 -582.67 88.9 0.0 431.0 0.0 988
161.47 -1818.84 -582.35 88.9 0.0 431.0 0.0 988
161.48 -1810.13 -581.99 88.9 0.0 431.0 0.0 988
161.5 -1801.91 -581.65 88.9 0.0 431.0 0.0 988
161.52 -1794.17 -581.33 88.9 0.0 431.0 0.0 988
161.54 -1786.44 -581.02 88.9 0.0 431.0 0.0 988
161.55 -1778.22 -580.68 88.9 0.0 431.0 0.0 988
161.57 -1770.96 -580.38 88.9 0.0 431.0 0.0 988
161.59 -1763.22 -580.06 88.9 0.0 431.0 0.0 988
161.61 -1755.49 -579.74 88.9 0.0 393.0 0.0 988
161.63 -1744.85 -579.31 88.9 0.0 393.0 0.0 988
161.65 -1736.14 -578.96 88.9 0.0 393.0 0.0 988
161.67 -1727.44 -578.61 88.9 0.0 393.0 0.0 988
161.69 -1718.73 -578.27 88.9 0.0 393.0 0.0 988
161.71 -1710.51 -577.95 88.9 0.0 393.0 0.0 988
161.73 -1701.32 -577.6 88.9 0.0 393.0 0.0 988
161.74 -1695.03 -577.36 88.9 0.0 393.0 0.0 988
161.76 -1687.3 -577.06 88.9 0.0 393.0 0.0 988
161.78 -1679.07 -576.75 88.9 0.0 393.0 0.0 988
161.81 -1670.85 -576.43 88.9 0.0 393.0 0.0 988
161.82 -1660.69 -576.05 88.9 0.0 393.0 0.0 988
161.85 -1651.99 -575.72 88.9 0.0 393.0 0.0 988
161.86 -1642.8 -575.37 88.9 0.0 393.0 0.0 988
161.89 -1634.58 -575.06 88.9 0.0 393.0 0.0 988
161.91 -1625.39 -574.72 88.9 0.0 393.0 0.0 988
161.93 -1616.68 -574.39 88.9 0.0 393.0 0.0 988
161.95 -1607.01 -574.02 88.9 0.0 393.0 0.0 988
161.97 -1597.82 -573.68 88.9 0.0 393.0 0.0 988
161.99 -1589.11 -573.35 88.9 0.0 393.0 0.0 988
162.01 -1578.96 -572.97 88.9 0.0 393.0 0.0 988
162.03 -1570.73 -572.66 88.9 0.0 393.0 0.0 970
162.04 -1563.0 -572.37 88.9 0.0 393.0 0.0 970
162.06 -1555.26 -572.08 88.9 0.0 393.0 0.0 970
162.08 -1547.52 -571.79 88.9 0.0 393.0 0.0 970
162.1 -1539.3 -571.48 88.9 0.0 393.0 0.0 970
162.12 -1531.56 -571.19 88.9 0.0 393.0 0.0 970
162.14 -1523.34 -570.88 88.9 0.0 393.0 0.0 970
162.15 -1515.6 -570.59 88.9 0.0 393.0 0.0 970
162.17 -1507.38 -570.28 88.9 0.0 393.0 0.0 970
162.19 -1499.15 -569.97 88.9 0.0 393.0 0.0 970
162.21 -1491.41 -569.68 88.9 0.0 393.0 0.0 970
162.23 -1483.19 -569.37 88.9 0.0 393.0 0.0 970
162.24 -1475.45 -569.08 88.9 0.0 393.0 0.0 970
162.26 -1467.72 -568.78 88.9 0.0 393.0 0.0 970
162.28 -1459.98 -568.49 88.9 0.0 393.0 0.0 970
162.3 -1451.75 -568.18 88.9 0.0 393.0 0.0 970
162.32 -1444.02 -567.89 88.9 0.0 393.0 0.0 970
162.34 -1435.79 -567.58 88.9 0.0 393.0 0.0 970
162.35 -1427.57 -567.27 88.9 0.0 393.0 0.0 970
162.37 -1419.35 -566.97 88.9 0.0 393.0 0.0 970
162.39 -1411.13 -566.66 88.9 0.0 393.0 0.0 970
162.41 -1402.91 -566.35 88.9 0.0 393.0 0.0 970
162.43 -1394.68 -566.04 88.9 0.0 546.0 0.0 970
162.45 -1385.01 -565.67 88.9 0.0 793.0 0.0 970
162.47 -1378.24 -565.4 88.9 0.0 1288.0 0.0 970
162.48 -1370.5 -565.03 88.9 0.0 1814.0 0.0 970
162.5 -1362.29 -564.51 88.9 0.0 2440.0 0.0 970
162.52 -1354.1 -563.78 88.9 0.0 3006.0 0.0 970
162.54 -1346.41 -562.87 88.9 0.0 3532.0 0.0 970
162.56 -1338.28 -561.6 88.9 0.0 4096.0 0.0 970
162.58 -1330.21 -560.01 88.9 0.0 4622.0 0.0 970
162.6 -1322.21 -558.07 85.2 0.0 5219.0 0.0 970
162.61 -1313.85 -555.63 86.68 0.0 5679.0 0.0 970
162.63 -1306.52 -553.12 86.68 0.0 6205.0 0.0 970
162.65 -1298.86 -550.11 86.68 0.0 6882.0 0.0 970
162.67 -1290.77 -546.88 86.5 0.0 7709.0 0.0 970
162.69 -1283.15 -543.78 85.98 0.0 8461.0 0.0 970
162.71 -1275.56 -540.61 85.13 0.0 9132.0 0.0 970
162.73 -1267.11 -536.96 83.79 0.0 9635.0 0.0 970
162.75 -1258.72 -533.2 82.03 0.0 10006.0 0.0 970
162.77 -1250.83 -529.51 79.98 0.0 10231.0 0.0 970
162.79 -1243.42 -525.92 77.7 0.0 10482.0 0.0 970
162.81 -1235.21 -521.77 74.77 0.0 10914.0 0.0 970
162.83 -1226.22 -517.03 71.04 0.0 11232.0 0.0 970
162.85 -1218.58 -512.83 67.44 0.0 11470.0 0.0 970
162.87 -1211.02 -508.5 63.46 0.0 11609.0 0.0 970
162.9 -1203.11 -503.79 58.87 0.0 11697.0 0.0 970
162.92 -1194.88 -498.68 53.58 0.0 11873.0 0.0 970
162.94 -1186.75 -493.42 47.83 0.0 12058.0 0.0 970
162.96 -1178.32 -487.73 41.3 0.0 12190.0 0.0 970
162.99 -1170.39 -482.16 34.61 0.0 12228.0 0.0 970
163.01 -1162.18 -476.15 27.09 0.0 12228.0 0.0 970
163.03 -1154.46 -470.28 19.46 0.0 12228.0 0.0 970
163.05 -1146.47 -463.98 10.95 0.0 12228.0 0.0 970
163.08 -1138.6 -457.53 1.93 0.0 12228.0 0.0 963
163.1 -1130.84 -450.95 -7.59 0.0 12228.0 0.0 963
163.12 -1123.54 -444.56 -17.13 0.0 12228.0 0.0 963
163.15 -1115.71 -437.33 -28.16 0.0 12228.0 0.0 963
163.17 -1108.82 -430.5 -38.66 0.0 12228.0 0.0 963
163.19 -1101.83 -423.09 -50.19 0.0 12228.0 0.0 963
163.21 -1095.41 -415.82 -61.64 0.0 12228.0 0.0 963
163.23 -1089.22 -408.35 -73.55 0.0 12228.0 0.0 963
163.25 -1083.56 -401.07 -85.29 0.0 12228.0 0.0 963
163.28 -1078.11 -393.62 -97.44 0.0 12228.0 0.0 963
163.29 -1072.87 -386.03 -110.01 0.0 12228.0 0.0 963
163.32 -1068.37 -379.1 -121.61 0.0 12228.0 0.0 963
163.34 -1064.05 -371.2 -124.7 0.0 12113.0 0.0 963
163.36 -1061.68 -362.89 -124.15 0.0 11720.0 0.0 963
163.38 -1060.54 -353.77 -124.15 0.0 11281.0 0.0 963
163.4 -1060.36 -345.06 -124.15 0.0 10860.0 0.0 963
163.42 -1060.87 -335.87 -124.15 0.0 10734.0 0.0 963
163.44 -1061.82 -326.73 -124.15 0.0 10524.0 0.0 963
163.46 -1063.08 -317.62 -124.15 0.0 10524.0 0.0 963
163.48 -1064.53 -308.54 -124.15 0.0 9872.0 0.0 963
163.5 -1066.21 -299.0 -124.15 0.0 9410.0 0.0 963
163.52 -1067.78 -289.94 -124.15 0.0 9027.0 0.0 963
163.55 -1069.3 -280.38 -144.1 0.0 8609.0 0.0 963
163.57 -1070.69 -270.31 -144.1 0.0 8079.0 0.0 963
163.59 -1071.77 -260.69 -144.1 0.0 7562.0 0.0 963
163.61 -1072.5 -252.01 -144.1 0.0 6974.0 0.0 963
163.63 -1072.96 -242.83 -144.1 0.0 6582.0 0.0 963
163.65 -1073.04 -233.63 -144.1 0.0 6344.0 0.0 963
163.67 -1072.8 -224.92 -144.1 0.0 6050.0 0.0 963
163.69 -1072.21 -215.75 -144.1 0.0 5812.0 0.0 963
163.71 -1071.37 -207.08 -144.1 0.0 5602.0 0.0 963
163.73 -1070.19 -197.96 -144.1 0.0 5403.0 0.0 963
163.75 -1068.84 -189.35 -144.1 0.0 5165.0 0.0 963
163.77 -1067.27 -180.78 -144.1 0.0 4829.0 0.0 963
163.79 -1065.37 -171.78 -140.92 0.0 4535.0 0.0 963
163.81 -1063.23 -162.84 -134.33 0.0 4272.0 0.0 963
163.83 -1061.11 -154.89 -133.22 0.0 4007.0 0.0 963
163.85 -1058.65 -146.53 -133.22 0.0 3819.0 0.0 963
163.87 -1056.12 -138.7 -133.22 0.0 3631.0 0.0 963
163.89 -1053.41 -130.93 -133.22 0.0 3519.0 0.0 963
163.91 -1050.53 -123.22 -133.22 0.0 3440.0 0.0 963
163.93 -1046.0 -115.78 -133.22 0.0 3370.0 0.0 963
163.94 -1041.1 -109.79 -133.22 0.0 3295.0 0.0 963
163.96 -1035.18 -104.08 -133.22 0.0 3220.0 0.0 963
163.98 -1028.73 -98.97 -133.22 0.0 3079.0 0.0 963
164.0 -1022.32 -94.62 -133.22 0.0 3009.0 0.0 963
164.02 -1015.65 -90.68 -133.22 0.0 2939.0 0.0 963
164.03 -1008.8 -87.07 -133.22 0.0 2869.0 0.0 977
164.05 -1001.8 -83.76 -133.22 0.0 2803.0 0.0 977
164.07 -995.14 -80.86 -133.22 0.0 2733.0 0.0 977
164.08 -987.96 -77.98 -133.22 0.0 2667.0 0.0 977
164.1 -981.16 -75.44 -133.22 0.0 2597.0 0.0 977
164.12 -973.85 -72.88 -133.22 0.0 2531.0 0.0 977
164.14 -966.96 -70.59 -133.22 0.0 2390.0 0.0 977
164.15 -959.57 -68.28 -133.22 0.0 2320.0 0.0 977
164.17 -952.14 -66.07 -133.22 0.0 2188.0 0.0 977
164.19 -945.16 -64.1 -133.22 0.0 2127.0 0.0 977
164.2 -938.61 -62.33 -133.22 0.0 2028.0 0.0 977
164.22 -931.58 -60.52 -133.22 0.0 1962.0 0.0 977
164.23 -924.53 -58.79 -136.45 0.0 1901.0 0.0 977
164.25 -917.94 -57.24 -138.3 0.0 1802.0 0.0 977
164.27 -910.86 -55.64 -141.32 0.0 1703.0 0.0 977
164.28 -903.76 -54.11 -144.1 0.0 1637.0 0.0 977
164.3 -896.65 -52.65 -144.1 0.0 1576.0 0.0 977
164.32 -890.0 -51.34 -144.1 0.0 1507.0 0.0 977
164.33 -882.39 -49.91 -144.1 0.0 1507.0 0.0 977
164.35 -875.72 -48.71 -144.1 0.0 1469.0 0.0 977
164.36 -868.57 -47.48 -144.1 0.0 1469.0 0.0 977
164.38 -861.4 -46.28 -144.1 0.0 1469.0 0.0 977
164.4 -854.24 -45.12 -144.1 0.0 1469.0 0.0 977
164.41 -847.07 -43.99 -144.1 0.0 1469.0 0.0 977
164.43 -839.89 -42.87 -144.1 0.0 1469.0 0.0 977
164.45 -832.24 -41.71 -144.1 0.0 1469.0 0.0 977
164.46 -825.06 -40.63 -144.1 0.0 1469.0 0.0 977
164.48 -817.88 -39.56 -144.1 0.0 1469.0 0.0 977
164.5 -810.69 -38.51 -144.1 0.0 1469.0 0.0 977
164.51 -803.03 -37.39 -144.1 0.0 1469.0 0.0 977
164.53 -796.32 -36.41 -124.1 0.0 1469.0 0.0 977
164.55 -788.66 -35.31 -124.1 0.0 1469.0 0.0 977
164.56 -781.95 -34.34 -124.1 0.0 1469.0 0.0 977
164.58 -774.77 -33.31 -124.1 0.0 1469.0 0.0 977
164.6 -767.58 -32.28 -124.1 0.0 1469.0 0.0 977
164.61 -760.87 -31.32 -124.1 0.0 1469.0 0.0 977
164.63 -754.16 -30.36 -124.1 0.0 1469.0 0.0 977
164.64 -747.46 -29.41 -124.1 0.0 1469.0 0.0 977
164.66 -740.75 -28.45 -124.1 0.0 1469.0 0.0 977
164.67 -734.04 -27.5 -124.1 0.0 1469.0 0.0 977
164.68 -727.33 -26.55 -124.1 0.0 1469.0 0.0 977
164.7 -722.06 -25.8 -124.1 0.0 1469.0 0.0 977
164.71 -715.83 -24.91 -124.1 0.0 1469.0 0.0 977
164.73 -709.6 -24.03 -124.1 0.0 1469.0 0.0 977
164.74 -703.37 -23.14 -124.1 0.0 1469.0 0.0 977
164.76 -697.14 -22.26 -124.1 0.0 1469.0 0.0 977
164.77 -690.43 -21.31 -124.1 0.0 1469.0 0.0 977
164.78 -684.68 -20.49 -124.1 0.0 1469.0 0.0 977
164.8 -678.45 -19.61 -124.1 0.0 1469.0 0.0 977
164.81 -672.22 -18.73 -124.1 0.0 1469.0 0.0 977
164.83 -666.47 -17.91 -105.1 0.0 1469.0 0.0 977
164.84 -660.72 -17.1 -105.1 0.0 1469.0 0.0 977
164.85 -654.97 -16.28 -105.1 0.0 1469.0 0.0 977
164.87 -649.22 -15.47 -105.1 0.0 1469.0 0.0 1084
164.88 -643.47 -14.65 -105.1 0.0 1393.0 0.0 1084
164.89 -638.2 -13.91 -105.1 0.0 1316.0 0.0 1084
164.9 -632.45 -13.1 -105.1 0.0 1222.0 0.0 1084
164.92 -627.17 -12.37 -105.1 0.0 1119.0 0.0 1084
164.93 -621.42 -11.59 -103.23 0.0 1025.0 0.0 1084
164.94 -616.14 -10.9 -103.23 0.0 948.0 0.0 1084
164.95 -610.38 -10.17 -103.23 0.0 854.0 0.0 1084
164.97 -605.09 -9.53 -103.23 0.0 777.0 0.0 1084
164.98 -599.32 -8.87 -103.23 0.0 726.0 0.0 1084
164.99 -593.55 -8.24 -103.23 0.0 623.0 0.0 1084
165.0 -587.77 -7.65 -103.23 0.0 623.0 0.0 1084
165.02 -582.47 -7.14 -103.23 0.0 623.0 0.0 1084
165.03 -576.69 -6.62 -103.23 0.0 623.0 0.0 1084
165.04 -570.9 -6.12 -103.23 0.0 623.0 0.0 1084
165.06 -565.59 -5.69 -103.23 0.0 623.0 0.0 1084
165.07 -559.8 -5.24 -103.23 0.0 623.0 0.0 1084
165.08 -554.49 -4.84 -103.23 0.0 623.0 0.0 1084
165.09 -549.18 -4.45 -103.23 0.0 623.0 0.0 1084
165.11 -543.87 -4.07 -103.23 0.0 623.0 0.0 1084
165.12 -538.56 -3.7 -103.23 0.0 623.0 0.0 1084
165.13 -532.77 -3.31 -103.23 0.0 623.0 0.0 1084
165.14 -527.45 -2.95 -103.23 0.0 623.0 0.0 1084
165.15 -522.14 -2.61 -103.23 0.0 623.0 0.0 1084
165.17 -516.83 -2.26 -105.1 0.0 623.0 0.0 1084
165.18 -511.03 -1.89 -105.1 0.0 623.0 0.0 1084
165.19 -505.72 -1.55 -105.1 0.0 623.0 0.0 1084
165.2 -500.41 -1.22 -105.1 0.0 623.0 0.0 1084
165.22 -495.09 -0.89 -105.1 0.0 623.0 0.0 1084
165.23 -489.3 -0.53 -105.1 0.0 623.0 0.0 1084
165.24 -483.98 -0.2 -105.1 0.0 623.0 0.0 1084
165.25 -478.18 0.15 -105.1 0.0 623.0 0.0 1084
165.27 -472.87 0.47 -105.1 0.0 623.0 0.0 1084
165.28 -467.07 0.83 -105.1 0.0 623.0 0.0 1084
165.29 -461.76 1.15 -105.1 0.0 623.0 0.0 1084
165.31 -455.96 1.5 -105.1 0.0 623.0 0.0 1084
165.32 -450.16 1.85 -105.1 0.0 623.0 0.0 1084
165.33 -444.85 2.17 -105.1 0.0 623.0 0.0 1084
165.34 -439.53 2.49 -105.1 0.0 623.0 0.0 1084
165.36 -433.74 2.83 -105.1 0.0 623.0 0.0 1084
165.37 -428.42 3.15 -105.1 0.0 623.0 0.0 1084
165.38 -423.11 3.47 -105.1 0.0 623.0 0.0 1084
165.39 -417.79 3.79 -105.1 0.0 623.0 0.0 1084
165.41 -412.0 4.13 -105.1 0.0 623.0 0.0 1084
165.42 -406.2 4.48 -105.1 0.0 623.0 0.0 1084
165.43 -400.4 4.83 -105.1 0.0 623.0 0.0 1084
165.45 -394.6 5.17 -105.1 0.0 623.0 0.0 1084
165.46 -388.32 5.55 -105.1 0.0 623.0 0.0 1084
165.47 -382.52 5.89 -105.1 0.0 623.0 0.0 1084
165.49 -376.73 6.24 -105.1 0.0 623.0 0.0 1084
165.5 -370.93 6.58 -105.1 0.0 623.0 0.0 1084
165.51 -365.61 6.9 -105.1 0.0 623.0 0.0 1084
165.53 -359.82 7.24 -105.1 0.0 623.0 0.0 1084
165.54 -354.02 7.59 -105.1 0.0 623.0 0.0 1084
165.55 -348.7 7.91 -105.1 0.0 623.0 0.0 1084
165.56 -343.39 8.22 -105.1 0.0 623.0 0.0 1084
165.58 -337.59 8.57 -105.1 0.0 623.0 0.0 1084
165.59 -331.79 8.91 -105.1 0.0 623.0 0.0 1084
165.6 -325.03 9.32 -105.1 0.0 623.0 0.0 1084
165.62 -319.23 9.66 -105.1 0.0 623.0 0.0 1084
165.63 -313.92 9.98 -105.1 0.0 623.0 0.0 1084
165.64 -308.12 10.32 -105.1 0.0 623.0 0.0 1084
165.66 -302.32 10.67 -105.1 0.0 623.0 0.0 1084
165.67 -296.52 11.01 -105.1 0.0 623.0 0.0 1084
165.68 -291.21 11.33 -105.1 0.0 623.0 0.0 1084
165.69 -285.41 11.67 -105.1 0.0 623.0 0.0 1084
165.71 -279.61 12.02 -105.1 0.0 623.0 0.0 1084
165.72 -274.3 12.34 -105.1 0.0 623.0 0.0 1084
165.73 -268.5 12.68 -105.1 0.0 623.0 0.0 1084
165.75 -262.7 13.03 -105.1 0.0 623.0 0.0 1084
165.76 -256.91 13.37 -105.1 0.0 623.0 0.0 1084
165.77 -251.59 13.69 -105.1 0.0 623.0 0.0 1083
165.78 -246.28 14.0 -105.1 0.0 623.0 0.0 1083
165.8 -240.0 14.38 -105.1 0.0 623.0 0.0 1083
165.81 -234.68 14.69 -105.1 0.0 623.0 0.0 1083
165.82 -228.88 15.04 -105.1 0.0 623.0 0.0 1083
165.84 -223.57 15.35 -105.1 0.0 623.0 0.0 1083
165.85 -217.77 15.7 -105.1 0.0 623.0 0.0 1083
165.86 -211.97 16.04 -105.1 0.0 623.0 0.0 1083
165.88 -206.18 16.39 -105.1 0.0 623.0 0.0 1083
165.89 -200.38 16.73 -105.1 0.0 623.0 0.0 1083
165.9 -194.58 17.08 -105.1 0.0 623.0 0.0 1083
165.91 -188.78 17.42 -105.1 0.0 623.0 0.0 1083
165.93 -182.99 17.77 -105.1 0.0 623.0 0.0 1083
165.94 -177.19 18.12 -105.1 0.0 623.0 0.0 1083
165.95 -171.39 18.46 -105.1 0.0 623.0 0.0 1083
165.97 -165.59 18.81 -105.1 0.0 623.0 0.0 1083
165.98 -159.79 19.15 -105.1 0.0 623.0 0.0 1083
165.99 -154.0 19.5 -105.1 0.0 623.0 0.0 1083
166.01 -148.2 19.84 -105.1 0.0 623.0 0.0 1083
166.02 -142.4 20.19 -105.1 0.0 623.0 0.0 1083
166.03 -136.6 20.53 -105.1 0.0 623.0 0.0 1083
166.05 -130.81 20.88 -105.1 0.0 623.0 0.0 1083
166.06 -124.52 21.25 -105.1 0.0 623.0 0.0 1083
166.07 -118.73 21.59 -105.1 0.0 623.0 0.0 1083
166.09 -112.93 21.94 -105.1 0.0 623.0 0.0 1083
166.1 -107.13 22.28 -105.1 0.0 623.0 0.0 1083
166.11 -101.33 22.63 -105.1 0.0 623.0 0.0 1083
166.13 -95.05 23.0 -105.1 0.0 623.0 0.0 1083
166.14 -89.26 23.35 -105.1 0.0 623.0 0.0 1083
166.16 -83.46 23.69 -105.1 0.0 623.0 0.0 1083
166.17 -77.18 24.07 -105.1 0.0 623.0 0.0 1083
166.18 -71.38 24.41 -105.1 0.0 623.0 0.0 1083
166.2 -65.58 24.76 -105.1 0.0 623.0 0.0 1083
166.21 -59.3 25.13 -105.1 0.0 623.0 0.0 1083
166.23 -53.5 25.48 -105.1 0.0 623.0 0.0 1083
166.24 -45.77 25.94 -105.1 0.0 623.0 0.0 1083
166.26 -39.01 26.34 -105.1 0.0 623.0 0.0 1083
166.27 -31.76 26.77 -105.1 0.0 623.0 0.0 1083
166.29 -25.0 27.17 -105.1 0.0 623.0 0.0 1083
166.31 -17.75 27.6 -105.1 0.0 623.0 0.0 1083
166.32 -10.5 28.03 -105.1 0.0 623.0 0.0 1083
166.34 -3.26 28.47 -105.1 0.0 623.0 0.0 1083
166.36 4.48 28.93 -105.1 0.0 623.0 0.0 1083
166.37 11.24 29.33 -105.1 0.0 623.0 0.0 1083
166.38 17.04 29.67 -105.1 0.0 623.0 0.0 1083
166.4 23.32 30.05 -105.1 0.0 623.0 0.0 1083
166.41 29.6 30.42 -105.1 0.0 623.0 0.0 1083
166.43 35.88 30.8 -105.1 0.0 623.0 0.0 1083
166.44 41.68 31.14 -105.1 0.0 623.0 0.0 1083
166.45 47.96 31.51 -105.1 0.0 623.0 0.0 1083
166.47 54.24 31.89 -105.1 0.0 623.0 0.0 1083
166.48 60.04 32.23 -105.1 0.0 623.0 0.0 1083
166.5 66.32 32.61 -105.1 0.0 623.0 0.0 1083
166.51 72.12 32.95 -105.1 0.0 623.0 0.0 1083
166.52 78.4 33.33 -105.1 0.0 623.0 0.0 1083
166.54 84.19 33.67 -105.1 0.0 623.0 0.0 1083
166.55 90.47 34.04 -105.1 0.0 623.0 0.0 1083
166.56 96.27 34.39 -105.1 0.0 623.0 0.0 1083
166.58 102.55 34.76 -105.1 0.0 623.0 0.0 1083
166.59 108.83 35.14 -105.1 0.0 623.0 0.0 1083
166.61 114.63 35.48 -105.1 0.0 623.0 0.0 1083
166.62 120.43 35.83 -105.1 0.0 623.0 0.0 1083
166.63 126.71 36.2 -105.1 0.0 623.0 0.0 1083
166.65 132.51 36.55 -105.1 0.0 623.0 0.0 1083
166.66 138.31 36.89 -105.1 0.0 623.0 0.0 1083
166.68 145.07 37.29 -105.1 0.0 623.0 0.0 1083
166.7 153.28 37.78 -105.1 0.0 623.0 0.0 1083
166.72 161.01 38.24 -105.1 0.0 623.0 0.0 1083
166.73 168.74 38.7 -105.1 0.0 623.0 0.0 1083
166.75 176.47 39.16 -105.1 0.0 623.0 0.0 1059
166.77 183.72 39.59 -105.1 0.0 623.0 0.0 1059
166.78 190.97 40.02 -105.1 0.0 623.0 0.0 1059
166.8 197.73 40.43 -105.1 0.0 623.0 0.0 1059
166.81 204.5 40.83 -105.1 0.0 623.0 0.0 1059
166.83 211.26 41.23 -105.1 0.0 623.0 0.0 1059
166.84 218.03 41.64 -105.1 0.0 623.0 0.0 1059
166.86 225.27 42.07 -105.1 0.0 623.0 0.0 1059
166.87 232.04 42.47 -105.1 0.0 623.0 0.0 1059
166.89 238.8 42.87 -105.1 0.0 623.0 0.0 1059
166.91 245.08 43.25 -105.1 0.0 623.0 0.0 1059
166.92 252.33 43.68 -105.1 0.0 623.0 0.0 1059
166.94 258.61 44.05 -105.1 0.0 623.0 0.0 1059
166.95 265.37 44.45 -105.1 0.0 623.0 0.0 1059
166.97 272.62 44.88 -105.1 0.0 623.0 0.0 1059
166.98 279.87 45.32 -105.1 0.0 623.0 0.0 1059
167.0 286.63 45.72 -105.1 0.0 623.0 0.0 1059
167.02 293.88 46.15 -105.1 0.0 623.0 0.0 1059
167.03 301.13 46.58 -105.1 0.0 623.0 0.0 1059
167.05 308.86 47.04 -105.1 0.0 623.0 0.0 1059
167.07 316.59 47.5 -105.1 0.0 623.0 0.0 1059
167.09 324.32 47.96 -105.1 0.0 623.0 0.0 1059
167.1 332.05 48.42 -105.1 0.0 623.0 0.0 1059
167.12 339.78 48.88 -105.1 0.0 623.0 0.0 1059
167.14 347.03 49.31 -105.1 0.0 623.0 0.0 1059
167.16 354.76 49.77 -105.1 0.0 623.0 0.0 1059
167.17 362.0 50.2 -105.1 0.0 623.0 0.0 1059
167.19 369.73 50.66 -105.1 0.0 623.0 0.0 1059
167.21 377.46 51.12 -105.1 0.0 623.0 0.0 1059
167.22 384.71 51.55 -105.1 0.0 623.0 0.0 1059
167.24 392.44 52.01 -105.1 0.0 623.0 0.0 1059
167.26 400.17 52.47 -105.1 0.0 623.0 0.0 1059
167.28 407.9 52.93 -105.1 0.0 623.0 0.0 1059
167.3 416.11 53.42 -105.1 0.0 623.0 0.0 1059
167.31 423.85 53.88 -105.1 0.0 623.0 0.0 1059
167.33 432.06 54.37 -105.1 0.0 623.0 0.0 1059
167.35 439.79 54.83 -105.1 0.0 623.0 0.0 1059
167.37 447.52 55.29 -105.1 0.0 623.0 0.0 1059
167.39 456.22 55.81 -105.1 0.0 623.0 0.0 1059
167.41 463.95 56.27 -105.1 0.0 623.0 0.0 1059
167.43 472.64 56.79 -105.1 0.0 623.0 0.0 1059
167.45 481.34 57.31 -105.1 0.0 623.0 0.0 1059
167.46 489.55 57.79 -105.1 0.0 623.0 0.0 1059
167.48 497.77 58.28 -105.1 0.0 623.0 0.0 1059
167.5 506.46 58.8 -105.1 0.0 623.0 0.0 1059
167.52 514.19 59.26 -105.1 0.0 623.0 0.0 1059
167.54 522.41 59.75 -105.1 0.0 623.0 0.0 1059
167.56 530.62 60.24 -105.1 0.0 623.0 0.0 1059
167.58 539.32 60.76 -105.1 0.0 623.0 0.0 1059
167.59 547.05 61.22 -105.1 0.0 623.0 0.0 1059
167.61 554.78 61.68 -105.1 0.0 623.0 0.0 1059
167.63 563.47 62.19 -105.1 0.0 623.0 0.0 1059
167.65 571.69 62.68 -105.1 0.0 623.0 0.0 1059
167.67 579.42 63.14 -105.1 0.0 623.0 0.0 1059
167.69 587.15 63.6 -105.1 0.0 623.0 0.0 1059
167.7 594.88 64.06 -105.1 0.0 623.0 0.0 1059
167.72 602.13 64.49 -105.1 0.0 623.0 0.0 1059
167.74 609.37 64.92 -105.1 0.0 623.0 0.0 1059
167.75 617.1 65.38 -105.1 0.0 623.0 0.0 1059
167.77 624.83 65.84 -105.1 0.0 547.0 0.0 1059
167.79 632.08 66.28 -105.1 0.0 165.0 0.0 1059
167.8 639.81 66.72 -105.1 0.0 65278.0 0.0 1081
167.82 647.06 67.09 -105.1 0.0 64985.0 0.0 1081
167.84 654.32 67.34 -105.1 0.0 64985.0 0.0 1081
167.85 660.61 67.47 -105.1 0.0 64985.0 0.0 1081
167.87 667.38 67.52 -105.1 0.0 64985.0 0.0 1081
167.88 674.16 67.49 -105.1 0.0 64947.0 0.0 1081
167.9 684.55 66.59 -100.4 0.0 64947.0 0.0 1081
167.91 694.94 65.69 -95.96 0.0 64947.0 0.0 1081
167.93 703.95 64.92 -92.32 0.0 64947.0 0.0 1081
167.94 713.65 64.1 -88.62 0.0 64947.0 0.0 1081
167.96 722.65 63.33 -85.38 0.0 64947.0 0.0 1081
