376.7 1680.0 64.0 -1206.03 0.0 31664.0 0.0 0.0 0.0 0.0 0.0 0.0 -1.0 2582
376.74 1680.0 64.0 -1207.97 0.0 31664.0 0.0 0.0 0.0 0.0 0.0 0.0 0.0 2582
376.78 1673.61 64.68 -1205.97 0.0 31664.0 0.0 -80.65 8.57 0.0 -0.99 0.11 0.0 2582
376.82 1662.95 65.81 -1207.18 0.0 31664.0 0.0 -165.77 17.61 0.0 -0.99 0.11 0.0 2582
376.86 1648.9 67.3 -1208.41 0.0 31664.0 0.0 -250.9 26.66 0.0 -0.99 0.11 0.0 2582
376.91 1630.24 69.29 -1209.3 0.0 31664.0 65535.0 -344.99 36.65 0.0 -0.99 0.11 0.0 2582
376.96 1607.29 71.72 -1210.84 0.0 31664.0 65535.0 -436.84 46.41 0.0 -0.99 0.11 0.0 2582
377.0 1583.76 74.23 -1212.85 0.0 31664.0 0.0 -437.54 46.48 0.0 -0.99 0.11 0.0 2582
377.05 1563.56 76.37 -1214.9 0.0 32367.0 0.0 -437.54 46.48 0.0 -0.99 0.11 0.0 2582
377.11 1533.36 77.97 -1217.34 0.0 33230.0 174.0 -439.05 28.91 0.0 -1.0 0.07 0.0 2582
377.18 1496.91 76.51 -1220.26 0.0 33830.0 178.0 -439.94 -7.57 0.0 -1.0 -0.02 0.0 2582
377.23 1477.29 74.3 -1222.9 0.0 33893.0 191.0 -439.18 -26.81 0.0 -1.0 -0.06 0.0 2582
377.27 1465.1 72.58 -1224.8 0.0 33893.0 82.0 -438.6 -35.09 0.0 -1.0 -0.08 0.0 2582
377.34 1428.43 68.5 -1226.96 0.0 33893.0 0.0 -437.92 -42.74 0.0 -1.0 -0.1 0.0 2581
377.38 1416.86 67.02 -1228.8 0.0 33893.0 0.0 -437.74 -44.59 0.0 -0.99 -0.1 0.0 2581
377.45 1380.51 62.99 -1230.83 0.0 33893.0 0.0 -437.56 -46.3 0.0 -0.99 -0.11 0.0 2581
377.52 1349.59 59.57 -1232.59 0.0 33893.0 0.0 -437.49 -46.91 0.0 -0.99 -0.11 0.0 2581
377.56 1338.94 58.36 -1233.88 0.0 33893.0 0.0 -437.48 -47.08 0.0 -0.99 -0.11 0.0 2581
377.63 1303.06 54.46 -1235.21 0.0 33893.0 0.0 -437.46 -47.23 0.0 -0.99 -0.11 0.0 2581
377.67 1290.41 53.07 -1236.1 0.0 33893.0 0.0 -437.45 -47.27 0.0 -0.99 -0.11 0.0 2581
377.7 1276.87 51.6 -1236.8 0.0 33893.0 0.0 -437.45 -47.29 0.0 -0.99 -0.11 0.0 2581
377.78 1238.82 47.48 -1237.74 0.0 33893.0 0.0 -437.45 -47.31 0.0 -0.99 -0.11 0.0 2581
377.85 1203.2 43.62 -1238.41 0.0 33893.0 0.0 -437.45 -47.32 0.0 -0.99 -0.11 0.0 2581
377.92 1168.54 39.87 -1239.76 0.0 33893.0 0.0 -437.45 -47.32 0.0 -0.99 -0.11 0.0 2581
378.0 1135.82 36.33 -1240.34 0.0 33893.0 0.0 -437.45 -47.32 0.0 -0.99 -0.11 0.0 2581
378.07 1105.5 33.05 -1240.34 0.0 33893.0 0.0 -437.45 -47.32 0.0 -0.99 -0.11 0.0 2581
378.11 1095.88 32.01 -1240.34 0.0 33893.0 0.0 -437.45 -47.32 0.0 -0.99 -0.11 0.0 2581
378.18 1061.71 28.31 -1240.59 0.0 33893.0 0.0 -437.45 -47.32 0.0 -0.99 -0.11 0.0 2637
378.21 1050.89 27.14 -1240.72 0.0 33893.0 0.0 -437.45 -47.32 0.0 -0.99 -0.11 0.0 2637
378.29 1014.92 23.25 -1240.78 0.0 33893.0 0.0 -437.45 -47.32 0.0 -0.99 -0.11 0.0 2637
378.36 981.29 19.61 -1240.81 0.0 33893.0 0.0 -437.45 -47.32 0.0 -0.99 -0.11 0.0 2637
378.43 946.71 15.87 -1240.5 0.0 33893.0 0.0 -437.45 -47.32 0.0 -0.99 -0.11 0.0 2637
378.5 916.87 12.65 -1240.5 0.0 33956.0 0.0 -437.45 -47.32 0.0 -0.99 -0.11 0.0 2637
378.57 884.19 8.78 -1240.5 0.0 34146.0 0.0 -437.15 -50.01 0.0 -0.99 -0.11 0.0 2637
378.64 854.64 3.42 -1239.7 0.0 34930.0 144.0 -434.8 -67.41 0.0 -0.99 -0.15 0.0 2637
378.71 826.23 -2.75 -1238.89 0.0 34930.0 57.0 -432.4 -81.42 0.0 -0.98 -0.19 0.0 2637
378.78 794.98 -9.38 -1236.89 0.0 34930.0 0.0 -431.31 -87.02 0.0 -0.98 -0.2 0.0 2635
378.85 763.72 -15.98 -1234.41 0.0 34993.0 0.0 -430.87 -89.18 0.0 -0.98 -0.2 0.0 2635
378.92 733.72 -22.62 -1231.26 0.0 35183.0 0.0 -429.92 -93.63 0.0 -0.98 -0.21 0.0 2635
378.99 703.83 -29.84 -1228.1 0.0 35183.0 0.0 -428.92 -98.1 0.0 -0.97 -0.22 0.0 2635
379.03 694.88 -31.95 -1228.1 0.0 35183.0 0.0 -428.67 -99.21 0.0 -0.97 -0.23 0.0 2635
379.11 658.37 -40.54 -1228.1 0.0 35246.0 0.0 -428.42 -100.26 0.0 -0.97 -0.23 0.0 2635
379.14 648.14 -43.03 -1228.1 0.0 35309.0 0.0 -428.12 -101.56 0.0 -0.97 -0.23 0.0 2635
379.21 613.98 -51.81 -1228.1 0.0 35897.0 48.0 -426.52 -108.06 0.0 -0.97 -0.25 0.0 2635
379.25 603.13 -55.15 -1228.1 0.0 36334.0 91.0 -424.18 -116.94 0.0 -0.96 -0.27 0.0 2635
379.32 568.2 -67.84 -1228.1 0.0 37365.0 155.0 -415.81 -143.88 0.0 -0.95 -0.33 0.0 2635
379.39 538.89 -81.77 -1228.1 0.0 38117.0 162.0 -403.26 -176.01 0.0 -0.92 -0.4 0.0 2635
379.45 518.93 -95.09 -1228.1 0.0 39092.0 158.0 -390.0 -203.72 0.0 -0.89 -0.46 0.0 2635
379.51 498.49 -109.99 -1228.1 0.0 40003.0 186.0 -371.51 -235.76 0.0 -0.84 -0.54 0.0 2635
379.57 480.48 -125.63 -1228.1 0.0 41187.0 181.0 -350.74 -265.67 0.0 -0.8 -0.6 0.0 2635
379.62 465.71 -141.89 -1228.1 0.0 42834.0 227.0 -322.34 -299.49 0.0 -0.73 -0.68 0.0 2635
379.68 450.95 -163.82 -1228.1 0.0 44760.0 270.0 -277.16 -341.73 0.0 -0.63 -0.78 0.0 2635
379.73 442.59 -184.45 -1228.1 0.0 46878.0 270.0 -218.61 -381.85 0.0 -0.5 -0.87 0.0 2635
379.78 438.21 -205.84 -1228.1 0.0 48964.0 259.0 -148.05 -414.34 0.0 -0.34 -0.94 0.0 2635
379.83 437.67 -231.58 -1228.1 0.0 51065.0 281.0 -63.82 -435.35 0.0 -0.15 -0.99 0.0 2635
379.89 441.11 -258.26 -1222.1 0.0 52767.0 304.0 27.01 -439.17 0.0 0.06 -1.0 0.0 2635
379.95 433.23 -283.36 -1222.5 0.0 54000.0 65254.0 -80.61 -432.55 0.0 -0.18 -0.98 0.0 2635
380.01 425.21 -309.34 -1222.5 0.0 54406.0 65476.0 -108.41 -426.44 0.0 -0.25 -0.97 0.0 2636
380.07 418.47 -332.59 -1222.5 0.0 54469.0 65513.0 -115.93 -424.45 0.0 -0.26 -0.96 0.0 2636
380.12 411.36 -357.74 -1222.5 0.0 54342.0 0.0 -118.03 -423.87 0.0 -0.27 -0.96 0.0 2638
380.18 403.63 -381.2 -1222.5 0.0 52561.0 65450.0 -130.34 -420.25 0.0 -0.3 -0.96 0.0 2638
380.24 391.68 -401.46 -1222.5 0.0 48648.0 65276.0 -185.44 -399.01 0.0 -0.42 -0.91 0.0 2638
380.29 376.21 -416.74 -1222.5 0.0 44397.0 65288.0 -279.46 -339.86 0.0 -0.64 -0.77 0.0 2638
380.33 359.9 -424.04 -1222.14 0.0 42192.0 65355.0 -358.93 -254.5 0.0 -0.82 -0.58 0.0 2638
380.38 336.13 -429.08 -1221.95 0.0 41327.0 65276.0 -412.06 -154.3 0.0 -0.94 -0.35 0.0 2638
380.43 311.72 -430.86 -1222.31 0.0 41327.0 65298.0 -431.44 -86.38 0.0 -0.98 -0.2 0.0 2638
380.48 288.69 -431.4 -1222.49 0.0 41327.0 65416.0 -436.95 -51.73 0.0 -0.99 -0.12 0.0 2638
380.53 267.8 -437.34 -1222.67 0.0 41327.0 259.0 -420.74 -128.77 0.0 -0.96 -0.29 0.0 2638
380.58 250.04 -450.64 -1222.67 0.0 41327.0 259.0 -375.73 -228.97 0.0 -0.85 -0.52 0.0 2638
380.63 233.62 -466.74 -1222.67 0.0 41327.0 255.0 -341.86 -277.0 0.0 -0.78 -0.63 0.0 2638
380.68 218.15 -483.4 -1225.38 0.0 41327.0 124.0 -322.15 -299.7 0.0 -0.73 -0.68 0.0 2638
380.73 204.32 -500.36 -1228.1 0.0 41327.0 64.0 -311.69 -310.56 0.0 -0.71 -0.71 0.0 2638
380.78 189.38 -516.22 -1228.1 0.0 41327.0 31.0 -306.14 -316.04 0.0 -0.7 -0.72 0.0 2638
380.83 174.49 -532.11 -1228.1 0.0 41327.0 0.0 -303.23 -318.83 0.0 -0.69 -0.72 0.0 2638
380.88 158.87 -548.65 -1228.1 0.0 40861.0 0.0 -302.78 -319.26 0.0 -0.69 -0.73 0.0 2638
380.93 141.85 -564.49 -1228.1 0.0 39019.0 65413.0 -315.02 -307.19 0.0 -0.72 -0.7 0.0 2638
380.99 120.87 -577.92 -1228.1 0.0 36548.0 65254.0 -350.6 -265.85 0.0 -0.8 -0.6 0.0 2638
381.04 95.99 -575.5 -1228.1 0.0 34601.0 65265.0 -437.99 -41.98 0.0 -1.0 -0.1 0.0 2638
381.1 69.67 -561.83 -1228.1 0.0 33995.0 65231.0 -420.58 129.27 0.0 -0.96 0.29 0.0 2638
381.15 48.2 -545.45 -1228.1 0.0 33995.0 65243.0 -387.56 208.31 0.0 -0.88 0.47 0.0 2638
381.21 21.96 -542.37 -1228.1 0.0 33995.0 281.0 -433.42 75.79 0.0 -0.99 0.17 0.0 2638
381.27 -4.01 -544.95 -1228.1 0.0 33995.0 260.0 -439.93 7.7 0.0 -1.0 0.02 0.0 2538
381.32 -29.12 -547.79 -1228.1 0.0 33932.0 128.0 -439.34 -24.12 0.0 -1.0 -0.05 0.0 2538
381.38 -55.13 -550.56 -1228.1 0.0 33806.0 47.0 -438.46 -36.79 0.0 -1.0 -0.08 0.0 2538
381.44 -80.66 -553.02 -1228.1 0.0 33743.0 0.0 -438.21 -39.62 0.0 -1.0 -0.09 0.0 2538
381.5 -106.21 -555.33 -1228.1 0.0 33617.0 0.0 -438.22 -39.54 0.0 -1.0 -0.09 0.0 2538
381.56 -132.74 -557.5 -1228.1 0.0 33617.0 0.0 -438.4 -37.44 0.0 -1.0 -0.09 0.0 2538
381.62 -158.79 -559.62 -1228.1 0.0 33617.0 0.0 -438.48 -36.5 0.0 -1.0 -0.08 0.0 2538
381.68 -185.81 -561.83 -1228.1 0.0 33617.0 0.0 -438.52 -36.07 0.0 -1.0 -0.08 0.0 2538
381.74 -213.31 -563.98 -1228.1 0.0 33554.0 0.0 -438.61 -34.93 0.0 -1.0 -0.08 0.0 2538
381.8 -239.37 -565.94 -1212.01 0.0 33554.0 0.0 -438.69 -33.88 0.0 -1.0 -0.08 0.0 2538
381.86 -264.95 -567.94 -1214.39 0.0 34016.0 0.0 -438.66 -34.31 0.0 -1.0 -0.08 0.0 2492
381.92 -288.83 -572.17 -1208.36 0.0 36724.0 184.0 -435.95 -59.6 0.0 -0.99 -0.14 0.0 2492
381.97 -310.31 -582.3 -1198.22 0.0 39965.0 264.0 -419.21 -133.65 0.0 -0.95 -0.3 0.0 2492
382.02 -304.63 -580.49 -1184.31 0.0 42281.0 0.0 -143.86 -45.86 0.0 -0.95 -0.3 0.0 2492
382.08 -303.15 -580.02 -1166.76 0.0 43364.0 0.0 -47.95 -15.29 0.0 -0.95 -0.3 0.0 2492
382.13 -302.62 -579.85 -1146.27 0.0 43832.0 0.0 -16.48 -5.25 0.0 -0.95 -0.3 0.0 2492
382.18 -302.02 -579.66 -1123.62 0.0 44576.0 0.0 0.0 0.0 0.0 0.0 0.0 0.0 2492
382.23 -302.02 -579.66 -1100.63 0.0 45949.0 0.0 0.0 0.0 0.0 0.0 0.0 0.0 2492
382.28 -302.02 -579.66 -1075.77 0.0 47425.0 0.0 0.0 0.0 0.0 0.0 0.0 0.0 2492
382.32 -302.02 -579.66 -1050.63 0.0 48625.0 0.0 0.0 0.0 0.0 0.0 0.0 0.0 2492
382.37 -302.02 -579.66 -987.87 0.0 49609.0 0.0 0.0 0.0 833.86 0.0 0.0 1.0 2492
382.42 -302.02 -579.66 -939.83 0.0 50645.0 0.0 0.0 0.0 789.45 0.0 0.0 1.0 2529
382.47 -302.02 -579.66 -899.26 0.0 51886.0 0.0 0.0 0.0 744.5 0.0 0.0 1.0 2529
382.5 -302.02 -579.66 -875.87 0.0 52728.0 0.0 0.0 0.0 713.67 0.0 0.0 1.0 2529
382.54 -302.02 -579.66 -850.51 0.0 53190.0 0.0 0.0 0.0 678.14 0.0 0.0 1.0 2529
382.59 -302.02 -579.66 -815.78 0.0 53436.0 0.0 0.0 0.0 626.95 0.0 0.0 1.0 2529
382.63 -302.02 -579.66 -795.07 0.0 53499.0 0.0 0.0 0.0 596.66 0.0 0.0 1.0 2529
382.67 -302.02 -579.66 -764.19 0.0 53625.0 0.0 0.0 0.0 545.44 0.0 0.0 1.0 2529
382.73 -302.02 -579.66 -737.82 0.0 53751.0 0.0 0.0 0.0 496.32 0.0 0.0 1.0 2529
382.77 -302.02 -579.66 -717.12 0.0 53751.0 0.0 0.0 0.0 451.38 0.0 0.0 1.0 2529
382.81 -302.02 -579.66 -703.65 0.0 53751.0 0.0 0.0 0.0 421.07 0.0 0.0 1.0 2529
382.85 -302.02 -579.66 -692.17 0.0 53751.0 0.0 0.0 0.0 385.54 0.0 0.0 1.0 2529
382.9 -301.52 -580.72 -671.61 0.0 53751.0 65535.0 8.97 -19.03 329.63 0.03 -0.05 1.0 2529
382.95 -300.07 -583.78 -657.35 0.0 54144.0 65498.0 23.53 -49.65 286.78 0.07 -0.16 0.98 2529
383.0 -297.48 -588.87 -644.33 0.0 55535.0 65431.0 41.1 -81.36 237.14 0.15 -0.29 0.94 2529
383.05 -295.6 -596.31 -633.94 0.0 57991.0 65276.0 36.62 -118.89 185.94 0.15 -0.49 0.86 2529
383.11 -293.15 -606.34 -626.18 0.0 60432.0 65254.0 41.3 -157.97 132.64 0.18 -0.69 0.7 2529
383.17 -290.2 -621.47 -620.61 0.0 63259.0 65198.0 39.32 -200.52 69.42 0.17 -0.88 0.44 2529
383.24 -288.05 -641.18 -619.93 0.0 979.0 65175.0 32.63 -248.79 2.01 0.13 -0.98 0.14 2529
383.31 -288.81 -662.84 -624.35 0.0 3701.0 65186.0 3.68 -289.01 -64.35 0.01 -0.99 -0.11 2529
383.35 -289.39 -672.92 -627.47 0.0 5283.0 65096.0 -9.17 -316.95 -92.56 -0.03 -0.97 -0.22 2529
383.39 -290.98 -683.31 -631.86 0.0 6597.0 237.0 -33.3 -330.33 -127.05 -0.1 -0.95 -0.31 2529
383.46 -298.27 -716.66 -649.09 0.0 8639.0 160.0 -75.16 -364.96 -216.91 -0.18 -0.88 -0.44 2529
383.5 -301.45 -727.69 -656.18 0.0 9099.0 82.0 -93.82 -385.29 -235.72 -0.21 -0.85 -0.48 2529
383.54 -304.63 -738.72 -665.39 0.0 9361.0 0.0 -93.82 -385.29 -272.3 -0.2 -0.82 -0.54 2529
383.62 -313.36 -742.36 -695.64 0.0 9880.0 394.0 -93.82 -53.43 -360.6 -0.27 -0.16 -0.95 2529
383.65 -316.27 -742.58 -707.63 0.0 10216.0 0.0 -93.82 -53.43 -381.5 -0.25 -0.14 -0.96 2529
383.73 -324.39 -742.99 -745.8 0.0 10967.0 252.0 -93.82 -8.82 -467.71 -0.21 -0.02 -0.98 2529
383.8 -331.44 -743.08 -784.58 0.0 11923.0 7.0 -93.82 -1.71 -533.02 -0.18 -0.0 -0.98 2529
383.87 -338.57 -743.09 -829.46 0.0 13033.0 65535.0 -93.82 -0.07 -603.04 -0.16 -0.0 -0.99 2529
383.94 -345.08 -743.1 -846.06 0.0 13916.0 65535.0 -93.82 -0.07 0.0 -0.15 -0.0 -0.99 2529
384.01 -359.56 -740.6 -844.15 0.0 14417.0 0.0 -172.89 23.45 0.0 -0.99 0.13 0.0 2529
384.08 -385.65 -735.85 -844.15 0.0 14417.0 360.0 -313.75 54.97 0.0 -0.98 0.17 0.0 2529
384.15 -420.0 -729.33 -844.15 0.0 14417.0 349.0 -432.65 80.11 0.0 -0.98 0.18 0.0 2529
384.22 -452.62 -723.07 -844.15 0.0 14417.0 0.0 -432.37 81.59 0.0 -0.98 0.19 0.0 2529
384.28 -483.32 -717.09 -844.15 0.0 14417.0 0.0 -432.26 82.15 0.0 -0.98 0.19 0.0 2529
384.35 -486.19 -711.37 -844.15 0.0 14417.0 0.0 -432.22 82.38 0.0 -0.98 0.19 0.0 2529
384.42 -489.95 -705.8 -844.1 0.0 14417.0 0.0 -21.25 80.18 0.0 -0.26 0.97 0.0 2529
384.49 -488.97 -701.4 -844.1 0.0 14417.0 0.0 0.0 72.05 0.0 0.0 1.0 0.0 2529
384.56 -489.6 -686.84 -844.1 0.0 14480.0 0.0 0.0 177.86 0.0 0.0 1.0 0.0 2529
384.62 -496.06 -664.96 -844.1 0.0 14670.0 337.0 -73.52 271.08 0.0 -0.26 0.97 0.0 2529
384.69 -513.11 -636.65 -844.1 0.0 15021.0 337.0 -195.93 360.79 0.0 -0.48 0.88 0.0 2529
384.76 -534.65 -609.21 -844.1 0.0 16557.0 237.0 -255.46 358.25 0.0 -0.58 0.81 0.0 2529
384.82 -556.11 -589.24 -844.1 0.0 18053.0 261.0 -300.44 321.45 0.0 -0.68 0.73 0.0 2529
384.89 -581.8 -571.56 -844.1 0.0 19309.0 250.0 -342.38 276.36 0.0 -0.78 0.63 0.0 2529
384.96 -609.75 -557.3 -844.1 0.0 20699.0 233.0 -374.87 230.38 0.0 -0.85 0.52 0.0 2529
385.02 -626.59 -532.92 -844.1 0.0 22549.0 65198.0 -281.2 338.42 0.0 -0.64 0.77 0.0 2530
385.09 -640.97 -509.05 -844.1 0.0 24731.0 54.0 -272.81 345.21 0.0 -0.62 0.78 0.0 2530
385.15 -663.16 -489.95 -844.1 0.0 26880.0 290.0 -310.45 311.8 0.0 -0.71 0.71 0.0 2530
385.22 -688.42 -475.6 -844.1 0.0 27995.0 332.0 -355.01 259.93 0.0 -0.81 0.59 0.0 2530
385.28 -715.32 -462.83 -844.1 0.0 28122.0 195.0 -380.88 220.3 0.0 -0.87 0.5 0.0 2530
385.35 -743.38 -449.59 -844.1 0.0 28122.0 80.0 -390.96 201.87 0.0 -0.89 0.46 0.0 2530
385.42 -768.8 -437.66 -844.1 0.0 28804.0 41.0 -395.04 193.77 0.0 -0.9 0.44 0.0 2530
385.48 -794.52 -428.81 -844.1 0.0 30491.0 193.0 -407.87 165.05 0.0 -0.93 0.38 0.0 2530
385.54 -821.44 -423.87 -844.1 0.0 31440.0 243.0 -424.06 117.36 0.0 -0.96 0.27 0.0 2530
385.61 -849.04 -420.85 -844.1 0.0 31793.0 179.0 -432.98 78.31 0.0 -0.98 0.18 0.0 2530
385.67 -874.65 -418.62 -844.1 0.0 31983.0 94.0 -436.33 56.68 0.0 -0.99 0.13 0.0 2519
385.73 -902.19 -416.71 -844.1 0.0 32327.0 74.0 -438.04 41.53 0.0 -1.0 0.09 0.0 2519
385.79 -927.38 -416.01 -844.1 0.0 32937.0 90.0 -439.28 25.24 0.0 -1.0 0.06 0.0 2519
385.85 -953.55 -416.75 -844.1 0.0 33217.0 105.0 -439.98 3.65 0.0 -1.0 0.01 0.0 2519
385.91 -979.68 -417.87 -844.1 0.0 33217.0 49.0 -439.91 -8.78 0.0 -1.0 -0.02 0.0 2519
385.96 -1003.86 -418.91 -844.1 0.0 33217.0 0.0 -439.77 -14.21 0.0 -1.0 -0.03 0.0 2519
386.03 -1031.9 -420.1 -844.1 0.0 33217.0 0.0 -439.68 -16.83 0.0 -1.0 -0.04 0.0 2519
386.08 -1056.56 -421.16 -844.1 0.0 33217.0 0.0 -439.63 -17.95 0.0 -1.0 -0.04 0.0 2519
386.14 -1083.16 -422.3 -844.1 0.0 33090.0 0.0 -439.61 -18.47 0.0 -1.0 -0.04 0.0 2519
386.2 -1109.31 -421.41 -845.19 0.0 29972.0 65343.0 -439.99 3.25 0.0 -1.0 0.01 0.0 2519
386.26 -1132.64 -414.88 -851.29 0.0 27405.0 65254.0 -431.37 86.75 0.0 -0.98 0.2 0.0 2515
386.31 -1154.61 -403.11 -860.15 0.0 26246.0 65243.0 -407.93 164.91 -169.15 -0.93 0.37 0.0 2515
386.37 -1174.43 -388.84 -869.92 0.0 25808.0 65292.0 -382.43 217.59 -168.63 -0.87 0.49 0.0 2515
386.43 -1194.46 -372.37 -880.04 0.0 25284.0 65355.0 -361.51 250.82 -169.67 -0.82 0.57 0.0 2515
386.48 -1219.31 -368.14 -890.94 0.0 24844.0 270.0 -425.1 113.55 -169.15 -0.97 0.26 0.0 2515
386.54 -1245.36 -367.89 -902.61 0.0 24718.0 214.0 -437.37 48.07 -169.67 -0.99 0.11 0.0 2515
386.6 -1271.07 -368.71 -914.73 0.0 24718.0 88.0 -439.58 19.16 -169.67 -1.0 0.04 0.0 2515
386.65 -1296.53 -369.64 -927.08 0.0 24718.0 39.0 -439.96 5.71 -169.67 -1.0 0.01 0.0 2515
386.71 -1323.3 -370.46 -939.03 0.0 24718.0 0.0 -440.0 -0.69 0.0 -1.0 -0.0 0.0 2515
386.78 -1352.66 -371.17 -944.88 0.0 24718.0 0.0 -439.99 -3.71 0.0 -1.0 -0.01 0.0 2515
386.84 -1379.19 -371.72 -947.65 0.0 24718.0 0.0 -439.97 -4.94 0.0 -1.0 -0.01 0.0 2515
386.9 -1402.67 -356.5 -949.9 0.0 24718.0 65231.0 -401.7 179.55 0.0 -0.91 0.41 0.0 2515
386.96 -1422.44 -337.59 -951.46 0.0 24718.0 65243.0 -359.71 253.4 0.0 -0.82 0.58 0.0 2515
387.02 -1442.4 -316.3 -952.89 0.0 23652.0 65330.0 -332.23 288.49 0.0 -0.76 0.66 0.0 2515
387.08 -1459.59 -293.33 -954.38 0.0 21593.0 65254.0 -294.57 326.85 0.0 -0.67 0.74 0.0 2515
387.14 -1472.05 -268.39 -955.24 0.0 19464.0 65220.0 -236.55 371.0 0.0 -0.54 0.84 0.0 2515
387.21 -1479.73 -239.87 -955.67 0.0 17686.0 65209.0 -160.84 409.55 0.0 -0.37 0.93 0.0 2515
387.27 -1482.61 -210.68 -955.89 0.0 16833.0 65209.0 -91.73 430.33 0.0 -0.21 0.98 0.0 2515
387.34 -1500.9 -186.44 -955.99 0.0 16770.0 326.0 -238.24 369.92 0.0 -0.54 0.84 0.0 2515
387.4 -1521.68 -166.73 -959.57 0.0 16770.0 199.0 -289.05 331.74 0.0 -0.66 0.75 0.0 2494
387.47 -1543.58 -147.42 -963.82 0.0 16770.0 77.0 -308.98 313.25 0.0 -0.7 0.71 0.0 2514
387.53 -1564.22 -129.33 -969.35 0.0 16770.0 29.0 -316.72 305.43 0.0 -0.72 0.69 0.0 2514
387.59 -1585.13 -110.35 -974.41 0.0 16028.0 0.0 -318.1 303.99 0.0 -0.72 0.69 0.0 2514
387.66 -1603.76 -90.23 -979.04 0.0 14571.0 65443.0 -300.86 321.07 0.0 -0.68 0.73 0.0 2514
387.72 -1611.91 -60.09 -984.3 0.0 13336.0 65186.0 -154.56 411.96 0.0 -0.35 0.94 0.0 2514
387.79 -1605.37 -29.18 -986.03 0.0 12894.0 65186.0 14.07 439.77 0.0 0.03 1.0 0.0 2514
387.85 -1594.86 -1.46 -984.72 0.0 12894.0 65222.0 90.5 430.59 0.0 0.21 0.98 0.0 2514
387.91 -1585.12 23.01 -980.37 0.0 12894.0 65413.0 120.93 423.06 0.0 0.27 0.96 0.0 2514
387.98 -1574.8 48.75 -977.28 0.0 12894.0 65480.0 134.35 418.99 0.0 0.31 0.95 0.0 2514
388.03 -1565.37 72.99 -974.85 0.0 12894.0 0.0 140.0 417.13 0.0 0.32 0.95 0.0 2514
388.1 -1556.05 98.11 -972.78 0.0 12894.0 0.0 142.56 416.27 0.0 0.32 0.95 0.0 2514
388.15 -1546.92 122.28 -969.03 0.0 12894.0 0.0 143.67 415.88 0.0 0.33 0.95 0.0 2514
388.22 -1548.57 150.98 -967.75 0.0 12894.0 326.0 27.93 439.11 0.0 0.06 1.0 0.0 2514
388.28 -1557.45 176.53 -967.61 0.0 12894.0 326.0 -96.83 429.21 0.0 -0.22 0.98 0.0 2514
388.34 -1569.38 200.96 -968.51 0.0 12894.0 181.0 -150.62 413.42 0.0 -0.34 0.94 0.0 2514
388.4 -1581.86 224.91 -968.96 0.0 12894.0 79.0 -173.73 404.25 0.0 -0.39 0.92 0.0 2514
388.46 -1595.43 248.38 -970.26 0.0 12894.0 33.0 -183.77 399.79 0.0 -0.42 0.91 0.0 2514
388.52 -1591.29 276.1 -969.59 0.0 12074.0 65220.0 -2.99 439.99 0.0 -0.01 1.0 0.0 2514
388.58 -1578.59 303.32 -967.89 0.0 8969.0 65209.0 121.31 422.95 0.0 0.28 0.96 0.0 2561
388.64 -1558.09 325.51 -965.26 0.0 5901.0 65198.0 241.2 368.0 0.0 0.55 0.84 0.0 2561
388.72 -1536.71 352.56 -961.79 0.0 4549.0 382.0 235.6 371.61 0.0 0.54 0.84 0.0 2561
388.78 -1524.02 378.86 -959.79 0.0 4549.0 187.0 186.35 398.59 0.0 0.42 0.91 0.0 2561
388.85 -1513.5 407.18 -957.44 0.0 4549.0 67.0 165.09 407.85 0.0 0.38 0.93 0.0 2561
388.92 -1503.47 434.96 -957.15 0.0 4549.0 25.0 156.43 411.25 0.0 0.36 0.93 0.0 2561
388.99 -1492.07 466.35 -959.15 0.0 4549.0 0.0 152.8 412.62 0.0 0.35 0.94 0.0 2521
389.06 -1481.98 494.09 -950.1 0.0 4549.0 0.0 151.46 413.11 0.0 0.34 0.94 0.0 2521
389.13 -1471.63 523.8 -950.5 0.0 5916.0 34.0 147.05 414.7 0.0 0.33 0.94 0.0 2521
389.19 -1469.2 549.23 -950.5 0.0 9402.0 292.0 89.82 430.74 0.0 0.2 0.98 0.0 2521
389.25 -1471.62 573.94 -950.14 0.0 11652.0 315.0 -2.81 439.99 0.0 -0.01 1.0 0.0 2521
389.31 -1479.47 597.01 -949.95 0.0 13102.0 292.0 -87.48 431.22 0.0 -0.2 0.98 0.0 2521
389.36 -1491.2 619.11 -949.05 0.0 14420.0 281.0 -156.49 411.23 0.0 -0.36 0.93 0.0 2521
389.42 -1491.08 645.04 -950.51 0.0 15570.0 65243.0 -39.02 438.27 0.0 -0.09 1.0 0.0 2521
389.47 -1489.84 669.33 -950.51 0.0 16418.0 65444.0 -6.43 439.95 0.0 -0.01 1.0 0.0 2521
389.53 -1490.21 694.01 -950.51 0.0 16855.0 0.0 -7.09 439.94 0.0 -0.02 1.0 0.0 2521
389.59 -1491.1 717.95 -953.3 0.0 16855.0 0.0 -13.69 439.79 0.0 -0.03 1.0 0.0 2521
389.64 -1492.39 743.82 -956.1 0.0 16855.0 0.0 -16.94 439.68 0.0 -0.04 1.0 0.0 2521
389.7 -1493.47 768.0 -956.1 0.0 16855.0 0.0 -18.42 439.62 0.0 -0.04 1.0 0.0 2521
389.76 -1494.57 792.66 -956.1 0.0 16855.0 0.0 -19.12 439.58 0.0 -0.04 1.0 0.0 2521
389.81 -1495.68 817.31 -956.1 0.0 16855.0 0.0 -19.45 439.57 0.0 -0.04 1.0 0.0 2521
389.87 -1496.83 842.94 -956.1 0.0 16855.0 0.0 -19.6 439.56 0.0 -0.04 1.0 0.0 2521
389.92 -1497.92 867.12 -956.1 0.0 16855.0 0.0 -19.67 439.56 0.0 -0.04 1.0 0.0 2521
389.98 -1506.61 891.23 -963.61 0.0 16855.0 292.0 -125.39 421.76 0.0 -0.28 0.96 0.0 2562
390.04 -1522.74 910.08 -969.4 0.0 16855.0 281.0 -237.1 370.65 0.0 -0.54 0.84 0.0 2562
390.09 -1541.54 927.49 -974.02 0.0 16855.0 204.0 -285.81 334.53 0.0 -0.65 0.76 0.0 2562
390.15 -1560.1 943.56 -977.38 0.0 16855.0 82.0 -306.7 315.49 0.0 -0.7 0.72 0.0 2562
390.21 -1579.61 960.53 -980.97 0.0 16855.0 41.0 -316.53 305.62 0.0 -0.72 0.69 0.0 2562
390.26 -1597.71 976.39 -984.53 0.0 16855.0 0.0 -320.86 301.08 0.0 -0.73 0.68 0.0 2562
390.32 -1616.27 992.93 -988.77 0.0 16855.0 0.0 -322.94 298.85 0.0 -0.73 0.68 0.0 2562
390.37 -1634.15 1009.01 -992.06 0.0 16855.0 0.0 -323.89 297.81 0.0 -0.74 0.68 0.0 2562
390.43 -1652.57 1025.69 -994.31 0.0 16855.0 0.0 -324.36 297.31 0.0 -0.74 0.68 0.0 2562
390.48 -1669.58 1041.04 -998.08 0.0 16855.0 0.0 -324.57 297.08 0.0 -0.74 0.68 0.0 2562
390.54 -1687.8 1057.69 -998.24 0.0 16855.0 0.0 -324.68 296.96 0.0 -0.74 0.67 0.0 2562
390.59 -1706.38 1074.67 -997.1 0.0 16855.0 0.0 -324.72 296.91 0.0 -0.74 0.67 0.0 2562
390.65 -1724.6 1091.32 -993.52 0.0 16855.0 0.0 -324.75 296.88 0.0 -0.74 0.67 0.0 2562
390.7 -1742.08 1107.25 -991.21 0.0 16855.0 0.0 -324.76 296.87 0.0 -0.74 0.67 0.0 2562
390.76 -1759.88 1123.49 -987.83 0.0 16855.0 0.0 -324.76 296.87 0.0 -0.74 0.67 0.0 2562
390.81 -1777.81 1139.77 -984.78 0.0 16855.0 0.0 -324.76 296.86 0.0 -0.74 0.67 0.0 2568
390.87 -1796.22 1156.69 -982.51 0.0 16855.0 0.0 -324.77 296.86 0.0 -0.74 0.67 0.0 2568
390.93 -1815.07 1173.81 -979.49 0.0 16855.0 0.0 -324.77 296.86 0.0 -0.74 0.67 0.0 2568
390.98 -1832.71 1190.04 -977.34 0.0 16855.0 0.0 -324.77 296.86 0.0 -0.74 0.67 0.0 2568
391.04 -1850.35 1206.27 -973.37 0.0 16855.0 0.0 -324.77 296.86 0.0 -0.74 0.67 0.0 2568
391.09 -1869.64 1223.9 -970.79 0.0 16855.0 0.0 -324.77 296.86 0.0 -0.74 0.67 0.0 2568
391.15 -1876.52 1249.44 -970.14 0.0 16792.0 65243.0 -177.54 402.59 0.0 -0.4 0.91 0.0 2568
391.21 -1878.03 1276.0 -969.82 0.0 16233.0 65231.0 -89.26 430.85 0.0 -0.2 0.98 0.0 2568
391.27 -1877.13 1302.23 -969.66 0.0 16106.0 65311.0 -36.49 438.48 0.0 -0.08 1.0 0.0 2568
391.32 -1875.63 1329.45 -969.57 0.0 16106.0 65434.0 -9.88 439.89 0.0 -0.02 1.0 0.0 2568
391.38 -1872.87 1355.71 -969.49 0.0 16106.0 65489.0 1.92 440.0 0.0 0.0 1.0 0.0 2568
391.44 -1872.2 1381.36 -969.49 0.0 16106.0 0.0 7.3 439.94 0.0 0.02 1.0 0.0 2568
391.5 -1861.43 1406.42 -969.49 0.0 15317.0 65231.0 122.64 422.56 0.0 0.28 0.96 0.0 2568
391.56 -1842.6 1425.91 -969.49 0.0 13582.0 65231.0 262.08 353.43 0.0 0.6 0.8 0.0 2568
391.62 -1820.58 1438.64 -969.49 0.0 11820.0 65243.0 340.6 278.55 0.0 0.77 0.63 0.0 2568
391.67 -1794.93 1447.79 -969.49 0.0 10963.0 65243.0 389.43 204.8 0.0 0.89 0.47 0.0 2568
391.73 -1772.3 1459.89 -969.49 0.0 10963.0 292.0 359.58 253.58 0.0 0.82 0.58 0.0 2568
391.79 -1758.19 1479.29 -968.98 0.0 10963.0 281.0 293.4 327.89 0.0 0.67 0.75 0.0 2568
391.84 -1752.09 1505.16 -966.84 0.0 10963.0 292.0 162.3 408.97 0.0 0.37 0.93 0.0 2568
391.9 -1755.49 1528.72 -960.86 0.0 10963.0 281.0 20.27 439.53 0.0 0.05 1.0 0.0 2568
391.96 -1762.47 1553.21 -951.34 0.0 10963.0 244.0 -52.94 436.8 0.0 -0.12 0.99 0.0 2568
392.01 -1769.81 1576.3 -942.39 0.0 10963.0 109.0 -85.72 431.57 0.0 -0.19 0.98 0.0 2568
392.07 -1777.19 1603.45 -943.18 0.0 10963.0 48.0 -101.71 428.08 0.0 -0.23 0.97 0.0 2568
392.13 -1785.33 1630.41 -943.72 0.0 10963.0 23.0 -109.07 426.27 0.0 -0.25 0.97 0.0 2568
392.18 -1791.67 1653.77 -943.27 0.0 10963.0 0.0 -112.42 425.4 0.0 -0.26 0.97 0.0 2568
392.24 -1798.64 1679.46 -943.27 0.0 10963.0 0.0 -114.04 424.96 0.0 -0.26 0.97 0.0 2568
392.3 -1805.37 1704.21 -943.27 0.0 10836.0 0.0 -114.78 424.76 0.0 -0.26 0.97 0.0 2568
392.36 -1811.11 1729.22 -941.68 0.0 8981.0 65483.0 -104.49 427.41 0.0 -0.24 0.97 0.0 2568
392.42 -1804.09 1756.0 -939.05 0.0 5525.0 65220.0 67.57 434.78 0.0 0.15 0.99 0.0 2568
392.48 -1775.21 1758.63 -938.35 0.0 1963.0 65186.0 312.63 131.36 0.0 0.92 0.39 0.0 2568
392.55 -1739.46 1741.04 -938.53 0.0 641.0 65164.0 396.56 -114.14 0.0 0.96 -0.28 0.0 2568
392.63 -1708.52 1714.99 -940.1 0.0 514.0 65141.0 370.67 -237.08 0.0 0.84 -0.54 0.0 2568
392.7 -1676.54 1700.69 -940.88 0.0 514.0 382.0 411.71 -155.23 0.0 0.94 -0.35 0.0 2568
392.74 -1665.49 1699.96 -941.27 0.0 514.0 394.0 431.93 -83.87 0.0 0.98 -0.19 0.0 2568
392.81 -1628.02 1700.49 -941.47 0.0 514.0 257.0 439.68 -16.84 0.0 1.0 -0.04 0.0 2568
392.85 -1617.01 1701.93 -941.57 0.0 514.0 154.0 440.0 -1.35 0.0 1.0 -0.0 0.0 2568
392.89 -1602.55 1703.16 -941.62 0.0 514.0 94.0 439.93 8.13 0.0 1.0 0.02 0.0 2568
392.96 -1564.38 1705.22 -941.64 0.0 514.0 0.0 439.69 16.63 0.0 1.0 0.04 0.0 2562
393.0 -1552.55 1706.09 -941.65 0.0 514.0 0.0 439.61 18.63 0.0 1.0 0.04 0.0 2562
393.04 -1538.42 1706.94 -941.66 0.0 514.0 0.0 439.55 19.82 0.0 1.0 0.05 0.0 2562
393.11 -1500.65 1708.86 -941.66 0.0 451.0 0.0 439.5 20.93 0.0 1.0 0.05 0.0 2562
393.15 -1490.08 1716.98 -941.67 0.0 451.0 382.0 412.04 154.34 0.0 0.94 0.35 0.0 2562
393.22 -1462.35 1743.37 -941.67 0.0 1012.0 371.0 348.01 269.23 0.0 0.79 0.61 0.0 2562
393.29 -1441.03 1770.65 -941.67 0.0 2029.0 250.0 302.72 319.31 0.0 0.69 0.73 0.0 2562
393.35 -1426.26 1795.37 -941.67 0.0 3385.0 228.0 262.05 353.46 0.0 0.6 0.8 0.0 2562
393.41 -1414.82 1820.96 -941.67 0.0 4641.0 227.0 217.11 382.7 0.0 0.49 0.87 0.0 2671
393.48 -1399.02 1843.5 -941.67 0.0 5375.0 65220.0 271.99 345.86 0.0 0.62 0.79 0.0 2671
393.54 -1377.78 1858.15 -941.67 0.0 5565.0 65231.0 338.09 281.59 0.0 0.77 0.64 0.0 2671
393.6 -1354.65 1871.81 -941.67 0.0 5826.0 65402.0 360.4 252.41 0.0 0.82 0.57 0.0 2671
393.66 -1331.6 1883.86 -941.41 0.0 5952.0 65493.0 367.08 242.6 0.0 0.83 0.55 0.0 2671
393.72 -1307.97 1899.03 -941.41 0.0 6079.0 0.0 368.9 239.82 0.0 0.84 0.55 0.0 2671
393.78 -1286.96 1912.88 -942.52 0.0 6142.0 0.0 368.09 241.06 0.0 0.84 0.55 0.0 2671
393.84 -1263.61 1928.46 -944.12 0.0 6142.0 0.0 366.88 242.9 0.0 0.83 0.55 0.0 2671
393.9 -1242.68 1942.44 -945.65 0.0 6142.0 0.0 366.36 243.68 0.0 0.83 0.55 0.0 2671
393.96 -1220.14 1957.49 -948.38 0.0 6142.0 0.0 366.12 244.03 0.0 0.83 0.55 0.0 2671
394.02 -1198.0 1972.27 -951.34 0.0 6142.0 0.0 366.02 244.19 0.0 0.83 0.55 0.0 2671
394.08 -1175.86 1987.05 -954.17 0.0 6142.0 0.0 365.98 244.26 0.0 0.83 0.56 0.0 2671
394.14 -1153.72 2001.83 -957.04 0.0 6333.0 0.0 365.96 244.29 0.0 0.83 0.56 0.0 2671
394.2 -1132.47 2016.63 -961.67 0.0 6770.0 37.0 362.41 249.52 0.0 0.82 0.57 0.0 2670
394.26 -1112.92 2031.52 -967.04 0.0 7282.0 78.0 354.11 261.16 0.0 0.8 0.59 0.0 2670
394.31 -1093.91 2047.59 -970.43 0.0 7686.0 100.0 342.76 275.9 0.0 0.78 0.63 0.0 2670
394.37 -1075.86 2064.82 -973.82 0.0 7749.0 64.0 333.29 287.25 0.0 0.76 0.65 0.0 2670
394.43 -1058.01 2081.18 -973.82 0.0 7749.0 29.0 328.46 292.76 0.0 0.75 0.67 0.0 2670
394.48 -1039.11 2098.51 -973.82 0.0 7749.0 0.0 326.12 295.37 0.0 0.74 0.67 0.0 2670
394.54 -1019.85 2116.19 -973.82 0.0 7749.0 0.0 325.02 296.59 0.0 0.74 0.67 0.0 2670
394.6 -1001.67 2132.88 -973.82 0.0 7749.0 0.0 324.52 297.13 0.0 0.74 0.68 0.0 2670
394.66 -983.13 2149.9 -973.82 0.0 7749.0 0.0 324.28 297.39 0.0 0.74 0.68 0.0 2670
394.72 -963.88 2167.58 -973.82 0.0 7749.0 0.0 324.17 297.51 0.0 0.74 0.68 0.0 2670
394.77 -945.7 2184.28 -973.82 0.0 7749.0 0.0 324.13 297.56 0.0 0.74 0.68 0.0 2670
394.83 -927.87 2200.65 -973.82 0.0 7749.0 0.0 324.1 297.59 0.0 0.74 0.68 0.0 2670
394.89 -907.55 2219.31 -973.82 0.0 7749.0 0.0 324.09 297.6 0.0 0.74 0.68 0.0 2670
394.95 -889.01 2236.33 -973.82 0.0 7686.0 0.0 324.09 297.6 0.0 0.74 0.68 0.0 2670
395.0 -870.58 2252.75 -973.82 0.0 7233.0 65504.0 326.79 294.64 0.0 0.74 0.67 0.0 2670
395.06 -850.27 2269.22 -973.82 0.0 6743.0 65455.0 335.82 284.3 0.0 0.76 0.65 0.0 2670
395.12 -828.16 2285.76 -973.82 0.0 6365.0 65464.0 345.66 272.25 0.0 0.79 0.62 0.0 2670
395.18 -806.91 2300.18 -973.82 0.0 5760.0 65440.0 356.25 258.23 0.0 0.81 0.59 0.0 2670
395.24 -782.74 2314.56 -973.82 0.0 5049.0 65410.0 369.74 238.52 0.0 0.84 0.54 0.0 2670
395.31 -757.58 2327.17 -973.82 0.0 4326.0 65392.0 384.06 214.7 0.0 0.87 0.49 0.0 2670
395.37 -731.19 2338.29 -973.82 0.0 3788.0 65401.0 397.04 189.63 0.0 0.9 0.43 0.0 2670
395.43 -706.49 2347.05 -973.82 0.0 3077.0 65401.0 407.35 166.33 0.0 0.93 0.38 0.0 2670
395.5 -676.57 2355.43 -973.82 0.0 2241.0 65374.0 418.06 137.21 0.0 0.95 0.31 0.0 2670
395.56 -647.95 2360.94 -973.82 0.0 1572.0 65377.0 426.87 106.67 0.0 0.97 0.24 0.0 2670
395.63 -618.11 2364.84 -973.82 0.0 1063.0 65394.0 433.01 78.09 0.0 0.98 0.18 0.0 2670
395.7 -589.87 2348.63 -973.82 0.0 809.0 65175.0 414.46 -147.73 0.0 0.94 -0.34 0.0 2670
395.77 -566.3 2327.45 -973.82 0.0 682.0 65215.0 371.53 -235.72 0.0 0.84 -0.54 0.0 2670
395.83 -543.69 2305.32 -973.82 0.0 682.0 65414.0 347.84 -269.46 0.0 0.79 -0.61 0.0 2670
395.9 -522.6 2284.81 -973.82 0.0 682.0 65490.0 337.86 -281.88 0.0 0.77 -0.64 0.0 2670
395.97 -502.01 2263.71 -973.82 0.0 682.0 0.0 333.66 -286.84 0.0 0.76 -0.65 0.0 2670
396.03 -480.2 2244.54 -973.82 0.0 682.0 0.0 331.93 -288.83 0.0 0.75 -0.66 0.0 2670
396.1 -459.1 2226.02 -973.82 0.0 682.0 0.0 331.23 -289.63 0.0 0.75 -0.66 0.0 2670
396.16 -436.91 2206.54 -973.82 0.0 682.0 0.0 330.94 -289.97 0.0 0.75 -0.66 0.0 2670
396.23 -416.66 2187.39 -971.41 0.0 682.0 0.0 330.82 -290.1 0.0 0.75 -0.66 0.0 2670
396.3 -398.99 2167.28 -959.82 0.0 682.0 0.0 330.77 -290.16 0.0 0.75 -0.66 0.0 2672
396.33 -391.09 2160.74 -954.64 0.0 682.0 0.0 330.76 -290.17 0.0 0.75 -0.66 0.0 2672
396.37 -380.52 2151.56 -947.7 0.0 682.0 0.0 330.75 -290.18 0.0 0.75 -0.66 0.0 2672
396.41 -369.31 2141.86 -940.34 0.0 682.0 0.0 330.74 -290.19 0.0 0.75 -0.66 0.0 2672
396.48 -340.36 2119.14 -935.78 0.0 682.0 0.0 330.74 -290.19 0.0 0.75 -0.66 0.0 2667
396.54 -314.96 2098.2 -933.4 0.0 682.0 0.0 330.74 -290.19 0.0 0.75 -0.66 0.0 2667
396.61 -291.55 2078.21 -930.68 0.0 682.0 0.0 330.74 -290.19 0.0 0.75 -0.66 0.0 2667
396.67 -270.27 2059.12 -924.72 0.0 682.0 0.0 330.74 -290.19 0.0 0.75 -0.66 0.0 2667
396.74 -242.5 2047.77 -917.19 0.0 682.0 337.0 397.84 -187.94 0.0 0.9 -0.43 0.0 2667
396.81 -211.06 2047.73 -910.53 0.0 682.0 349.0 435.77 -60.9 0.0 0.99 -0.14 0.0 2667
396.87 -180.93 2050.66 -904.95 0.0 682.0 206.0 439.93 -7.89 0.0 1.0 -0.02 0.0 2667
396.94 -149.29 2053.88 -902.8 0.0 682.0 81.0 439.77 14.28 0.0 1.0 0.03 0.0 2667
397.01 -118.5 2056.82 -900.65 0.0 682.0 0.0 439.4 23.0 0.0 1.0 0.05 0.0 2667
397.08 -85.97 2059.54 -899.16 0.0 682.0 0.0 439.2 26.55 0.0 1.0 0.06 0.0 2667
397.15 -55.39 2062.31 -897.04 0.0 619.0 0.0 439.12 27.84 0.0 1.0 0.06 0.0 2667
397.22 -27.8 2043.56 -896.75 0.0 253.0 65175.0 400.73 -181.7 0.0 0.91 -0.41 0.0 2667
397.29 -3.99 2019.35 -896.27 0.0 126.0 65224.0 352.96 -262.71 0.0 0.8 -0.6 0.0 2667
397.36 17.69 1995.49 -895.55 0.0 126.0 65431.0 330.07 -290.95 0.0 0.75 -0.66 0.0 2667
397.43 39.22 1972.3 -894.62 0.0 126.0 65495.0 320.72 -301.22 0.0 0.73 -0.68 0.0 2667
397.5 60.92 1949.73 -893.01 0.0 126.0 0.0 317.07 -305.06 0.0 0.72 -0.69 0.0 2667
397.57 81.75 1927.64 -894.96 0.0 126.0 0.0 315.68 -306.5 0.0 0.72 -0.7 0.0 2667
397.64 114.81 1923.66 -897.28 0.0 126.0 349.0 421.62 -125.84 0.0 0.96 -0.29 0.0 2667
397.71 147.07 1925.19 -900.54 0.0 126.0 301.0 437.56 -46.25 0.0 0.99 -0.11 0.0 2667
397.78 178.58 1927.41 -903.41 0.0 126.0 118.0 439.75 -14.75 0.0 1.0 -0.03 0.0 2524
397.85 210.32 1929.22 -904.72 0.0 126.0 47.0 439.99 -2.38 0.0 1.0 -0.01 0.0 2524
397.92 241.09 1931.61 -903.53 0.0 126.0 0.0 439.99 2.28 0.0 1.0 0.01 0.0 2524
397.99 270.61 1931.98 -900.2 0.0 65535.0 0.0 439.98 4.07 0.0 1.0 0.01 0.0 2524
398.03 280.29 1931.97 -899.36 0.0 65281.0 0.0 439.99 2.36 0.0 1.0 0.01 0.0 2524
398.1 313.66 1930.84 -896.95 0.0 64606.0 65444.0 439.84 -11.71 0.0 1.0 -0.03 0.0 2524
398.17 348.86 1927.38 -894.48 0.0 63728.0 65406.0 438.56 -35.53 0.0 1.0 -0.08 0.0 2524
398.21 359.37 1925.25 -893.62 0.0 63139.0 65369.0 436.89 -52.26 0.0 0.99 -0.12 0.0 2524
398.25 373.58 1921.88 -895.1 0.0 62601.0 65331.0 433.95 -72.72 0.0 0.99 -0.17 0.0 2523
398.29 388.33 1917.68 -898.38 0.0 62143.0 65328.0 429.99 -93.32 0.0 0.98 -0.21 0.0 2523
398.33 404.41 1912.43 -902.24 0.0 61712.0 65329.0 425.09 -113.56 0.0 0.97 -0.26 0.0 2523
398.36 421.74 1914.94 -905.86 0.0 61376.0 405.0 439.87 10.78 0.0 1.0 0.02 0.0 2523
398.4 438.01 1920.16 -909.65 0.0 61185.0 394.0 433.39 76.0 0.0 0.98 0.17 0.0 2523
398.44 454.06 1926.23 -913.53 0.0 61185.0 284.0 425.91 110.47 0.0 0.97 0.25 0.0 2523
398.48 469.95 1932.54 -917.36 0.0 61122.0 158.0 420.22 130.43 0.0 0.96 0.3 0.0 2523
398.52 485.11 1938.56 -920.82 0.0 61122.0 80.0 416.89 140.72 0.0 0.95 0.32 0.0 2523
398.56 504.45 1946.06 -923.3 0.0 61122.0 53.0 414.46 147.73 0.0 0.94 0.34 0.0 2523
398.64 542.19 1960.44 -925.79 0.0 61122.0 0.0 412.56 152.95 0.0 0.94 0.35 0.0 2523
398.68 554.0 1965.09 -927.82 0.0 61122.0 0.0 412.12 154.14 0.0 0.94 0.35 0.0 2523
398.71 567.82 1970.42 -929.15 0.0 61122.0 0.0 411.86 154.84 0.0 0.94 0.35 0.0 2523
398.75 581.63 1975.78 -931.17 0.0 61122.0 0.0 411.7 155.25 0.0 0.94 0.35 0.0 2523
398.79 597.47 1981.78 -931.9 0.0 61122.0 0.0 411.61 155.49 0.0 0.94 0.35 0.0 2523
398.83 613.32 1987.78 -932.63 0.0 61122.0 0.0 411.56 155.63 0.0 0.94 0.35 0.0 2523
398.87 629.16 1993.77 -933.59 0.0 61122.0 0.0 411.53 155.71 0.0 0.94 0.35 0.0 2523
398.94 668.09 2008.51 -934.55 0.0 61122.0 0.0 411.5 155.79 0.0 0.94 0.35 0.0 2523
398.98 680.08 2013.06 -935.57 0.0 61122.0 0.0 411.49 155.81 0.0 0.94 0.35 0.0 2523
399.02 692.98 2017.94 -935.9 0.0 61122.0 0.0 411.49 155.82 0.0 0.94 0.35 0.0 2523
399.06 708.37 2023.77 -935.9 0.0 61122.0 0.0 411.48 155.83 0.0 0.94 0.35 0.0 2523
399.1 724.21 2029.77 -935.9 0.0 61249.0 0.0 411.48 155.83 0.0 0.94 0.35 0.0 2523
399.14 740.89 2036.28 -935.9 0.0 62123.0 0.0 410.67 157.96 0.0 0.93 0.36 0.0 2523
399.21 775.2 2053.77 -934.98 0.0 64002.0 221.0 393.84 196.18 0.0 0.9 0.45 0.0 2523
399.27 800.18 2071.69 -933.84 0.0 64722.0 200.0 367.53 241.92 0.0 0.84 0.55 0.0 2641
399.34 823.73 2093.31 -934.01 0.0 64722.0 95.0 348.61 268.45 0.0 0.79 0.61 0.0 2641
399.41 846.5 2112.89 -935.58 0.0 64722.0 36.0 340.26 278.97 0.0 0.77 0.63 0.0 2641
399.47 866.7 2130.23 -937.07 0.0 64722.0 0.0 336.93 282.97 0.0 0.77 0.64 0.0 2641
399.54 890.24 2150.36 -939.85 0.0 64722.0 0.0 335.47 284.71 0.0 0.76 0.65 0.0 2641
399.6 910.49 2167.65 -941.72 0.0 64722.0 0.0 334.91 285.37 0.0 0.76 0.65 0.0 2641
399.66 931.09 2185.26 -944.65 0.0 64722.0 0.0 334.67 285.65 0.0 0.76 0.65 0.0 2641
399.73 953.53 2204.45 -946.97 0.0 64722.0 0.0 334.56 285.77 0.0 0.76 0.65 0.0 2641
399.79 973.59 2220.77 -945.78 0.0 64722.0 0.0 334.52 285.83 0.0 0.76 0.65 0.0 2641
399.85 991.89 2236.85 -941.17 0.0 64722.0 0.0 334.51 285.84 0.0 0.76 0.65 0.0 2525
399.91 1012.03 2253.71 -937.71 0.0 64722.0 0.0 334.5 285.85 0.0 0.76 0.65 0.0 2525
399.97 1031.48 2270.18 -934.3 0.0 64722.0 0.0 334.5 285.86 0.0 0.76 0.65 0.0 2525
400.03 1055.12 2270.49 -932.64 0.0 64722.0 65243.0 393.68 196.51 0.0 0.89 0.45 0.0 2525
400.09 1084.07 2272.19 -931.84 0.0 64722.0 65231.0 434.28 3.72 0.0 1.0 0.01 0.0 2525
400.14 1108.52 2271.18 -927.46 0.0 64468.0 65436.0 439.61 -18.47 0.0 1.0 -0.04 0.0 2525
400.2 1135.07 2268.18 -925.13 0.0 64278.0 65459.0 438.61 -34.88 0.0 1.0 -0.08 0.0 2525
400.26 1161.28 2264.75 -922.9 0.0 64215.0 65486.0 437.61 -45.78 0.0 0.99 -0.1 0.0 2525
400.32 1187.34 2261.22 -920.83 0.0 64152.0 0.0 437.0 -51.25 0.0 0.99 -0.12 0.0 2525
400.38 1211.26 2249.64 -920.09 0.0 64152.0 65231.0 408.9 -162.47 0.0 0.93 -0.37 0.0 2525
400.44 1229.53 2230.25 -920.32 0.0 64152.0 65220.0 344.92 -273.18 0.0 0.78 -0.62 0.0 2525
400.5 1250.08 2215.89 -922.59 0.0 64152.0 304.0 375.9 -228.69 0.0 0.85 -0.52 0.0 2525
400.55 1275.15 2209.07 -924.55 0.0 64152.0 292.0 417.35 -139.36 0.0 0.95 -0.32 0.0 2525
400.61 1301.56 2205.04 -929.16 0.0 64152.0 183.0 429.6 -95.08 0.0 0.98 -0.22 0.0 2525
400.67 1327.14 2201.99 -934.98 0.0 64152.0 84.0 433.54 -75.09 0.0 0.99 -0.17 0.0 2525
400.73 1351.94 2198.95 -936.95 0.0 63650.0 0.0 434.63 -68.51 0.0 0.99 -0.16 0.0 2525
400.79 1377.51 2194.61 -936.31 0.0 62695.0 65450.0 432.56 -80.55 0.0 0.98 -0.18 0.0 2525
400.85 1403.95 2186.47 -935.78 0.0 61393.0 65362.0 425.96 -110.26 0.0 0.97 -0.25 0.0 2525
400.91 1432.43 2192.11 -931.33 0.0 60149.0 326.0 438.06 41.25 0.0 1.0 0.09 0.0 2525
400.98 1462.01 2200.04 -926.4 0.0 59124.0 75.0 432.93 78.56 0.0 0.98 0.18 0.0 2525
401.04 1491.3 2206.58 -922.84 0.0 58396.0 65490.0 434.33 70.39 0.0 0.99 0.16 0.0 2525
401.11 1523.52 2210.58 -920.51 0.0 57800.0 65464.0 437.21 49.45 0.0 0.99 0.11 0.0 2525
401.19 1555.94 2211.97 -918.6 0.0 57133.0 65452.0 439.31 24.58 0.0 1.0 0.06 0.0 2525
401.26 1587.93 2210.91 -916.8 0.0 56406.0 65449.0 439.99 -2.32 0.0 1.0 -0.01 0.0 2525
401.33 1619.8 2206.29 -913.98 0.0 55740.0 65449.0 438.93 -30.61 0.0 1.0 -0.07 0.0 2525
401.4 1651.79 2200.42 -912.85 0.0 55063.0 65447.0 436.03 -58.95 0.0 0.99 -0.13 0.0 2525
401.48 1684.75 2192.21 -915.15 0.0 54451.0 65449.0 431.36 -86.77 0.0 0.98 -0.2 0.0 2525
401.52 1693.35 2189.63 -916.06 0.0 54125.0 65444.0 428.29 -100.83 0.0 0.97 -0.23 0.0 2525
401.55 1706.4 2185.4 -918.18 0.0 53803.0 65443.0 424.76 -114.82 0.0 0.97 -0.26 0.0 2525
401.6 1723.16 2179.51 -920.3 0.0 53439.0 65439.0 420.57 -129.31 0.0 0.96 -0.29 0.0 2525
401.64 1738.9 2173.38 -922.45 0.0 53312.0 65440.0 416.06 -143.16 0.0 0.95 -0.33 0.0 2525
401.68 1753.67 2167.32 -924.82 0.0 53185.0 65469.0 412.69 -152.6 0.0 0.94 -0.35 0.0 2525
401.72 1770.17 2160.37 -927.65 0.0 53058.0 65478.0 409.66 -160.56 0.0 0.93 -0.36 0.0 2525
401.76 1785.93 2153.5 -931.36 0.0 52931.0 65488.0 407.06 -167.05 0.0 0.93 -0.38 0.0 2525
401.8 1801.73 2146.42 -935.99 0.0 52868.0 65492.0 404.61 -172.88 0.0 0.92 -0.39 0.0 2650
401.84 1818.19 2138.9 -941.22 0.0 52805.0 65502.0 402.69 -177.31 0.0 0.92 -0.4 0.0 2650
401.88 1833.85 2131.61 -946.47 0.0 52678.0 0.0 401.14 -180.8 0.0 0.91 -0.41 0.0 2650
401.92 1849.52 2124.15 -950.72 0.0 52410.0 65505.0 399.27 -184.88 0.0 0.91 -0.42 0.0 2650
401.96 1866.37 2115.71 -954.64 0.0 52219.0 65484.0 395.97 -191.85 0.0 0.9 -0.44 0.0 2650
402.0 1880.28 2108.38 -958.41 0.0 52092.0 65487.0 392.79 -198.28 0.0 0.89 -0.45 0.0 2650
402.04 1896.97 2099.31 -962.68 0.0 51809.0 65488.0 389.57 -204.53 0.0 0.89 -0.46 0.0 2650
402.08 1911.92 2090.72 -967.39 0.0 51618.0 65477.0 385.4 -212.29 0.0 0.88 -0.48 0.0 2650
402.12 1926.16 2082.15 -969.74 0.0 51491.0 65479.0 381.33 -219.52 0.0 0.87 -0.5 0.0 2650
402.16 1941.76 2072.09 -972.1 0.0 51215.0 65486.0 377.55 -225.95 0.0 0.86 -0.51 0.0 2650
402.2 1956.74 2062.25 -972.1 0.0 51024.0 65474.0 372.71 -233.85 0.0 0.85 -0.53 0.0 2650
402.24 1969.92 2053.23 -972.1 0.0 50763.0 65480.0 368.24 -240.82 0.0 0.84 -0.55 0.0 2650
402.28 1985.27 2042.22 -972.1 0.0 50487.0 65470.0 362.72 -249.07 0.0 0.82 -0.57 0.0 2650
402.32 1999.53 2031.38 -972.1 0.0 50142.0 65466.0 356.58 -257.78 0.0 0.81 -0.59 0.0 2650
402.36 2014.2 2019.47 -972.1 0.0 49802.0 65454.0 349.04 -267.9 0.0 0.79 -0.61 0.0 2650
402.4 2028.83 2006.77 -972.1 0.0 49453.0 65447.0 340.55 -278.61 0.0 0.77 -0.63 0.0 2650
402.44 2041.94 1994.54 -972.1 0.0 49170.0 65446.0 331.63 -289.18 0.0 0.75 -0.66 0.0 2650
402.49 2055.77 1980.97 -972.1 0.0 48821.0 65450.0 322.74 -299.06 0.0 0.73 -0.68 0.0 2650
402.53 2068.79 1967.28 -972.1 0.0 48239.0 65448.0 313.12 -309.12 0.0 0.71 -0.7 0.0 2650
402.57 2081.7 1952.16 -972.1 0.0 47522.0 65420.0 299.36 -322.46 0.0 0.68 -0.73 0.0 2650
402.61 2091.51 1938.88 -972.1 0.0 46804.0 65403.0 282.3 -337.5 0.0 0.64 -0.77 0.0 2650
402.66 2102.41 1922.22 -972.1 0.0 46222.0 65377.0 260.96 -354.26 0.0 0.59 -0.81 0.0 2650
402.7 2111.29 1906.59 -972.1 0.0 45825.0 65382.0 240.05 -368.75 0.0 0.55 -0.84 0.0 2650
402.74 2120.69 1888.52 -972.1 0.0 45452.0 65396.0 220.86 -380.55 0.0 0.5 -0.86 0.0 2650
402.78 2127.66 1873.57 -972.1 0.0 45325.0 65419.0 204.99 -389.33 0.0 0.47 -0.88 0.0 2650
402.82 2135.08 1857.26 -972.1 0.0 45134.0 65453.0 193.73 -395.05 0.0 0.44 -0.9 0.0 2650
402.87 2142.18 1840.81 -972.1 0.0 45134.0 65463.0 184.11 -399.63 0.0 0.42 -0.91 0.0 2640
402.91 2149.23 1824.34 -972.1 0.0 45071.0 65494.0 178.6 -402.12 0.0 0.41 -0.91 0.0 2640
402.95 2156.16 1807.82 -972.1 0.0 45071.0 65504.0 174.39 -403.97 0.0 0.4 -0.92 0.0 2640
402.99 2162.68 1792.19 -972.1 0.0 44944.0 0.0 172.05 -404.97 0.0 0.39 -0.92 0.0 2640
403.03 2169.23 1776.04 -972.1 0.0 44621.0 0.0 168.65 -406.39 0.0 0.38 -0.92 0.0 2640
403.07 2175.33 1759.71 -972.1 0.0 44149.0 65484.0 161.32 -409.36 0.0 0.37 -0.93 0.0 2640
403.1 2172.6 1741.69 -972.1 0.0 43664.0 65130.0 7.82 -439.93 0.0 0.02 -1.0 0.0 2640
403.15 2165.14 1723.86 -972.1 0.0 43248.0 65119.0 -94.67 -429.7 0.0 -0.22 -0.98 0.0 2640
403.19 2155.61 1707.37 -972.1 0.0 42916.0 65119.0 -158.22 -410.57 0.0 -0.36 -0.93 0.0 2640
403.23 2145.18 1691.86 -972.1 0.0 42725.0 65119.0 -198.23 -392.81 0.0 -0.45 -0.89 0.0 2640
403.27 2132.72 1677.45 -972.1 0.0 42448.0 65255.0 -223.13 -379.23 0.0 -0.51 -0.86 0.0 2640
403.31 2121.62 1662.13 -972.1 0.0 42321.0 65320.0 -241.47 -367.82 0.0 -0.55 -0.84 0.0 2640
403.35 2111.68 1648.99 -972.1 0.0 42258.0 65398.0 -252.88 -360.07 0.0 -0.57 -0.82 0.0 2640
403.39 2100.5 1634.38 -972.1 0.0 42258.0 65442.0 -260.44 -354.64 0.0 -0.59 -0.81 0.0 2640
403.43 2088.96 1619.43 -972.1 0.0 42258.0 65481.0 -264.78 -351.42 0.0 -0.6 -0.8 0.0 2640
403.47 2078.29 1605.66 -972.1 0.0 42258.0 0.0 -267.12 -349.64 0.0 -0.61 -0.79 0.0 2684
403.51 2067.9 1592.28 -972.1 0.0 42258.0 0.0 -268.41 -348.65 0.0 -0.61 -0.79 0.0 2684
403.55 2058.4 1580.05 -972.1 0.0 42258.0 0.0 -269.12 -348.1 0.0 -0.61 -0.79 0.0 2684
403.59 2046.52 1564.76 -972.1 0.0 42385.0 0.0 -269.57 -347.75 -161.83 -0.61 -0.79 0.0 2684
403.63 2034.16 1548.79 -952.86 0.0 43127.0 65390.0 -287.68 -371.62 280.44 -0.52 -0.67 0.54 2684
403.67 2023.0 1534.19 -939.81 0.0 43735.0 150.0 -285.92 -372.98 243.86 -0.53 -0.69 0.49 2684
403.71 2011.4 1518.64 -928.55 0.0 44152.0 255.0 -282.91 -375.28 204.68 -0.54 -0.72 0.43 2684
403.75 2000.11 1503.19 -921.79 0.0 44215.0 316.0 -279.16 -378.09 166.01 -0.55 -0.75 0.37 2684
403.79 1988.98 1487.64 -916.61 0.0 44215.0 308.0 -275.47 -380.81 127.34 -0.56 -0.77 0.3 2684
403.83 1977.98 1471.98 -913.0 0.0 44215.0 290.0 -271.97 -383.32 88.68 -0.56 -0.79 0.22 2684
403.87 1968.06 1455.59 -910.97 0.0 44215.0 416.0 -253.11 -396.36 50.01 -0.53 -0.83 0.15 2684
403.92 1958.9 1438.74 -910.5 0.0 44215.0 416.0 -234.4 -408.0 11.35 -0.5 -0.87 0.07 2684
403.96 1950.49 1421.51 -911.62 0.0 44215.0 416.0 -215.95 -418.33 -27.32 -0.46 -0.89 -0.02 2684
404.0 1942.8 1403.93 -914.3 0.0 44215.0 416.0 -197.87 -427.41 -65.98 -0.42 -0.9 -0.1 2684
404.04 1935.82 1386.05 -918.56 0.0 44215.0 416.0 -180.25 -435.36 -104.65 -0.38 -0.91 -0.18 2684
404.08 1929.53 1367.91 -924.39 0.0 44215.0 416.0 -163.14 -442.24 -143.31 -0.33 -0.91 -0.25 2684
404.12 1923.3 1347.56 -932.61 0.0 44215.0 439.0 -145.73 -448.47 -185.11 -0.29 -0.9 -0.33 2684
404.16 1918.92 1330.99 -940.82 0.0 44215.0 405.0 -130.26 -453.35 -221.16 -0.25 -0.88 -0.39 2684
404.2 1915.13 1314.81 -949.94 0.0 44215.0 382.0 -116.2 -457.27 -255.65 -0.22 -0.87 -0.45 2684
404.24 1911.33 1296.51 -961.47 0.0 44215.0 394.0 -102.3 -460.69 -292.74 -0.19 -0.84 -0.5 2684
404.28 1908.16 1278.61 -974.15 0.0 44215.0 394.0 -89.0 -463.55 -329.32 -0.16 -0.82 -0.55 2684
404.31 1905.62 1261.65 -987.43 0.0 44215.0 382.0 -76.65 -465.83 -364.33 -0.13 -0.8 -0.59 2684
404.35 1903.42 1244.13 -1002.39 0.0 44215.0 382.0 -64.85 -467.7 -399.86 -0.11 -0.77 -0.63 2684
404.39 1901.31 1223.45 -1021.56 0.0 44215.0 416.0 -52.63 -469.31 -440.09 -0.08 -0.74 -0.67 2684
404.46 1898.49 1181.71 -1065.08 0.0 44215.0 371.0 -32.4 -471.25 -524.21 -0.05 -0.69 -0.72 2674
404.5 1898.06 1168.59 -1080.42 0.0 44215.0 382.0 -22.73 -471.87 -543.02 -0.03 -0.67 -0.74 2674
404.57 1896.19 1129.07 -1130.84 0.0 44215.0 65153.0 -25.55 -471.83 -627.14 -0.03 -0.62 -0.78 2674
404.64 1891.55 1093.44 -1182.17 0.0 44215.0 65164.0 -59.02 -469.17 -693.5 -0.07 -0.58 -0.81 2674
404.71 1883.48 1060.48 -1230.97 0.0 44215.0 65198.0 -102.4 -462.18 0.0 -0.12 -0.53 -0.84 2674
404.78 1869.25 1031.27 -1229.56 0.0 43613.0 65175.0 -175.12 -403.65 0.0 -0.4 -0.92 0.0 2674
404.85 1839.36 1019.07 -1228.86 0.0 42376.0 65186.0 -362.06 -250.03 0.0 -0.82 -0.57 0.0 2674
404.92 1807.55 1015.6 -1228.5 0.0 41591.0 65198.0 -419.0 -134.31 0.0 -0.95 -0.31 0.0 2674
404.98 1777.84 1015.47 -1228.33 0.0 41528.0 65328.0 -434.12 -71.68 0.0 -0.99 -0.16 0.0 2674
405.05 1748.08 1015.54 -1228.24 0.0 41528.0 65455.0 -437.82 -43.79 0.0 -1.0 -0.1 0.0 2674
405.11 1719.17 1017.02 -1228.15 0.0 41528.0 65501.0 -438.81 -32.3 0.0 -1.0 -0.07 0.0 2674
405.17 1694.39 1004.33 -1228.15 0.0 42209.0 326.0 -414.95 -146.35 0.0 -0.94 -0.33 0.0 2674
405.24 1673.55 982.77 -1228.15 0.0 42909.0 337.0 -341.73 -277.17 0.0 -0.78 -0.63 0.0 2674
405.3 1656.94 957.9 -1228.15 0.0 43406.0 313.0 -287.35 -333.21 0.0 -0.65 -0.76 0.0 2674
405.37 1641.46 930.24 -1228.15 0.0 44065.0 211.0 -249.61 -362.34 0.0 -0.57 -0.82 0.0 2675
405.44 1626.8 899.62 -1228.15 0.0 44680.0 186.0 -217.27 -382.62 0.0 -0.49 -0.87 0.0 2675
405.51 1616.14 869.07 -1228.15 0.0 44912.0 133.0 -192.74 -395.54 0.0 -0.44 -0.9 0.0 2675
405.58 1603.75 839.6 -1228.15 0.0 44975.0 59.0 -180.15 -401.43 0.0 -0.41 -0.91 0.0 2675
405.66 1591.18 809.7 -1228.15 0.0 44975.0 0.0 -174.79 -403.79 0.0 -0.4 -0.92 0.0 2675
405.69 1587.79 801.68 -1228.15 0.0 44975.0 0.0 -173.53 -404.34 0.0 -0.39 -0.92 0.0 2675
405.73 1582.89 790.09 -1228.15 0.0 44975.0 0.0 -172.77 -404.66 0.0 -0.39 -0.92 0.0 2675
405.77 1578.03 778.48 -1228.15 0.0 44975.0 0.0 -172.32 -404.85 0.0 -0.39 -0.92 0.0 2675
405.81 1565.08 767.4 -1228.15 0.0 44975.0 65153.0 -288.26 -332.42 0.0 -0.66 -0.76 0.0 2675
405.88 1527.94 747.57 -1228.15 0.0 44975.0 65141.0 -374.27 -231.34 0.0 -0.85 -0.53 0.0 2675
405.95 1494.3 733.95 -1228.15 0.0 44975.0 65400.0 -396.75 -190.23 0.0 -0.9 -0.43 0.0 2675
405.99 1488.4 725.01 -1228.15 0.0 44975.0 371.0 -328.52 -292.7 0.0 -0.75 -0.67 0.0 2675
406.06 1470.48 689.82 -1228.15 0.0 45550.0 382.0 -233.3 -373.06 0.0 -0.53 -0.85 0.0 2675
406.1 1474.78 676.54 -1228.15 0.0 46473.0 371.0 -76.98 -433.21 0.0 -0.17 -0.98 0.0 2675
406.17 1491.51 641.57 -1228.15 0.0 49113.0 349.0 128.44 -420.83 0.0 0.29 -0.96 0.0 2675
406.24 1516.32 616.14 -1228.15 0.0 50846.0 349.0 257.03 -357.12 0.0 0.58 -0.81 0.0 2675
406.31 1545.76 595.68 -1228.15 0.0 51271.0 328.0 326.8 -294.62 0.0 0.74 -0.67 0.0 2675
406.38 1575.42 577.74 -1228.15 0.0 51271.0 120.0 353.36 -262.18 0.0 0.8 -0.6 0.0 2675
406.45 1603.39 560.94 -1228.15 0.0 51271.0 43.0 362.29 -249.7 0.0 0.82 -0.57 0.0 2675
406.53 1622.76 533.51 -1228.15 0.0 51271.0 65164.0 275.32 -343.21 0.0 0.63 -0.78 0.0 2675
406.6 1631.43 501.1 -1228.15 0.0 50760.0 65141.0 161.18 -409.42 0.0 0.37 -0.93 0.0 2683
406.67 1634.68 469.15 -1228.15 0.0 50079.0 65235.0 95.59 -429.49 0.0 0.22 -0.98 0.0 2683
406.74 1636.17 437.17 -1228.15 0.0 50079.0 65402.0 60.29 -435.85 0.0 0.14 -0.99 0.0 2683
406.81 1635.85 405.95 -1228.15 0.0 50079.0 65485.0 47.08 -437.47 0.0 0.11 -0.99 0.0 2683
406.89 1638.61 374.12 -1228.15 0.0 50079.0 0.0 41.98 -437.99 0.0 0.1 -1.0 0.0 2683
406.95 1641.02 346.64 -1228.15 0.0 50079.0 0.0 40.15 -438.16 0.0 0.09 -1.0 0.0 2683
407.02 1643.62 317.23 -1230.79 0.0 50079.0 0.0 39.42 -438.23 0.0 0.09 -1.0 0.0 2683
407.09 1646.23 287.82 -1229.15 0.0 50079.0 0.0 39.12 -438.26 0.0 0.09 -1.0 0.0 2683
407.15 1648.84 258.41 -1227.8 0.0 50079.0 0.0 39.01 -438.27 0.0 0.09 -1.0 0.0 2683
407.22 1651.28 230.93 -1225.21 0.0 50079.0 0.0 38.96 -438.27 0.0 0.09 -1.0 0.0 2683
407.28 1653.9 201.52 -1221.52 0.0 50079.0 0.0 38.94 -438.27 0.0 0.09 -1.0 0.0 2683
407.35 1656.48 173.57 -1218.29 0.0 50142.0 0.0 39.91 -438.19 0.0 0.09 -1.0 0.0 2683
407.42 1659.27 144.18 -1215.07 0.0 50142.0 0.0 40.92 -438.09 0.0 0.09 -1.0 0.0 2582
407.48 1661.93 116.23 -1212.03 0.0 50015.0 0.0 41.33 -438.05 0.0 0.09 -1.0 0.0 2582
407.55 1664.35 86.81 -1210.12 0.0 50015.0 0.0 38.31 -438.33 0.0 0.09 -1.0 0.0 2582
407.61 1666.81 56.9 -1208.04 0.0 50015.0 0.0 37.07 -438.44 0.0 0.08 -1.0 0.0 2582
407.68 1669.08 29.4 -1207.23 0.0 50015.0 0.0 36.58 -438.48 0.0 0.08 -1.0 0.0 2582
407.75 1671.59 -0.98 -1206.25 0.0 50015.0 0.0 36.38 -438.49 0.0 0.08 -1.0 0.0 2582
407.81 1673.94 -29.44 -1206.75 0.0 50015.0 0.0 36.29 -438.5 0.0 0.08 -1.0 0.0 2582
407.88 1676.33 -58.38 -1207.16 0.0 50015.0 0.0 36.26 -438.5 0.0 0.08 -1.0 0.0 2582
407.94 1678.64 -86.36 -1208.93 0.0 50015.0 0.0 36.25 -438.5 0.0 0.08 -1.0 0.0 2582
408.01 1681.07 -115.79 -1210.59 0.0 50015.0 0.0 36.24 -438.51 0.0 0.08 -1.0 0.0 2582
408.08 1683.54 -145.69 -1212.02 0.0 50015.0 0.0 36.24 -438.51 0.0 0.08 -1.0 0.0 2582
408.14 1685.89 -174.15 -1213.52 0.0 50015.0 0.0 36.24 -438.51 0.0 0.08 -1.0 0.0 2582
408.21 1688.21 -202.13 -1215.01 0.0 50015.0 0.0 36.24 -438.51 0.0 0.08 -1.0 0.0 2582
408.27 1690.64 -231.55 -1216.57 0.0 50015.0 0.0 36.24 -438.51 0.0 0.08 -1.0 0.0 2578
408.34 1693.03 -260.49 -1218.1 0.0 50015.0 0.0 36.24 -438.51 0.0 0.08 -1.0 0.0 2578
408.4 1695.36 -288.71 -1220.89 0.0 50015.0 0.0 36.24 -438.51 0.0 0.08 -1.0 0.0 2578
408.47 1697.76 -317.77 -1225.2 0.0 50015.0 0.0 36.24 -438.51 0.0 0.08 -1.0 0.0 2578
408.53 1700.04 -345.33 -1230.99 0.0 50015.0 0.0 36.24 -438.51 0.0 0.08 -1.0 0.0 2578
408.6 1702.27 -372.37 -1237.54 0.0 50015.0 0.0 36.24 -438.5 0.0 0.08 -1.0 0.0 2578
408.66 1713.11 -397.04 -1243.86 0.0 50015.0 315.0 148.43 -414.21 0.0 0.34 -0.94 0.0 2578
408.72 1731.33 -415.42 -1248.06 0.0 50015.0 304.0 258.19 -356.28 0.0 0.59 -0.81 0.0 2578
408.77 1751.59 -432.01 -1249.68 0.0 49888.0 178.0 302.43 -319.59 0.0 0.69 -0.73 0.0 2578
408.83 1770.65 -448.95 -1244.9 0.0 49437.0 52.0 317.36 -304.77 0.0 0.72 -0.69 0.0 2578
408.89 1770.8 -473.8 -1244.55 0.0 48349.0 65231.0 61.11 -399.38 0.0 0.15 -0.99 0.0 2578
408.95 1752.7 -498.73 -1246.17 0.0 46745.0 65243.0 -182.17 -400.51 0.0 -0.41 -0.91 0.0 2578
409.01 1727.92 -516.16 -1250.43 0.0 45515.0 65220.0 -306.55 -315.64 0.0 -0.7 -0.72 0.0 2579
409.07 1702.21 -528.14 -1256.32 0.0 45055.0 65243.0 -364.42 -246.58 0.0 -0.83 -0.56 0.0 2579
409.13 1676.69 -537.93 -1263.15 0.0 44992.0 65385.0 -389.29 -205.07 0.0 -0.88 -0.47 0.0 2579
409.19 1651.73 -547.09 -1266.96 0.0 44992.0 65463.0 -399.69 -183.98 0.0 -0.91 -0.42 0.0 2579
409.24 1636.4 -568.25 -1264.77 0.0 44992.0 304.0 -297.29 -324.38 0.0 -0.68 -0.74 0.0 2579
409.3 1638.46 -596.0 -1262.02 0.0 44992.0 281.0 -72.24 -434.03 0.0 -0.16 -0.99 0.0 2579
409.36 1647.65 -621.84 -1253.26 0.0 45055.0 304.0 59.1 -436.01 0.0 0.13 -0.99 0.0 2580
409.42 1658.54 -647.85 -1252.71 0.0 45118.0 205.0 119.32 -423.51 0.0 0.27 -0.96 0.0 2580
409.47 1669.3 -671.75 -1248.41 0.0 45118.0 84.0 147.16 -414.66 0.0 0.33 -0.94 0.0 2580
409.53 1665.55 -696.12 -1242.01 0.0 45118.0 65254.0 -17.13 -439.67 0.0 -0.04 -1.0 0.0 2580
409.59 1656.04 -722.79 -1238.1 0.0 42941.0 65231.0 -110.74 -425.84 0.0 -0.25 -0.97 0.0 2572
409.65 1639.41 -746.25 -1234.32 0.0 39085.0 65209.0 -212.04 -385.54 0.0 -0.48 -0.88 0.0 2572
409.72 1617.16 -775.1 -1229.6 0.0 35472.0 382.0 -235.31 -371.8 0.0 -0.53 -0.84 0.0 2572
409.76 1609.68 -784.73 -1228.41 0.0 34465.0 46.0 -229.33 -375.51 0.0 -0.52 -0.85 0.0 2572
409.8 1600.7 -796.53 -1227.43 0.0 33925.0 65449.0 -241.06 -368.09 0.0 -0.55 -0.84 0.0 2572
409.84 1591.15 -806.78 -1225.84 0.0 33734.0 65426.0 -255.28 -358.37 0.0 -0.58 -0.81 0.0 2572
409.91 1566.12 -838.22 -1226.16 0.0 33734.0 65481.0 -271.91 -345.93 0.0 -0.62 -0.79 0.0 2572
409.95 1557.72 -848.24 -1226.8 0.0 34053.0 65501.0 -275.73 -342.89 0.0 -0.63 -0.78 0.0 2572
409.99 1548.79 -859.38 -1227.58 0.0 35336.0 0.0 -273.66 -344.55 0.0 -0.62 -0.78 0.0 2572
410.06 1531.71 -889.12 -1228.26 0.0 38725.0 326.0 -225.46 -377.84 0.0 -0.51 -0.86 0.0 2572
410.11 1525.57 -914.65 -1228.84 0.0 41502.0 270.0 -137.25 -418.04 0.0 -0.31 -0.95 0.0 2572
410.17 1526.15 -940.99 -1229.49 0.0 42695.0 292.0 -41.35 -438.05 0.0 -0.09 -1.0 0.0 2572
410.23 1530.44 -968.99 -1230.11 0.0 42695.0 209.0 22.37 -439.43 0.0 0.05 -1.0 0.0 2572
410.29 1535.54 -995.37 -1222.1 0.0 42695.0 84.0 50.19 -437.13 0.0 0.11 -0.99 0.0 2572
410.35 1531.99 -1019.82 -1220.62 0.0 42695.0 65231.0 -49.05 -437.26 0.0 -0.11 -0.99 0.0 2652
410.4 1519.96 -1042.56 -1221.58 0.0 42695.0 65243.0 -164.21 -408.21 0.0 -0.37 -0.93 0.0 2652
410.46 1505.21 -1063.69 -1222.07 0.0 42695.0 65311.0 -214.58 -384.13 0.0 -0.49 -0.87 0.0 2652
410.52 1488.17 -1083.45 -1222.55 0.0 42695.0 65436.0 -236.86 -370.81 0.0 -0.54 -0.84 0.0 2652
410.58 1473.59 -1103.98 -1222.55 0.0 42695.0 65489.0 -246.9 -364.2 0.0 -0.56 -0.83 0.0 2652
410.64 1457.88 -1126.07 -1222.55 0.0 42695.0 0.0 -251.62 -360.96 0.0 -0.57 -0.82 0.0 2652
410.69 1443.83 -1145.78 -1221.78 0.0 42886.0 0.0 -253.66 -359.52 0.0 -0.58 -0.82 0.0 2652
410.75 1419.04 -1156.71 -1221.78 0.0 44410.0 65254.0 -372.67 -233.92 0.0 -0.85 -0.53 0.0 2652
410.81 1398.09 -1171.01 -1221.79 0.0 46518.0 292.0 -332.21 -288.51 0.0 -0.76 -0.66 0.0 2652
410.86 1400.93 -1194.11 -1221.79 0.0 48137.0 270.0 -62.1 -394.1 0.0 -0.16 -0.99 0.0 2652
410.92 1416.03 -1220.38 -1222.23 0.0 48954.0 281.0 134.87 -418.82 0.0 0.31 -0.95 0.0 2652
410.98 1434.71 -1241.4 -1222.45 0.0 48954.0 292.0 230.3 -374.91 0.0 0.52 -0.85 0.0 2652
411.03 1453.74 -1260.19 -1222.16 0.0 48954.0 165.0 271.38 -346.34 0.0 0.62 -0.79 0.0 2652
411.09 1466.86 -1281.6 -1221.87 0.0 48954.0 65254.0 203.39 -390.17 0.0 0.46 -0.89 0.0 2573
411.14 1469.86 -1306.11 -1221.87 0.0 48954.0 65254.0 96.68 -429.25 0.0 0.22 -0.98 0.0 2573
411.2 1462.21 -1332.08 -1221.87 0.0 48473.0 65243.0 -66.37 -434.97 0.0 -0.15 -0.99 0.0 2573
411.25 1444.57 -1352.69 -1222.27 0.0 48217.0 65254.0 -219.46 -381.37 0.0 -0.5 -0.87 0.0 2573
411.31 1423.77 -1370.47 -1222.03 0.0 48091.0 65231.0 -287.8 -332.82 0.0 -0.65 -0.76 0.0 2573
411.37 1402.7 -1386.58 -1222.35 0.0 47965.0 65392.0 -318.19 -303.9 0.0 -0.72 -0.69 0.0 2573
411.43 1381.91 -1402.05 -1222.51 0.0 47965.0 65471.0 -332.63 -288.02 0.0 -0.76 -0.65 0.0 2573
411.48 1361.22 -1416.14 -1222.67 0.0 47965.0 65506.0 -338.97 -280.53 0.0 -0.77 -0.64 0.0 2573
411.54 1341.52 -1432.58 -1222.67 0.0 49383.0 30.0 -337.56 -282.23 0.0 -0.77 -0.64 0.0 2573
411.6 1336.26 -1459.82 -1221.59 0.0 52019.0 292.0 -155.58 -411.57 0.0 -0.35 -0.94 0.0 2573
411.66 1342.72 -1488.56 -1230.67 0.0 54811.0 304.0 13.84 -439.78 0.0 0.03 -1.0 0.0 2573
411.71 1356.72 -1512.67 -1233.86 0.0 56946.0 304.0 145.4 -415.28 0.0 0.33 -0.94 0.0 2573
411.77 1368.91 -1536.95 -1234.33 0.0 58581.0 65243.0 145.08 -415.39 0.0 0.33 -0.94 0.0 2573
411.83 1377.02 -1564.46 -1233.22 0.0 59933.0 65449.0 103.17 -427.73 0.0 0.23 -0.97 0.0 2661
411.89 1383.5 -1587.28 -1231.66 0.0 60964.0 56.0 113.35 -425.15 0.0 0.26 -0.97 0.0 2661
411.95 1394.08 -1615.43 -1230.7 0.0 61622.0 87.0 139.4 -417.33 0.0 0.32 -0.95 0.0 2661
412.01 1405.05 -1639.76 -1230.0 0.0 61958.0 75.0 162.67 -408.82 0.0 0.37 -0.93 0.0 2661
412.08 1417.26 -1665.07 -1229.34 0.0 62212.0 55.0 179.16 -401.88 0.0 0.41 -0.91 0.0 2661
412.14 1429.09 -1687.86 -1229.07 0.0 62622.0 49.0 192.33 -395.74 0.0 0.44 -0.9 0.0 2661
412.2 1454.15 -1701.03 -1229.8 0.0 63031.0 315.0 350.0 -266.64 0.0 0.8 -0.61 0.0 2661
412.26 1480.46 -1707.5 -1214.06 0.0 63965.0 304.0 403.21 -176.14 0.0 0.92 -0.4 0.0 2661
412.32 1507.84 -1711.09 -1197.84 0.0 64092.0 268.0 424.75 -114.84 0.0 0.97 -0.26 0.0 2661
412.37 1533.28 -1713.6 -1181.69 0.0 64092.0 119.0 431.52 -85.97 0.0 0.98 -0.2 0.0 2661
412.43 1560.9 -1715.01 -1166.24 0.0 64092.0 56.0 434.06 -72.08 0.0 0.99 -0.16 0.0 2661
412.49 1586.79 -1718.62 -1149.83 0.0 64092.0 0.0 435.05 -65.82 0.0 0.99 -0.15 0.0 2661
412.55 1611.72 -1722.1 -1134.38 0.0 64092.0 0.0 435.46 -63.04 0.0 0.99 -0.14 0.0 2661
412.61 1637.12 -1725.64 -1117.81 0.0 64092.0 0.0 435.64 -61.78 0.0 0.99 -0.14 0.0 2661
412.67 1665.41 -1729.58 -1102.36 0.0 64092.0 0.0 435.73 -61.18 0.0 0.99 -0.14 0.0 2661
412.73 1691.29 -1733.19 -1086.06 0.0 64092.0 0.0 435.76 -60.92 0.0 0.99 -0.14 0.0 2661
412.79 1717.66 -1736.86 -1069.84 0.0 64092.0 0.0 435.78 -60.81 0.0 0.99 -0.14 0.0 2657
412.85 1744.02 -1740.53 -1053.69 0.0 64092.0 0.0 435.79 -60.76 0.0 0.99 -0.14 0.0 2657
412.91 1771.35 -1744.34 -1038.24 0.0 64092.0 0.0 435.79 -60.73 0.0 0.99 -0.14 0.0 2657
412.97 1797.23 -1747.95 -1021.83 0.0 64092.0 0.0 435.79 -60.73 0.0 0.99 -0.14 0.0 2657
413.04 1824.56 -1751.76 -1005.96 0.0 64092.0 0.0 435.79 -60.73 0.0 0.99 -0.14 0.0 2657
413.1 1851.4 -1755.5 -974.36 0.0 64092.0 0.0 435.79 -60.73 0.0 0.99 -0.14 0.0 2657
413.16 1877.29 -1759.1 -958.06 0.0 64092.0 0.0 435.79 -60.72 0.0 0.99 -0.14 0.0 2657
413.22 1906.55 -1763.0 -941.84 0.0 64410.0 0.0 436.04 -58.9 0.0 0.99 -0.13 0.0 2657
413.29 1937.37 -1766.22 -925.69 0.0 64820.0 37.0 437.03 -51.07 0.0 0.99 -0.12 0.0 2657
413.35 1965.9 -1767.87 -910.24 0.0 65074.0 67.0 438.46 -36.81 0.0 1.0 -0.08 0.0 2657
413.42 1995.9 -1769.03 -878.38 0.0 65200.0 50.0 439.26 -25.47 0.0 1.0 -0.06 0.0 2657
413.49 2026.39 -1769.86 -861.81 0.0 65326.0 35.0 439.65 -17.68 0.0 1.0 -0.04 0.0 2569
413.56 2057.37 -1770.04 -846.36 0.0 260.0 56.0 439.92 -8.54 0.0 1.0 -0.02 0.0 2569
413.63 2088.83 -1768.71 -844.36 0.0 626.0 83.0 439.94 7.35 0.0 1.0 0.02 0.0 2569
413.7 2116.85 -1766.66 -844.36 0.0 816.0 65.0 439.51 20.73 0.0 1.0 0.05 0.0 2569
413.76 2147.24 -1764.11 -844.36 0.0 879.0 41.0 438.98 29.95 0.0 1.0 0.07 0.0 2569
413.83 2175.73 -1772.31 -844.36 0.0 879.0 65186.0 430.34 -91.71 0.0 0.98 -0.21 0.0 2569
413.9 2201.19 -1792.17 -848.23 0.0 41.0 65186.0 381.61 -219.03 0.0 0.87 -0.5 0.0 2569
413.97 2222.34 -1815.34 -850.17 0.0 64539.0 65240.0 337.34 -282.49 0.0 0.77 -0.64 0.0 2569
414.04 2245.34 -1832.42 -852.1 0.0 63597.0 337.0 377.39 -226.23 0.0 0.86 -0.51 0.0 2569
414.1 2274.32 -1840.55 -852.1 0.0 62424.0 274.0 413.38 -150.73 0.0 0.94 -0.34 0.0 2569
414.17 2300.81 -1847.03 -852.1 0.0 61113.0 65503.0 414.95 -146.35 0.0 0.94 -0.33 0.0 2569
414.23 2326.89 -1860.04 -852.1 0.0 59689.0 65345.0 403.02 -176.57 0.0 0.92 -0.4 0.0 2569
414.29 2349.05 -1875.19 -846.1 0.0 58695.0 65311.0 382.6 -217.3 0.0 0.87 -0.49 0.0 2569
414.36 2370.08 -1891.75 -844.1 0.0 58568.0 65380.0 363.26 -248.27 0.0 0.83 -0.56 0.0 2569
414.42 2391.36 -1908.59 -844.1 0.0 58568.0 65468.0 353.37 -262.16 0.0 0.8 -0.6 0.0 2566
414.48 2412.63 -1925.39 -844.1 0.0 58568.0 0.0 348.91 -268.07 0.0 0.79 -0.61 0.0 2566
414.54 2433.15 -1941.59 -844.1 0.0 58568.0 0.0 346.97 -270.59 0.0 0.79 -0.61 0.0 2566
414.6 2454.8 -1958.68 -844.1 0.0 58568.0 0.0 346.09 -271.7 -171.76 0.79 -0.62 0.0 2566
414.66 2475.52 -1975.01 -857.26 0.0 58568.0 0.0 345.71 -272.18 0.0 0.79 -0.62 0.0 2566
414.72 2496.48 -1991.22 -862.55 0.0 59022.0 34.0 347.71 -269.63 0.0 0.79 -0.61 0.0 2566
414.78 2518.11 -2006.55 -865.39 0.0 59348.0 51.0 353.95 -261.37 0.0 0.8 -0.59 0.0 2566
414.84 2540.95 -2021.28 -861.32 0.0 59745.0 71.0 361.85 -250.33 0.0 0.82 -0.57 0.0 2566
414.91 2564.58 -2036.09 -858.09 0.0 60341.0 91.0 371.07 -236.45 0.0 0.84 -0.54 0.0 2566
414.97 2589.21 -2049.26 -855.89 0.0 61324.0 130.0 383.18 -216.27 0.0 0.87 -0.49 0.0 2566
415.03 2616.34 -2060.33 -854.39 0.0 62777.0 207.0 400.46 -182.29 0.0 0.91 -0.41 0.0 2566
415.1 2644.01 -2066.86 -853.64 0.0 65174.0 299.0 420.73 -128.78 0.0 0.96 -0.29 0.0 2566
415.16 2670.62 -2066.64 -853.27 0.0 2915.0 304.0 437.75 -44.39 0.0 0.99 -0.1 0.0 2566
415.22 2692.72 -2041.69 -853.08 0.0 6411.0 315.0 359.88 253.15 0.0 0.82 0.58 0.0 2566
415.29 2701.03 -2006.96 -852.99 0.0 9085.0 337.0 189.81 396.95 0.0 0.43 0.9 0.0 2566
415.36 2697.12 -1968.19 -852.94 0.0 11623.0 371.0 28.35 439.09 0.0 0.06 1.0 0.0 2566
415.4 2690.64 -1955.39 -853.31 0.0 12911.0 394.0 -42.78 437.92 0.0 -0.1 1.0 0.0 2566
415.44 2682.65 -1940.51 -846.1 0.0 14076.0 405.0 -107.61 426.64 0.0 -0.24 0.97 0.0 2566
415.48 2672.14 -1923.78 -845.1 0.0 14764.0 439.0 -167.39 406.92 0.0 -0.38 0.92 0.0 2566
415.52 2661.34 -1909.22 -844.6 0.0 14955.0 381.0 -208.56 387.43 0.0 -0.47 0.88 0.0 2566
415.56 2649.59 -1897.44 -844.1 0.0 15018.0 221.0 -232.76 373.4 0.0 -0.53 0.85 0.0 2566
415.6 2647.16 -1880.18 -844.1 0.0 15018.0 65141.0 -119.62 423.43 0.0 -0.27 0.96 0.0 2566
415.64 2647.82 -1862.59 -844.1 0.0 15018.0 65141.0 -47.36 437.44 0.0 -0.11 0.99 0.0 2566
415.68 2649.74 -1845.22 -848.1 0.0 15018.0 65141.0 -4.05 439.98 0.0 -0.01 1.0 0.0 2570
415.72 2652.09 -1828.1 -850.1 0.0 15018.0 65282.0 21.45 439.48 0.0 0.05 1.0 0.0 2570
415.75 2655.6 -1811.05 -852.1 0.0 15018.0 65386.0 36.39 438.49 0.0 0.08 1.0 0.0 2570
415.79 2657.67 -1794.23 -852.1 0.0 15018.0 65448.0 45.14 437.68 0.0 0.1 0.99 0.0 2570
415.83 2659.92 -1776.47 -852.1 0.0 15209.0 65483.0 50.39 437.1 0.0 0.11 0.99 0.0 2570
415.87 2661.89 -1759.15 -852.1 0.0 15688.0 0.0 50.02 437.15 0.0 0.11 0.99 0.0 2570
415.91 2663.1 -1742.74 -852.1 0.0 16271.0 85.0 41.48 438.04 0.0 0.09 1.0 0.0 2570
415.95 2663.62 -1722.88 -852.1 0.0 16777.0 161.0 25.3 439.27 0.0 0.06 1.0 0.0 2570
415.99 2663.17 -1706.4 -852.1 0.0 17110.0 176.0 7.61 439.93 0.0 0.02 1.0 0.0 2570
416.03 2662.19 -1688.98 -852.1 0.0 17237.0 160.0 -8.53 439.92 0.0 -0.02 1.0 0.0 2570
416.07 2660.93 -1671.58 -852.1 0.0 17237.0 115.0 -20.12 439.54 0.0 -0.05 1.0 0.0 2570
416.11 2659.68 -1655.17 -852.1 0.0 17300.0 65.0 -26.65 439.19 0.0 -0.06 1.0 0.0 2570
416.15 2658.11 -1636.36 -852.1 0.0 17363.0 51.0 -31.82 438.85 0.0 -0.07 1.0 0.0 2570
416.19 2656.58 -1619.49 -852.1 0.0 17426.0 0.0 -35.76 438.54 0.0 -0.08 1.0 0.0 2570
416.23 2654.8 -1601.18 -852.1 0.0 17426.0 0.0 -39.24 438.25 0.0 -0.09 1.0 0.0 2570
416.27 2653.04 -1583.36 -852.1 0.0 17363.0 0.0 -41.22 438.06 0.0 -0.09 1.0 0.0 2570
416.31 2651.37 -1565.53 -852.1 0.0 16704.0 0.0 -41.17 438.07 0.0 -0.09 1.0 0.0 2570
416.36 2650.54 -1544.72 -852.1 0.0 15634.0 65409.0 -28.4 439.08 0.0 -0.06 1.0 0.0 2570
416.43 2653.36 -1507.98 -852.1 0.0 13066.0 65229.0 25.94 439.23 0.0 0.06 1.0 0.0 2570
416.49 2654.35 -1475.62 -852.1 0.0 8969.0 337.0 2.15 439.99 0.0 0.0 1.0 0.0 2570
416.56 2655.41 -1449.08 -852.1 0.0 6559.0 65432.0 7.57 439.93 0.0 0.02 1.0 0.0 2570
416.62 2660.42 -1417.39 -852.1 0.0 6559.0 65444.0 44.34 437.76 0.0 0.1 0.99 0.0 2570
416.69 2665.46 -1386.31 -852.1 0.0 6559.0 65493.0 59.31 435.99 0.0 0.13 0.99 0.0 2570
416.76 2658.4 -1354.79 -852.1 0.0 6750.0 371.0 -68.25 434.67 0.0 -0.16 0.99 0.0 2474
416.8 2650.84 -1346.3 -852.1 0.0 7539.0 394.0 -154.11 412.13 0.0 -0.35 0.94 0.0 2474
416.84 2640.2 -1335.14 -852.1 0.0 9218.0 293.0 -215.5 383.61 0.0 -0.49 0.87 0.0 2474
416.88 2628.25 -1325.27 -852.1 0.0 11200.0 307.0 -270.22 347.25 0.0 -0.61 0.79 0.0 2474
416.92 2613.61 -1316.2 -852.1 0.0 13148.0 367.0 -325.05 296.55 0.0 -0.74 0.67 0.0 2474
416.96 2595.96 -1308.94 -852.1 0.0 14539.0 368.0 -374.16 231.53 0.0 -0.85 0.53 0.0 2474
417.0 2575.4 -1303.96 -852.1 0.0 15381.0 276.0 -408.6 163.24 0.0 -0.93 0.37 0.0 2474
417.04 2557.12 -1301.82 -852.1 0.0 15826.0 141.0 -425.51 111.97 0.0 -0.97 0.25 0.0 2474
417.08 2538.09 -1300.72 -852.1 0.0 16683.0 94.0 -433.86 73.22 0.0 -0.99 0.17 0.0 2474
417.12 2523.46 -1291.67 -852.1 0.0 17834.0 65130.0 -402.57 177.58 0.0 -0.91 0.4 0.0 2474
417.17 2508.24 -1281.04 -852.1 0.0 19171.0 65241.0 -382.8 216.95 0.0 -0.87 0.49 0.0 2474
417.21 2490.16 -1270.73 -852.1 0.0 20315.0 0.0 -382.49 217.49 0.0 -0.87 0.49 0.0 2474
417.26 2470.65 -1262.07 -852.1 0.0 20820.0 181.0 -393.29 197.29 0.0 -0.89 0.45 0.0 2474
417.3 2456.11 -1256.59 -852.1 0.0 21011.0 154.0 -401.83 179.25 0.0 -0.91 0.41 0.0 2474
417.34 2443.35 -1241.18 -846.1 0.0 21304.0 65096.0 -325.38 296.19 0.0 -0.74 0.67 0.0 2474
417.38 2433.36 -1223.98 -835.87 0.0 21891.0 65096.0 -273.0 345.07 0.0 -0.62 0.78 0.0 2474
417.43 2423.21 -1205.65 -819.66 0.0 22559.0 65242.0 -249.36 362.52 0.0 -0.57 0.82 0.0 2474
417.47 2413.22 -1187.22 -803.51 0.0 23052.0 0.0 -247.51 363.78 0.0 -0.56 0.83 0.0 2474
417.52 2399.7 -1168.92 -801.51 0.0 23371.0 91.0 -255.06 358.53 0.0 -0.58 0.81 0.0 2475
417.57 2387.66 -1153.73 -788.06 0.0 23498.0 108.0 -263.83 352.13 0.0 -0.6 0.8 0.0 2475
417.61 2374.26 -1137.17 -771.65 0.0 23561.0 83.0 -270.49 347.04 0.0 -0.61 0.79 0.0 2475
417.66 2361.05 -1121.09 -756.2 0.0 23688.0 55.0 -274.88 343.57 0.0 -0.62 0.78 0.0 2475
417.71 2347.65 -1105.16 -739.63 0.0 24007.0 54.0 -279.15 340.11 0.0 -0.63 0.77 0.0 2475
417.75 2336.33 -1092.54 -737.63 0.0 24412.0 85.0 -285.76 334.58 0.0 -0.65 0.76 0.0 2475
417.8 2321.93 -1077.49 -724.18 0.0 25072.0 129.0 -295.55 325.97 0.0 -0.67 0.74 0.0 2475
417.84 2306.59 -1063.38 -722.18 0.0 25820.0 201.0 -310.35 311.9 0.0 -0.71 0.71 0.0 2475
417.89 2292.15 -1051.18 -719.14 0.0 26473.0 244.0 -327.4 293.96 0.0 -0.74 0.67 0.0 2475
417.93 2276.23 -1040.73 -716.1 0.0 27126.0 256.0 -344.2 274.09 0.0 -0.78 0.62 0.0 2475
417.97 2259.68 -1030.55 -716.1 0.0 27660.0 263.0 -360.2 252.7 0.0 -0.82 0.57 0.0 2475
418.02 2243.47 -1021.73 -716.1 0.0 28065.0 240.0 -373.6 232.43 0.0 -0.85 0.53 0.0 2475
418.06 2226.53 -1013.31 -716.1 0.0 28702.0 207.0 -384.27 214.33 0.0 -0.87 0.49 0.0 2475
418.1 2211.77 -1007.08 -716.1 0.0 29370.0 218.0 -394.55 194.76 0.0 -0.9 0.44 0.0 2475
418.14 2195.53 -1000.7 -720.1 0.0 29958.0 243.0 -404.84 172.34 0.0 -0.92 0.39 0.0 2475
418.18 2178.86 -995.46 -722.1 0.0 30626.0 243.0 -413.89 149.33 0.0 -0.94 0.34 0.0 2475
418.25 2141.95 -987.09 -723.1 0.0 31212.0 207.0 -426.73 107.25 0.0 -0.97 0.24 0.0 2475
418.32 2112.27 -971.26 -723.6 0.0 31575.0 65175.0 -390.42 202.91 0.0 -0.89 0.46 0.0 2543
418.39 2089.83 -947.58 -723.85 0.0 31953.0 65226.0 -329.33 291.79 0.0 -0.75 0.66 0.0 2543
418.46 2068.77 -921.92 -723.97 0.0 31953.0 65424.0 -302.87 319.17 0.0 -0.69 0.73 0.0 2543
418.53 2048.28 -894.94 -724.04 0.0 30180.0 65400.0 -283.9 336.16 0.0 -0.65 0.76 0.0 2543
418.57 2043.52 -885.14 -724.07 0.0 29059.0 65275.0 -259.92 355.03 0.0 -0.59 0.81 0.0 2543
418.61 2037.53 -871.32 -724.08 0.0 28442.0 65211.0 -227.88 376.39 0.0 -0.52 0.86 0.0 2543
418.65 2032.23 -857.1 -724.09 0.0 28315.0 65281.0 -200.32 391.76 0.0 -0.46 0.89 0.0 2543
418.69 2027.66 -840.4 -724.1 0.0 28315.0 65368.0 -180.69 401.19 0.0 -0.41 0.91 0.0 2543
418.73 2021.23 -823.67 -724.1 0.0 28315.0 65444.0 -169.34 406.11 0.0 -0.38 0.92 0.0 2543
418.77 2007.66 -812.1 -724.1 0.0 28315.0 405.0 -286.48 333.96 0.0 -0.65 0.76 0.0 2543
418.81 1991.87 -803.13 -718.1 0.0 28188.0 405.0 -342.57 276.13 0.0 -0.78 0.63 0.0 2543
418.85 1976.28 -795.67 -717.1 0.0 27734.0 394.0 -368.13 241.0 0.0 -0.84 0.55 0.0 2543
418.89 1960.82 -789.82 -716.1 0.0 27179.0 171.0 -377.25 226.45 0.0 -0.86 0.51 0.0 2543
418.96 1928.72 -770.6 -712.25 0.0 26621.0 65489.0 -375.21 229.82 0.0 -0.85 0.52 0.0 2543
419.02 1905.08 -755.56 -701.04 0.0 26558.0 65486.0 -369.29 239.22 0.0 -0.84 0.54 0.0 2543
419.08 1883.95 -741.45 -690.79 0.0 26431.0 0.0 -366.53 243.43 0.0 -0.83 0.55 0.0 2543
419.14 1864.42 -727.85 -681.15 0.0 26305.0 65506.0 -363.27 248.27 0.0 -0.83 0.56 0.0 2543
419.2 1841.74 -711.78 -669.96 0.0 26115.0 141.0 -350.61 234.94 89.99 -0.8 0.54 0.27 2543
419.26 1820.23 -696.89 -659.82 0.0 26052.0 65535.0 -350.61 234.94 33.56 -0.82 0.55 0.14 2545
419.33 1808.5 -688.55 -653.47 0.0 25989.0 65508.0 -235.53 166.16 0.0 -0.82 0.58 0.0 2545
419.39 1786.61 -672.1 -641.88 0.0 25359.0 1.0 -339.24 253.19 0.0 -0.8 0.6 0.0 2545
419.45 1768.67 -656.15 -632.05 0.0 24196.0 65384.0 -337.02 282.88 0.0 -0.77 0.64 0.0 2545
419.5 1752.25 -638.67 -622.14 0.0 23755.0 65383.0 -315.5 306.69 0.0 -0.72 0.7 0.0 2545
419.57 1734.81 -618.08 -610.92 0.0 23420.0 65424.0 -297.82 323.89 0.0 -0.68 0.74 0.0 2545
419.63 1717.05 -595.38 -599.02 0.0 23070.0 65444.0 -283.16 336.78 0.0 -0.64 0.77 0.0 2545
419.7 1698.01 -569.16 -585.65 0.0 22880.0 65451.0 -269.15 348.08 0.0 -0.61 0.79 0.0 2545
419.77 1679.53 -542.54 -572.43 0.0 22753.0 65474.0 -259.62 355.24 0.0 -0.59 0.81 0.0 2545
419.81 1672.4 -532.35 -567.95 0.0 22753.0 0.0 -256.59 357.44 0.0 -0.58 0.81 0.0 2545
419.85 1664.44 -520.92 -562.29 0.0 22753.0 0.0 -254.85 358.68 0.0 -0.58 0.82 0.0 2545
419.89 1655.02 -507.37 -555.53 0.0 22753.0 0.0 -253.75 359.46 0.0 -0.58 0.82 0.0 2545
419.92 1646.05 -494.53 -549.18 0.0 22753.0 0.0 -253.15 359.89 0.0 -0.58 0.82 0.0 2545
419.96 1636.49 -480.83 -542.35 0.0 22753.0 0.0 -252.78 360.14 0.0 -0.57 0.82 0.0 2545
420.0 1627.22 -467.57 -535.77 0.0 22753.0 0.0 -252.56 360.29 0.0 -0.57 0.82 0.0 2545
420.07 1605.93 -436.39 -519.63 0.0 23072.0 0.0 -252.37 360.43 0.0 -0.57 0.82 0.0 2545
420.11 1597.23 -424.9 -514.34 0.0 23703.0 54.0 -256.87 357.24 0.0 -0.58 0.81 0.0 2545
420.15 1587.36 -412.85 -507.92 0.0 24426.0 140.0 -268.25 348.77 0.0 -0.61 0.79 0.0 2545
420.19 1576.77 -401.37 -501.46 0.0 25128.0 201.0 -284.15 335.95 0.0 -0.65 0.76 0.0 2545
420.23 1564.22 -389.36 -494.22 0.0 25533.0 250.0 -303.03 319.02 0.0 -0.69 0.73 0.0 2545
420.26 1552.0 -378.8 -487.59 0.0 25533.0 207.0 -317.77 304.34 0.0 -0.72 0.69 0.0 2545
420.32 1531.26 -361.0 -475.96 0.0 25098.0 29.0 -326.7 294.74 0.0 -0.74 0.67 0.0 2545
420.38 1511.7 -343.77 -465.19 0.0 25098.0 0.0 -326.46 295.0 0.0 -0.74 0.67 0.0 2499
