145.62 279.84 2112.0 -904.45 0.0 48104.0 0.0 0.0 0.0 0.0 0.0 0.0 -1.0 2524
145.67 279.84 2112.0 -906.4 0.0 48104.0 0.0 0.0 0.0 0.0 0.0 0.0 0.0 2524
145.72 279.05 2104.17 -905.26 0.0 48104.0 0.0 -10.39 -103.11 0.0 -0.1 -0.99 0.0 2524
145.77 277.55 2089.31 -904.37 0.0 48104.0 65535.0 -21.02 -208.46 0.0 -0.1 -0.99 0.0 2524
145.82 275.5 2069.01 -903.54 0.0 48104.0 65535.0 -31.41 -311.56 0.0 -0.1 -0.99 0.0 2524
145.87 273.15 2045.68 -902.69 0.0 48104.0 65535.0 -41.13 -407.95 0.0 -0.1 -0.99 0.0 2524
145.92 270.72 2021.53 -901.71 0.0 48104.0 65535.0 -44.14 -437.78 0.0 -0.1 -0.99 0.0 2524
145.96 268.48 1999.3 -899.67 0.0 48104.0 0.0 -44.13 -437.78 0.0 -0.1 -0.99 0.0 2524
146.0 266.92 1983.89 -899.22 0.0 48104.0 0.0 -44.14 -437.78 0.0 -0.1 -0.99 0.0 2524
146.04 265.13 1966.08 -898.59 0.0 48104.0 0.0 -44.14 -437.78 0.0 -0.1 -0.99 0.0 2524
146.08 263.33 1948.26 -897.93 0.0 48104.0 0.0 -44.14 -437.78 0.0 -0.1 -0.99 0.0 2524
146.12 261.63 1931.4 -897.3 0.0 48104.0 0.0 -44.13 -437.78 0.0 -0.1 -0.99 0.0 2524
146.16 259.88 1914.07 -898.23 0.0 48104.0 0.0 -44.13 -437.78 0.0 -0.1 -0.99 0.0 2524
146.2 258.14 1896.73 -898.23 0.0 48104.0 0.0 -44.13 -437.78 0.0 -0.1 -0.99 0.0 2524
146.24 256.39 1879.4 -898.79 0.0 48104.0 0.0 -44.13 -437.78 0.0 -0.1 -0.99 0.0 2524
146.28 254.74 1863.02 -899.43 0.0 48104.0 0.0 -44.13 -437.78 0.0 -0.1 -0.99 0.0 2524
146.32 252.94 1845.21 -901.78 0.0 48104.0 0.0 -44.13 -437.78 0.0 -0.1 -0.99 0.0 2524
146.36 251.29 1828.83 -904.21 0.0 48104.0 0.0 -44.13 -437.78 0.0 -0.1 -0.99 0.0 2524
146.43 247.26 1788.86 -906.56 0.0 48104.0 0.0 -44.14 -437.78 0.0 -0.1 -0.99 0.0 2547
146.47 245.95 1775.86 -908.93 0.0 48104.0 0.0 -44.13 -437.78 0.0 -0.1 -0.99 0.0 2547
146.51 244.52 1761.65 -911.77 0.0 48104.0 0.0 -44.13 -437.78 0.0 -0.1 -0.99 0.0 2547
146.55 242.98 1746.37 -915.45 0.0 48104.0 0.0 -44.13 -437.78 0.0 -0.1 -0.99 0.0 2547
146.62 239.05 1707.42 -921.72 0.0 48104.0 0.0 -44.13 -437.78 0.0 -0.1 -0.99 0.0 2547
146.69 235.56 1672.78 -929.23 0.0 48104.0 0.0 -44.13 -437.78 0.0 -0.1 -0.99 0.0 2547
146.77 232.02 1637.64 -937.7 0.0 48104.0 0.0 -44.13 -437.78 0.0 -0.1 -0.99 0.0 2547
146.84 228.59 1603.7 -946.17 0.0 48104.0 0.0 -44.13 -437.78 0.0 -0.1 -0.99 0.0 2547
146.91 225.38 1571.8 -952.09 0.0 48104.0 0.0 -44.13 -437.78 0.0 -0.1 -0.99 0.0 2547
146.98 222.24 1540.68 -956.31 0.0 48104.0 0.0 -44.13 -437.78 0.0 -0.1 -0.99 0.0 2547
147.06 219.17 1510.19 -958.75 0.0 48104.0 0.0 -44.14 -437.78 0.0 -0.1 -0.99 0.0 2547
147.13 216.0 1478.74 -961.19 0.0 48104.0 0.0 -44.13 -437.78 0.0 -0.1 -0.99 0.0 2547
147.2 212.94 1448.4 -961.1 0.0 48104.0 0.0 -44.14 -437.78 0.0 -0.1 -0.99 0.0 2547
147.27 209.83 1417.58 -960.32 0.0 48104.0 0.0 -44.14 -437.78 0.0 -0.1 -0.99 0.0 2547
147.34 206.72 1386.76 -959.89 0.0 48104.0 0.0 -44.14 -437.78 0.0 -0.1 -0.99 0.0 2547
147.41 203.81 1357.87 -959.89 0.0 48104.0 0.0 -44.14 -437.78 0.0 -0.1 -0.99 0.0 2547
147.47 200.99 1329.94 -960.73 0.0 48104.0 0.0 -44.13 -437.78 0.0 -0.1 -0.99 0.0 2547
147.54 197.98 1300.08 -962.2 0.0 48104.0 0.0 -44.13 -437.78 0.0 -0.1 -0.99 0.0 2547
147.61 195.12 1271.67 -962.95 0.0 48104.0 0.0 -44.14 -437.78 0.0 -0.1 -0.99 0.0 2547
147.67 192.01 1240.85 -963.19 0.0 48104.0 0.0 -44.14 -437.78 0.0 -0.1 -0.99 0.0 2547
147.74 189.0 1210.99 -959.64 0.0 48104.0 0.0 -44.14 -437.78 0.0 -0.1 -0.99 0.0 2621
147.81 186.19 1183.06 -956.1 0.0 48104.0 0.0 -44.14 -437.78 0.0 -0.1 -0.99 0.0 2621
147.87 183.37 1155.13 -956.1 0.0 48104.0 0.0 -44.14 -437.78 0.0 -0.1 -0.99 0.0 2621
147.94 180.51 1126.72 -956.1 0.0 48104.0 0.0 -44.14 -437.78 0.0 -0.1 -0.99 0.0 2621
148.0 177.55 1097.34 -956.1 0.0 48104.0 0.0 -44.14 -437.78 0.0 -0.1 -0.99 0.0 2621
148.07 174.63 1068.45 -956.1 0.0 48104.0 0.0 -44.14 -437.78 0.0 -0.1 -0.99 0.0 2621
148.14 171.62 1038.59 -956.1 0.0 48104.0 0.0 -44.14 -437.78 0.0 -0.1 -0.99 0.0 2621
148.2 168.66 1014.0 -943.94 0.0 48104.0 0.0 -44.14 -437.78 0.0 -0.1 -0.99 0.0 2621
148.27 165.63 986.42 -930.13 0.0 48104.0 0.0 -44.13 -437.78 0.0 -0.1 -0.99 0.0 2621
148.34 162.68 958.32 -916.1 0.0 48104.0 0.0 -44.13 -437.78 0.0 -0.1 -0.99 0.0 2621
148.41 159.43 927.12 -900.4 0.0 48104.0 0.0 -44.13 -437.78 0.0 -0.1 -0.99 0.0 2621
148.48 156.23 895.85 -884.77 0.0 48104.0 0.0 -44.13 -437.78 0.0 -0.1 -0.99 0.0 2621
148.55 152.98 863.95 -868.79 0.0 48104.0 0.0 -44.13 -437.78 0.0 -0.1 -0.99 0.0 2621
148.63 149.53 830.25 -851.87 0.0 48104.0 0.0 -44.13 -437.78 0.0 -0.1 -0.99 0.0 2621
148.7 146.43 794.05 -847.99 0.0 48104.0 0.0 -44.14 -437.78 0.0 -0.1 -0.99 0.0 2620
148.77 142.55 759.65 -846.04 0.0 46409.0 65462.0 -51.52 -436.97 0.0 -0.12 -0.99 0.0 2620
148.81 139.7 748.45 -845.07 0.0 44885.0 65273.0 -78.34 -432.97 0.0 -0.18 -0.98 0.0 2620
148.88 125.49 716.37 -844.59 0.0 42915.0 65164.0 -157.23 -410.95 0.0 -0.36 -0.93 0.0 2620
148.96 105.95 687.52 -844.34 0.0 42354.0 65243.0 -220.19 -380.94 0.0 -0.5 -0.87 0.0 2620
149.03 84.96 661.32 -844.22 0.0 42100.0 65368.0 -252.03 -360.67 0.0 -0.57 -0.82 0.0 2620
149.1 61.92 636.61 -844.1 0.0 41846.0 65452.0 -267.75 -349.16 0.0 -0.61 -0.79 0.0 2618
149.17 40.97 612.46 -844.1 0.0 41470.0 65466.0 -279.52 -339.81 0.0 -0.64 -0.77 0.0 2618
149.25 7.7 606.68 -838.1 0.0 41280.0 65164.0 -411.61 -155.49 0.0 -0.94 -0.35 0.0 2618
149.32 -26.02 607.02 -838.3 0.0 41280.0 65261.0 -434.73 -67.92 0.0 -0.99 -0.15 0.0 2618
149.39 -58.82 608.17 -838.4 0.0 41280.0 65440.0 -438.68 -34.0 0.0 -1.0 -0.08 0.0 2618
149.46 -90.99 608.82 -838.45 0.0 41280.0 65501.0 -439.49 -21.19 0.0 -1.0 -0.05 0.0 2618
149.53 -122.21 610.12 -837.77 0.0 41280.0 0.0 -439.69 -16.43 0.0 -1.0 -0.04 0.0 2618
149.6 -155.11 609.14 -838.67 0.0 41280.0 0.0 -439.76 -14.58 0.0 -1.0 -0.03 0.0 2618
149.68 -186.07 608.2 -838.67 0.0 41280.0 0.0 -439.78 -13.9 0.0 -1.0 -0.03 0.0 2618
149.75 -217.52 607.24 -838.67 0.0 41280.0 0.0 -439.79 -13.65 0.0 -1.0 -0.03 0.0 2619
149.82 -247.04 606.76 -838.67 0.0 40603.0 65504.0 -439.9 -9.42 0.0 -1.0 -0.02 0.0 2619
149.85 -256.48 607.12 -838.67 0.0 40244.0 65460.0 -440.0 0.49 0.0 -1.0 0.0 0.0 2619
149.92 -288.98 609.31 -841.38 0.0 39729.0 65457.0 -439.45 21.9 0.0 -1.0 0.05 0.0 2619
149.99 -319.83 613.2 -842.74 0.0 39155.0 65447.0 -437.76 44.31 0.0 -0.99 0.1 0.0 2619
150.05 -348.25 599.56 -843.42 0.0 38795.0 337.0 -418.31 -136.44 0.0 -0.95 -0.31 0.0 2619
150.12 -374.67 581.84 -843.76 0.0 38732.0 258.0 -391.9 -200.04 0.0 -0.89 -0.45 0.0 2619
150.19 -400.07 563.99 -843.93 0.0 38606.0 92.0 -379.6 -222.5 0.0 -0.86 -0.51 0.0 2619
150.26 -425.16 545.64 -844.1 0.0 38137.0 0.0 -377.47 -226.08 0.0 -0.86 -0.51 0.0 2623
150.33 -451.51 531.26 -844.1 0.0 37775.0 65473.0 -382.7 -217.12 0.0 -0.87 -0.49 0.0 2623
150.4 -480.19 517.14 -844.1 0.0 36987.0 65439.0 -390.23 -203.27 0.0 -0.89 -0.46 0.0 2623
150.47 -510.12 505.7 -844.1 0.0 35788.0 65363.0 -403.13 -176.31 0.0 -0.92 -0.4 0.0 2623
150.54 -540.83 497.98 -844.1 0.0 35046.0 65331.0 -418.05 -137.24 0.0 -0.95 -0.31 0.0 2623
150.61 -570.77 491.75 -844.1 0.0 35046.0 65428.0 -425.67 -111.39 0.0 -0.97 -0.25 0.0 2623
150.68 -601.06 485.18 -844.1 0.0 35046.0 65496.0 -428.15 -101.42 0.0 -0.97 -0.23 0.0 2623
150.75 -630.37 478.74 -844.1 0.0 35046.0 0.0 -429.03 -97.64 0.0 -0.98 -0.22 0.0 2623
150.82 -658.25 472.57 -844.1 0.0 35046.0 0.0 -429.35 -96.21 0.0 -0.98 -0.22 0.0 2623
150.88 -686.13 466.4 -844.1 0.0 35046.0 0.0 -429.48 -95.64 0.0 -0.98 -0.22 0.0 2623
150.94 -705.27 462.15 -844.1 0.0 35046.0 0.0 -429.52 -95.44 0.0 -0.98 -0.22 0.0 2623
150.99 -720.64 446.93 -844.1 0.0 35046.0 337.0 -363.64 -247.71 0.0 -0.83 -0.56 0.0 2623
151.05 -739.97 419.36 -844.1 0.0 35046.0 349.0 -293.55 -327.77 0.0 -0.67 -0.74 0.0 2623
151.12 -756.34 392.02 -844.1 0.0 35046.0 130.0 -260.17 -354.84 0.0 -0.59 -0.81 0.0 2625
151.19 -772.0 365.56 -844.1 0.0 34983.0 42.0 -246.88 -364.21 0.0 -0.56 -0.83 0.0 2625
151.26 -788.1 338.23 -844.1 0.0 34013.0 65511.0 -246.88 -364.21 0.0 -0.56 -0.83 0.0 2625
151.32 -807.65 315.35 -844.1 0.0 32781.0 65431.0 -270.25 -347.22 0.0 -0.61 -0.79 0.0 2625
151.39 -840.01 310.38 -844.1 0.0 31803.0 65186.0 -413.99 -149.04 0.0 -0.94 -0.34 0.0 2625
151.46 -870.55 313.93 -844.1 0.0 31244.0 65209.0 -438.66 -34.31 0.0 -1.0 -0.08 0.0 2625
151.52 -897.66 329.03 -844.1 0.0 30990.0 65209.0 -417.42 139.16 0.0 -0.95 0.32 0.0 2625
151.58 -917.69 353.62 -844.1 0.0 30927.0 65209.0 -339.76 279.58 0.0 -0.77 0.64 0.0 2625
151.65 -933.33 378.19 -844.1 0.0 30864.0 65310.0 -292.08 329.08 0.0 -0.66 0.75 0.0 2625
151.71 -948.53 402.89 -844.1 0.0 30864.0 65441.0 -268.21 348.8 0.0 -0.61 0.79 0.0 2625
151.77 -961.43 426.9 -844.1 0.0 30864.0 65499.0 -257.84 356.54 0.0 -0.59 0.81 0.0 2625
151.84 -979.83 453.6 -844.1 0.0 30864.0 0.0 -252.84 360.1 0.0 -0.57 0.82 0.0 2627
151.9 -992.7 472.36 -844.1 0.0 30864.0 0.0 -250.99 361.39 0.0 -0.57 0.82 0.0 2627
151.96 -1008.62 495.48 -844.1 0.0 30864.0 0.0 -250.14 361.98 0.0 -0.57 0.82 0.0 2627
152.02 -1023.44 517.01 -844.1 0.0 30864.0 0.0 -249.77 362.24 0.0 -0.57 0.82 0.0 2627
152.08 -1050.29 527.55 -844.1 0.0 30864.0 315.0 -379.82 222.11 0.0 -0.86 0.5 0.0 2627
152.14 -1077.11 532.62 -844.1 0.0 30864.0 292.0 -415.03 146.12 0.0 -0.94 0.33 0.0 2521
152.2 -1105.2 536.77 -844.1 0.0 30864.0 153.0 -426.28 109.01 0.0 -0.97 0.25 0.0 2521
152.26 -1133.42 540.93 -850.77 0.0 30864.0 69.0 -430.19 92.38 0.0 -0.98 0.21 0.0 2521
152.33 -1162.57 545.54 -861.11 0.0 30864.0 0.0 -431.7 85.06 -173.33 -0.98 0.19 0.0 2521
152.39 -1190.49 550.2 -873.17 0.0 30864.0 0.0 -432.28 82.05 -172.8 -0.98 0.19 0.0 2521
152.46 -1218.98 555.16 -886.22 0.0 30864.0 0.0 -432.52 80.78 -173.33 -0.98 0.18 0.0 2521
152.52 -1245.84 559.96 -899.52 0.0 30864.0 0.0 -432.62 80.26 -172.28 -0.98 0.18 0.0 2521
152.58 -1272.84 564.85 -912.96 0.0 30864.0 0.0 -432.66 80.04 -172.28 -0.98 0.18 0.0 2521
152.64 -1299.19 569.66 -926.34 0.0 30864.0 0.0 -432.68 79.95 -171.76 -0.98 0.18 0.0 2521
152.71 -1325.68 574.6 -938.48 0.0 30674.0 0.0 -432.52 80.81 0.0 -0.98 0.18 0.0 2521
152.77 -1352.02 580.67 -944.56 0.0 29490.0 65418.0 -429.68 94.75 0.0 -0.98 0.22 0.0 2521
152.83 -1377.04 589.07 -947.6 0.0 27603.0 65354.0 -421.45 126.42 0.0 -0.96 0.29 0.0 2521
152.88 -1392.91 597.54 -948.69 0.0 24800.0 65134.0 -406.71 167.9 0.0 -0.92 0.38 0.0 2521
152.92 -1407.02 610.63 -949.24 0.0 21369.0 65220.0 -363.18 248.39 0.0 -0.83 0.56 0.0 2521
152.98 -1422.1 637.8 -949.95 0.0 17985.0 65231.0 -258.75 355.88 0.0 -0.59 0.81 0.0 2521
153.04 -1427.92 665.95 -950.31 0.0 17460.0 65220.0 -151.31 413.16 0.0 -0.34 0.94 0.0 2521
153.1 -1430.24 691.54 -950.49 0.0 17460.0 65297.0 -96.03 429.39 0.0 -0.22 0.98 0.0 2521
153.16 -1432.26 718.95 -950.58 0.0 17460.0 65427.0 -68.19 434.68 0.0 -0.15 0.99 0.0 2521
153.22 -1432.82 745.59 -950.67 0.0 17460.0 65484.0 -55.76 436.45 0.0 -0.13 0.99 0.0 2521
153.27 -1435.61 771.09 -953.38 0.0 17460.0 0.0 -50.07 437.14 0.0 -0.11 0.99 0.0 2521
153.33 -1438.22 797.58 -956.1 0.0 17460.0 0.0 -47.45 437.44 0.0 -0.11 0.99 0.0 2521
153.39 -1440.92 823.58 -956.1 0.0 17460.0 0.0 -46.27 437.56 0.0 -0.11 0.99 0.0 2521
153.45 -1458.37 844.88 -956.1 0.0 17460.0 304.0 -222.8 379.42 0.0 -0.51 0.86 0.0 2521
153.51 -1479.54 862.6 -956.1 0.0 17460.0 289.0 -292.58 328.63 0.0 -0.66 0.75 0.0 2521
153.57 -1501.14 878.96 -961.64 0.0 17460.0 120.0 -320.55 301.41 0.0 -0.73 0.69 0.0 2562
153.63 -1523.0 895.47 -967.44 0.0 17460.0 50.0 -332.47 288.21 0.0 -0.76 0.66 0.0 2562
153.69 -1531.94 922.59 -972.38 0.0 17460.0 65231.0 -185.57 398.95 0.0 -0.42 0.91 0.0 2562
153.75 -1535.35 950.13 -976.85 0.0 17460.0 65220.0 -108.97 426.29 0.0 -0.25 0.97 0.0 2562
153.81 -1537.35 977.43 -982.16 0.0 17460.0 65402.0 -73.63 433.8 0.0 -0.17 0.99 0.0 2562
153.87 -1539.16 1003.68 -987.76 0.0 17460.0 65475.0 -58.04 436.15 0.0 -0.13 0.99 0.0 2562
153.93 -1541.13 1029.12 -992.23 0.0 17460.0 0.0 -51.12 437.02 0.0 -0.12 0.99 0.0 2562
153.99 -1543.27 1053.88 -995.61 0.0 17460.0 0.0 -48.0 437.37 0.0 -0.11 0.99 0.0 2562
154.05 -1545.6 1078.78 -998.66 0.0 17460.0 0.0 -46.56 437.53 0.0 -0.11 0.99 0.0 2562
154.1 -1555.51 1102.03 -1000.18 0.0 17460.0 292.0 -150.35 413.52 0.0 -0.34 0.94 0.0 2562
154.16 -1573.68 1120.77 -1000.94 0.0 17460.0 292.0 -261.46 353.89 0.0 -0.59 0.8 0.0 2562
154.22 -1593.87 1137.2 -1001.32 0.0 17460.0 203.0 -306.74 315.45 0.0 -0.7 0.72 0.0 2562
154.27 -1613.17 1151.91 -1000.56 0.0 17460.0 82.0 -325.43 296.14 0.0 -0.74 0.67 0.0 2562
154.33 -1633.54 1167.59 -999.13 0.0 17460.0 39.0 -334.19 286.21 0.0 -0.76 0.65 0.0 2562
154.39 -1652.68 1182.6 -995.05 0.0 17460.0 0.0 -338.09 281.59 0.0 -0.77 0.64 0.0 2562
154.46 -1681.07 1204.85 -984.71 0.0 17460.0 0.0 -340.33 278.88 0.0 -0.77 0.63 0.0 2562
154.52 -1699.36 1219.36 -980.99 0.0 17460.0 0.0 -340.96 278.1 0.0 -0.77 0.63 0.0 2562
154.58 -1718.1 1234.52 -976.84 0.0 17460.0 0.0 -341.26 277.75 0.0 -0.78 0.63 0.0 2562
154.63 -1737.34 1250.24 -972.84 0.0 17460.0 0.0 -341.39 277.58 0.0 -0.78 0.63 0.0 2568
154.69 -1756.5 1265.8 -970.11 0.0 17460.0 0.0 -341.46 277.5 0.0 -0.78 0.63 0.0 2568
154.75 -1776.41 1281.98 -968.4 0.0 17460.0 0.0 -341.49 277.47 0.0 -0.78 0.63 0.0 2568
154.8 -1795.19 1297.23 -969.32 0.0 17460.0 0.0 -341.5 277.45 0.0 -0.78 0.63 0.0 2568
154.86 -1815.1 1313.41 -969.32 0.0 17460.0 0.0 -341.51 277.44 0.0 -0.78 0.63 0.0 2568
154.92 -1834.64 1329.28 -969.32 0.0 17460.0 0.0 -341.51 277.44 0.0 -0.78 0.63 0.0 2568
154.97 -1854.17 1345.15 -969.32 0.0 17460.0 0.0 -341.51 277.44 0.0 -0.78 0.63 0.0 2568
155.03 -1873.71 1361.02 -969.32 0.0 17460.0 0.0 -341.51 277.44 0.0 -0.78 0.63 0.0 2568
155.09 -1893.24 1376.89 -969.32 0.0 17460.0 0.0 -341.51 277.44 0.0 -0.78 0.63 0.0 2568
155.14 -1912.78 1392.76 -969.32 0.0 17460.0 0.0 -341.51 277.44 0.0 -0.78 0.63 0.0 2568
155.2 -1925.36 1414.03 -969.32 0.0 17460.0 65254.0 -267.4 349.43 0.0 -0.61 0.79 0.0 2568
155.26 -1931.86 1440.8 -969.32 0.0 16781.0 65220.0 -148.3 414.25 0.0 -0.34 0.94 0.0 2568
155.32 -1925.32 1467.04 -969.32 0.0 15777.0 65231.0 34.29 438.66 0.0 0.08 1.0 0.0 2568
155.37 -1906.97 1488.66 -969.32 0.0 14464.0 65243.0 211.01 386.1 0.0 0.48 0.88 0.0 2568
155.43 -1883.55 1505.4 -969.32 0.0 13043.0 65243.0 307.79 314.43 0.0 0.7 0.71 0.0 2568
155.49 -1858.81 1516.62 -968.03 0.0 11270.0 65243.0 365.36 245.18 0.0 0.83 0.56 0.0 2568
155.55 -1830.71 1524.05 -965.71 0.0 10093.0 65231.0 406.77 167.74 0.0 0.92 0.38 0.0 2568
155.61 -1805.92 1527.87 -962.32 0.0 10093.0 65384.0 422.78 121.9 0.0 0.96 0.28 0.0 2568
155.66 -1780.35 1532.18 -960.69 0.0 10093.0 65465.0 428.63 99.38 0.0 0.97 0.23 0.0 2568
155.72 -1761.32 1547.84 -954.1 0.0 10093.0 281.0 359.69 253.42 0.0 0.82 0.58 0.0 2568
155.78 -1746.04 1566.97 -945.55 0.0 10093.0 281.0 306.41 315.78 0.0 0.7 0.72 0.0 2568
155.83 -1731.63 1590.17 -944.39 0.0 10411.0 184.0 274.9 343.56 0.0 0.62 0.78 0.0 2568
155.89 -1717.32 1613.09 -943.53 0.0 8875.0 36.0 260.63 354.5 0.0 0.59 0.81 0.0 2568
155.95 -1692.93 1626.63 -942.76 0.0 5522.0 65198.0 373.02 233.36 0.0 0.85 0.53 0.0 2568
156.02 -1661.53 1623.46 -942.24 0.0 4257.0 65209.0 439.09 28.2 0.0 1.0 0.06 0.0 2568
156.08 -1633.79 1613.29 -941.97 0.0 4257.0 65220.0 432.54 -80.69 0.0 0.98 -0.18 0.0 2568
156.14 -1606.89 1601.44 -941.84 0.0 4257.0 65390.0 421.03 -127.81 0.0 0.96 -0.29 0.0 2562
156.2 -1579.35 1606.49 -941.78 0.0 4257.0 304.0 437.85 43.4 0.0 1.0 0.1 0.0 2562
156.26 -1552.62 1617.12 -942.07 0.0 4257.0 310.0 423.4 119.71 0.0 0.96 0.27 0.0 2562
156.33 -1526.88 1628.98 -942.58 0.0 4257.0 134.0 413.11 151.44 0.0 0.94 0.34 0.0 2562
156.39 -1511.35 1654.21 -942.84 0.0 4194.0 304.0 299.98 321.88 0.0 0.68 0.73 0.0 2562
156.45 -1500.28 1682.17 -942.77 0.0 4194.0 296.0 226.56 377.19 0.0 0.51 0.86 0.0 2562
156.51 -1490.7 1709.63 -942.31 0.0 4194.0 117.0 191.74 396.03 0.0 0.44 0.9 0.0 2562
156.58 -1481.53 1735.73 -942.09 0.0 4194.0 48.0 176.51 403.04 0.0 0.4 0.92 0.0 2562
156.64 -1472.37 1763.94 -941.86 0.0 4194.0 0.0 169.64 405.98 0.0 0.39 0.92 0.0 2562
156.7 -1462.6 1788.18 -941.86 0.0 4194.0 0.0 166.81 407.15 0.0 0.38 0.93 0.0 2562
156.76 -1438.75 1804.03 -941.86 0.0 4194.0 65231.0 323.07 298.71 0.0 0.73 0.68 0.0 2562
156.83 -1411.74 1815.62 -941.86 0.0 4194.0 65209.0 375.22 229.81 0.0 0.85 0.52 0.0 2671
156.89 -1385.55 1825.48 -941.86 0.0 4194.0 65390.0 393.07 197.73 0.0 0.89 0.45 0.0 2671
156.95 -1357.69 1834.12 -941.86 0.0 4194.0 65470.0 400.07 183.16 0.0 0.91 0.42 0.0 2671
157.01 -1332.29 1844.89 -941.86 0.0 4194.0 0.0 402.89 176.85 0.0 0.92 0.4 0.0 2671
157.07 -1307.79 1855.3 -941.59 0.0 4194.0 0.0 404.06 174.18 0.0 0.92 0.4 0.0 2671
157.14 -1282.84 1865.9 -942.52 0.0 4194.0 0.0 404.56 173.01 0.0 0.92 0.39 0.0 2671
157.2 -1257.01 1876.88 -944.07 0.0 4194.0 0.0 404.78 172.5 0.0 0.92 0.39 0.0 2671
157.26 -1231.62 1887.67 -945.26 0.0 4194.0 0.0 404.87 172.28 0.0 0.92 0.39 0.0 2671
157.32 -1207.12 1898.08 -949.09 0.0 4194.0 0.0 404.91 172.19 0.0 0.92 0.39 0.0 2671
157.38 -1182.17 1908.68 -952.66 0.0 4194.0 0.0 404.93 172.15 0.0 0.92 0.39 0.0 2671
157.45 -1157.23 1919.29 -955.3 0.0 4194.0 0.0 404.93 172.13 0.0 0.92 0.39 0.0 2671
157.51 -1141.76 1943.39 -959.61 0.0 4194.0 315.0 293.59 327.72 0.0 0.67 0.74 0.0 2671
157.57 -1130.94 1969.95 -964.04 0.0 4194.0 270.0 224.26 378.56 0.0 0.51 0.86 0.0 2671
157.63 -1120.93 1997.78 -968.08 0.0 4194.0 110.0 190.29 396.72 0.0 0.43 0.9 0.0 2671
157.69 -1111.72 2023.6 -970.9 0.0 4194.0 46.0 175.87 403.32 0.0 0.4 0.92 0.0 2670
157.76 -1102.85 2050.63 -973.73 0.0 4194.0 0.0 169.45 406.06 0.0 0.39 0.92 0.0 2670
157.82 -1082.35 2071.44 -973.73 0.0 4194.0 65209.0 269.4 347.89 0.0 0.61 0.79 0.0 2670
157.88 -1058.46 2084.73 -973.73 0.0 4194.0 65220.0 356.83 257.43 0.0 0.81 0.59 0.0 2670
157.95 -1032.3 2095.56 -973.73 0.0 4194.0 65310.0 386.69 209.94 0.0 0.88 0.48 0.0 2670
158.01 -1006.14 2105.68 -973.73 0.0 4194.0 65443.0 397.58 188.5 0.0 0.9 0.43 0.0 2670
158.07 -980.39 2114.36 -973.73 0.0 4194.0 65495.0 401.82 179.27 0.0 0.91 0.41 0.0 2670
158.13 -964.75 2139.18 -973.73 0.0 4194.0 315.0 289.07 331.72 0.0 0.66 0.75 0.0 2670
158.19 -954.11 2165.62 -973.73 0.0 4194.0 271.0 221.99 379.89 0.0 0.5 0.86 0.0 2670
158.26 -944.43 2192.68 -973.73 0.0 4194.0 107.0 189.69 397.01 0.0 0.43 0.9 0.0 2670
158.32 -936.35 2220.47 -973.73 0.0 4194.0 46.0 175.43 403.51 0.0 0.4 0.92 0.0 2670
158.38 -926.05 2246.07 -973.73 0.0 4194.0 0.0 169.26 406.14 0.0 0.38 0.92 0.0 2670
158.44 -902.3 2261.66 -973.73 0.0 4194.0 65220.0 323.84 297.88 0.0 0.74 0.68 0.0 2670
158.51 -875.36 2273.12 -973.73 0.0 4194.0 65220.0 375.48 229.39 0.0 0.85 0.52 0.0 2670
158.57 -849.2 2282.91 -973.73 0.0 4194.0 65391.0 393.17 197.54 0.0 0.89 0.45 0.0 2670
158.63 -821.4 2291.51 -973.73 0.0 4194.0 65473.0 400.1 183.07 0.0 0.91 0.42 0.0 2670
158.69 -795.99 2302.28 -973.73 0.0 4194.0 0.0 402.91 176.82 0.0 0.92 0.4 0.0 2670
158.76 -768.82 2313.83 -973.73 0.0 4194.0 0.0 404.11 174.06 0.0 0.92 0.4 0.0 2670
158.82 -744.32 2324.23 -973.73 0.0 4194.0 0.0 404.58 172.95 0.0 0.92 0.39 0.0 2670
158.88 -723.85 2345.14 -973.73 0.0 4257.0 326.0 344.04 274.29 0.0 0.78 0.62 0.0 2670
158.95 -711.38 2368.67 -973.73 0.0 4257.0 315.0 251.67 360.92 0.0 0.57 0.82 0.0 2670
159.01 -701.63 2393.85 -973.73 0.0 4320.0 176.0 203.12 390.31 0.0 0.46 0.89 0.0 2670
159.07 -691.31 2422.61 -973.73 0.0 4320.0 71.0 177.58 402.58 0.0 0.4 0.91 0.0 2670
159.13 -684.03 2447.4 -973.73 0.0 4320.0 32.0 167.59 406.83 0.0 0.38 0.92 0.0 2670
159.19 -674.02 2473.12 -973.73 0.0 4320.0 0.0 163.08 408.66 0.0 0.37 0.93 0.0 2669
159.26 -663.84 2499.28 -973.73 0.0 4320.0 0.0 161.1 409.45 0.0 0.37 0.93 0.0 2669
159.32 -654.19 2524.09 -973.73 0.0 4320.0 0.0 160.26 409.78 0.0 0.36 0.93 0.0 2669
159.38 -644.36 2549.34 -973.73 0.0 4320.0 0.0 159.89 409.92 0.0 0.36 0.93 0.0 2669
159.44 -633.26 2576.18 -973.73 0.0 3304.0 65495.0 165.72 407.6 0.0 0.38 0.93 0.0 2669
159.51 -605.89 2590.69 -973.73 0.0 2181.0 65209.0 346.48 271.2 0.0 0.79 0.62 0.0 2669
159.58 -573.78 2597.14 -973.73 0.0 197.0 65186.0 410.56 158.25 0.0 0.93 0.36 0.0 2669
159.65 -537.75 2595.4 -973.73 0.0 63839.0 65164.0 437.98 42.12 0.0 1.0 0.1 0.0 2669
159.69 -526.13 2591.2 -973.73 0.0 63839.0 65141.0 439.97 -4.82 0.0 1.0 -0.01 0.0 2669
159.76 -490.3 2584.57 -973.73 0.0 63839.0 65367.0 437.53 -46.56 0.0 0.99 -0.11 0.0 2669
159.83 -456.23 2577.92 -973.73 0.0 63839.0 65476.0 435.57 -62.27 0.0 0.99 -0.14 0.0 2669
159.87 -448.72 2568.09 -973.73 0.0 63839.0 65153.0 393.73 -196.4 0.0 0.89 -0.45 0.0 2669
159.94 -424.64 2537.93 -973.73 0.0 63839.0 65164.0 316.37 -305.79 0.0 0.72 -0.69 0.0 2669
159.98 -418.65 2526.08 -973.73 0.0 63328.0 65265.0 292.84 -328.4 0.0 0.67 -0.75 0.0 2669
160.02 -412.64 2512.79 -970.88 0.0 60704.0 65278.0 271.33 -346.39 0.0 0.62 -0.79 0.0 2669
160.06 -406.28 2495.45 -967.72 0.0 57216.0 65107.0 216.0 -383.33 0.0 0.49 -0.87 0.0 2669
160.1 -403.29 2475.56 -966.92 0.0 53785.0 65096.0 119.97 -423.33 0.0 0.27 -0.96 0.0 2669
160.15 -407.77 2452.57 -966.76 0.0 50934.0 65051.0 -11.59 -439.85 0.0 -0.03 -1.0 0.0 2669
160.2 -418.72 2432.83 -968.56 0.0 49456.0 65062.0 -133.75 -419.18 0.0 -0.3 -0.95 0.0 2669
160.24 -431.86 2417.63 -971.19 0.0 49201.0 65096.0 -215.08 -383.85 0.0 -0.49 -0.87 0.0 2669
160.28 -445.95 2403.66 -972.5 0.0 49201.0 65096.0 -260.17 -354.84 0.0 -0.59 -0.81 0.0 2669
160.32 -450.39 2385.61 -973.82 0.0 49201.0 428.0 -151.6 -413.06 0.0 -0.34 -0.94 0.0 2669
160.36 -451.01 2368.73 -973.82 0.0 49264.0 405.0 -87.95 -431.12 0.0 -0.2 -0.98 0.0 2669
160.4 -451.45 2350.2 -973.82 0.0 49717.0 394.0 -48.09 -437.37 0.0 -0.11 -0.99 0.0 2669
160.45 -450.83 2330.27 -973.82 0.0 50538.0 318.0 -15.62 -439.72 0.0 -0.04 -1.0 0.0 2669
160.49 -448.63 2311.41 -973.82 0.0 50538.0 331.0 17.85 -439.64 0.0 0.04 -1.0 0.0 2669
160.53 -446.29 2292.65 -973.82 0.0 50538.0 182.0 36.16 -438.51 0.0 0.08 -1.0 0.0 2669
160.57 -444.12 2275.84 -973.82 0.0 50538.0 95.0 45.72 -437.62 0.0 0.1 -0.99 0.0 2669
160.61 -441.94 2259.04 -973.82 0.0 50538.0 53.0 51.01 -437.03 0.0 0.12 -0.99 0.0 2669
160.65 -439.43 2239.84 -973.82 0.0 50538.0 0.0 54.2 -436.65 0.0 0.12 -0.99 0.0 2670
160.7 -437.02 2221.61 -973.82 0.0 50729.0 0.0 55.98 -436.42 0.0 0.13 -0.99 0.0 2670
160.74 -434.3 2203.42 -973.82 0.0 50666.0 45.0 60.52 -435.82 0.0 0.14 -0.99 0.0 2670
160.78 -431.65 2185.21 -973.82 0.0 50666.0 0.0 61.87 -435.63 0.0 0.14 -0.99 0.0 2670
160.82 -428.87 2166.06 -973.82 0.0 50793.0 0.0 62.63 -435.52 0.0 0.14 -0.99 0.0 2672
160.86 -426.08 2148.36 -973.82 0.0 50920.0 0.0 65.41 -435.11 0.0 0.15 -0.99 0.0 2672
160.91 -422.86 2129.27 -973.82 0.0 51218.0 0.0 69.4 -434.49 0.0 0.16 -0.99 0.0 2672
160.95 -419.22 2110.75 -971.85 0.0 51875.0 78.0 77.16 -433.18 0.0 0.18 -0.98 0.0 2672
160.99 -414.49 2092.44 -969.36 0.0 52547.0 166.0 93.66 -429.92 0.0 0.21 -0.98 0.0 2672
161.04 -408.64 2074.45 -966.12 0.0 52547.0 219.0 115.07 -424.69 0.0 0.26 -0.97 0.0 2672
161.08 -403.01 2057.43 -962.66 0.0 52547.0 117.0 126.42 -421.45 0.0 0.29 -0.96 0.0 2672
161.12 -397.5 2040.9 -959.12 0.0 52547.0 64.0 132.57 -419.56 0.0 0.3 -0.95 0.0 2672
161.16 -391.52 2022.99 -955.38 0.0 52994.0 0.0 136.12 -418.41 0.0 0.31 -0.95 0.0 2672
161.2 -385.34 2006.69 -951.49 0.0 53765.0 101.0 145.8 -415.14 0.0 0.33 -0.94 0.0 2672
161.24 -379.39 1990.22 -947.58 0.0 55111.0 194.0 164.41 -408.13 0.0 0.37 -0.93 0.0 2672
161.28 -371.61 1975.18 -942.81 0.0 56544.0 335.0 196.32 -393.78 0.0 0.45 -0.89 0.0 2672
161.32 -362.36 1961.77 -936.94 0.0 57977.0 394.0 235.25 -371.83 0.0 0.53 -0.85 0.0 2672
161.36 -348.55 1949.15 -934.58 0.0 59341.0 405.0 277.78 -341.23 0.0 0.63 -0.78 0.0 2672
161.43 -315.81 1925.77 -933.03 0.0 60114.0 394.0 342.99 -275.6 0.0 0.78 -0.63 0.0 2672
161.51 -283.74 1907.31 -932.32 0.0 60114.0 168.0 368.79 -239.98 0.0 0.84 -0.55 0.0 2667
161.58 -254.12 1890.32 -926.1 0.0 60114.0 61.0 377.25 -226.45 0.0 0.86 -0.51 0.0 2667
161.62 -244.56 1885.86 -924.04 0.0 60114.0 0.0 379.17 -223.23 0.0 0.86 -0.51 0.0 2667
161.66 -232.82 1879.88 -922.44 0.0 60114.0 0.0 380.25 -221.38 0.0 0.86 -0.5 0.0 2667
161.69 -219.8 1872.81 -920.28 0.0 60114.0 0.0 380.89 -220.28 0.0 0.87 -0.5 0.0 2667
161.73 -207.59 1866.28 -917.52 0.0 60114.0 0.0 381.26 -219.63 0.0 0.87 -0.5 0.0 2667
161.8 -171.7 1845.69 -917.03 0.0 60114.0 0.0 381.63 -218.99 0.0 0.87 -0.5 0.0 2667
161.84 -160.88 1839.5 -916.22 0.0 60114.0 0.0 381.71 -218.85 0.0 0.87 -0.5 0.0 2667
161.88 -149.22 1832.83 -915.05 0.0 60114.0 0.0 381.77 -218.76 0.0 0.87 -0.5 0.0 2667
161.92 -134.52 1824.41 -916.33 0.0 60114.0 0.0 381.79 -218.71 0.0 0.87 -0.5 0.0 2667
161.99 -98.93 1804.27 -916.62 0.0 60432.0 0.0 382.92 -216.72 0.0 0.87 -0.49 0.0 2667
162.07 -67.54 1787.77 -919.75 0.0 60992.0 67.0 388.34 -206.87 0.0 0.88 -0.47 0.0 2667
162.14 -32.98 1794.61 -922.25 0.0 61119.0 360.0 439.73 15.4 0.0 1.0 0.04 0.0 2667
162.21 0.2 1807.99 -921.65 0.0 60928.0 280.0 427.09 105.81 0.0 0.97 0.24 0.0 2667
162.28 32.13 1820.09 -920.96 0.0 58905.0 65511.0 423.66 118.78 0.0 0.96 0.27 0.0 2667
162.33 43.08 1823.24 -920.61 0.0 57901.0 65404.0 429.42 95.92 0.0 0.98 0.22 0.0 2667
162.4 76.25 1803.49 -922.57 0.0 56324.0 65153.0 403.31 -175.91 0.0 0.92 -0.4 0.0 2667
162.44 84.0 1792.12 -925.1 0.0 55480.0 65141.0 361.78 -250.44 0.0 0.82 -0.57 0.0 2667
162.48 92.95 1778.13 -926.59 0.0 54395.0 65130.0 319.85 -302.15 0.0 0.73 -0.69 0.0 2667
162.51 100.44 1764.03 -927.33 0.0 53524.0 65153.0 279.58 -339.76 0.0 0.64 -0.77 0.0 2667
162.55 107.6 1748.41 -928.0 0.0 52996.0 65141.0 240.16 -368.67 0.0 0.55 -0.84 0.0 2547
162.59 113.62 1733.04 -929.24 0.0 52677.0 65173.0 208.34 -387.55 0.0 0.47 -0.88 0.0 2547
162.63 119.15 1717.43 -931.55 0.0 52357.0 65263.0 183.68 -399.83 0.0 0.42 -0.91 0.0 2547
162.7 131.54 1678.82 -936.41 0.0 51898.0 65347.0 146.36 -414.94 0.0 0.33 -0.94 0.0 2547
162.77 140.05 1645.52 -943.17 0.0 51354.0 65411.0 121.98 -422.75 0.0 0.28 -0.96 0.0 2547
162.84 145.74 1616.99 -951.12 0.0 50994.0 65436.0 101.29 -428.18 0.0 0.23 -0.97 0.0 2547
162.89 149.61 1593.54 -958.21 0.0 50931.0 65476.0 87.59 -431.19 0.0 0.2 -0.98 0.0 2547
162.95 153.62 1568.65 -962.83 0.0 50931.0 0.0 80.51 -432.57 0.0 0.18 -0.98 0.0 2547
163.01 157.58 1544.27 -966.17 0.0 50931.0 0.0 77.32 -433.15 0.0 0.18 -0.98 0.0 2547
163.06 160.92 1523.96 -967.84 0.0 50931.0 0.0 75.96 -433.4 0.0 0.17 -0.98 0.0 2547
163.11 163.68 1507.48 -968.85 0.0 51289.0 0.0 77.51 -433.12 0.0 0.18 -0.98 0.0 2547
163.15 166.62 1493.26 -968.38 0.0 51481.0 25.0 82.96 -432.11 0.0 0.19 -0.98 0.0 2547
163.18 170.15 1477.18 -967.62 0.0 51544.0 32.0 89.31 -430.84 0.0 0.2 -0.98 0.0 2547
163.23 174.34 1458.78 -966.19 0.0 51607.0 28.0 94.39 -429.75 0.0 0.21 -0.98 0.0 2547
163.27 179.2 1437.54 -967.48 0.0 51607.0 65535.0 100.29 -446.21 0.0 0.22 -0.97 -0.05 2547
163.33 186.15 1407.68 -965.24 0.0 51607.0 0.0 99.3 -428.65 0.0 0.23 -0.97 0.0 2547
163.39 192.84 1379.58 -963.21 0.0 51607.0 0.0 101.1 -428.23 0.0 0.23 -0.97 0.0 2547
163.43 195.83 1367.19 -962.19 0.0 51607.0 0.0 101.65 -428.09 0.0 0.23 -0.97 0.0 2547
163.47 199.29 1352.75 -961.52 0.0 51607.0 0.0 101.98 -428.02 0.0 0.23 -0.97 0.0 2547
163.51 202.55 1339.27 -960.85 0.0 51607.0 0.0 102.18 -427.97 0.0 0.23 -0.97 0.0 2547
163.55 206.61 1322.32 -961.38 0.0 51480.0 0.0 102.3 -427.94 0.0 0.23 -0.97 0.0 2547
163.58 210.59 1304.86 -962.05 0.0 51281.0 0.0 99.71 -428.55 0.0 0.23 -0.97 0.0 2547
163.63 214.56 1285.91 -962.74 0.0 51075.0 65501.0 93.81 -429.89 0.0 0.21 -0.98 0.0 2547
163.67 218.76 1264.04 -963.15 0.0 50949.0 65502.0 87.08 -431.29 0.0 0.2 -0.98 0.0 2547
163.72 223.2 1239.27 -963.85 0.0 50886.0 0.0 81.26 -432.43 0.0 0.18 -0.98 0.0 2547
163.79 227.96 1210.37 -959.97 0.0 50462.0 65486.0 73.43 -433.83 0.0 0.17 -0.99 0.0 2621
163.85 231.79 1179.5 -958.04 0.0 50008.0 65458.0 59.09 -436.01 0.0 0.13 -0.99 0.0 2621
163.92 233.81 1148.42 -956.1 0.0 49881.0 65465.0 43.57 -437.84 0.0 0.1 -1.0 0.0 2621
163.98 235.78 1119.44 -956.1 0.0 49881.0 0.0 35.93 -438.53 0.0 0.08 -1.0 0.0 2621
164.05 237.71 1091.43 -956.1 0.0 49881.0 0.0 32.86 -438.77 0.0 0.07 -1.0 0.0 2621
164.12 239.9 1060.05 -956.1 0.0 49881.0 0.0 31.54 -438.87 0.0 0.07 -1.0 0.0 2621
164.18 241.78 1034.05 -954.01 0.0 49881.0 0.0 31.04 -438.91 0.0 0.07 -1.0 0.0 2621
164.25 243.8 1008.43 -941.14 0.0 49691.0 0.0 29.82 -438.99 0.0 0.07 -1.0 0.0 2621
164.32 245.36 981.47 -927.69 0.0 49628.0 0.0 25.54 -439.26 0.0 0.06 -1.0 0.0 2621
164.38 246.65 954.11 -914.03 0.0 49628.0 0.0 22.34 -439.43 0.0 0.05 -1.0 0.0 2621
164.45 247.96 924.93 -899.39 0.0 49501.0 0.0 20.98 -439.5 0.0 0.05 -1.0 0.0 2621
164.51 248.78 896.18 -885.04 0.0 49311.0 65501.0 15.29 -439.73 0.0 0.03 -1.0 0.0 2621
164.58 249.21 867.91 -870.93 0.0 49248.0 0.0 10.18 -439.88 0.0 0.02 -1.0 0.0 2621
164.64 249.43 838.88 -856.39 0.0 49248.0 0.0 6.55 -439.95 0.0 0.01 -1.0 0.0 2621
164.71 249.61 805.83 -851.47 0.0 49248.0 0.0 5.08 -439.97 0.0 0.01 -1.0 0.0 2621
164.78 249.82 774.3 -847.78 0.0 49248.0 0.0 4.47 -439.98 0.0 0.01 -1.0 0.0 2620
164.84 250.04 744.75 -845.94 0.0 49248.0 0.0 4.22 -439.98 0.0 0.01 -1.0 0.0 2620
164.9 250.13 719.06 -844.1 0.0 49122.0 0.0 3.18 -439.99 0.0 0.01 -1.0 0.0 2620
164.96 249.96 691.47 -844.1 0.0 49059.0 0.0 -0.33 -440.0 0.0 -0.0 -1.0 0.0 2620
165.03 249.69 662.43 -844.1 0.0 49059.0 0.0 -2.49 -439.99 0.0 -0.01 -1.0 0.0 2620
165.09 249.42 633.39 -844.1 0.0 49059.0 0.0 -3.4 -439.99 0.0 -0.01 -1.0 0.0 2620
165.16 249.12 601.93 -844.1 0.0 49059.0 0.0 -3.8 -439.98 0.0 -0.01 -1.0 0.0 2622
165.2 249.02 590.8 -844.1 0.0 49059.0 0.0 -3.9 -439.98 0.0 -0.01 -1.0 0.0 2622
165.27 248.71 556.92 -844.1 0.0 49059.0 0.0 -3.99 -439.98 0.0 -0.01 -1.0 0.0 2622
165.34 248.4 524.01 -844.1 0.0 49059.0 0.0 -4.03 -439.98 0.0 -0.01 -1.0 0.0 2622
165.41 236.99 495.04 -844.1 0.0 49059.0 65175.0 -132.15 -419.69 0.0 -0.3 -0.95 0.0 2622
165.47 215.08 471.63 -844.1 0.0 48580.0 65186.0 -251.41 -361.1 0.0 -0.57 -0.82 0.0 2622
165.55 188.95 450.86 -830.1 0.0 47537.0 65245.0 -308.15 -314.07 0.0 -0.7 -0.71 0.0 2493
165.62 159.42 435.2 -823.3 0.0 47345.0 65380.0 -340.41 -278.79 0.0 -0.77 -0.63 0.0 2493
165.69 168.44 396.52 -803.51 0.0 49549.0 364.0 -53.4 -415.02 0.0 -0.13 -0.99 0.0 2493
165.76 193.05 377.34 -763.85 0.0 52901.0 343.0 217.3 -382.6 0.0 0.49 -0.87 0.0 2493
165.8 202.43 378.59 -747.26 0.0 53417.0 376.0 305.56 -316.6 0.0 0.69 -0.72 0.0 2493
165.87 249.61 379.68 -705.35 0.0 53417.0 363.0 394.16 0.0 0.0 1.0 0.0 0.0 2493
165.94 259.89 385.88 -659.68 0.0 52589.0 65184.0 224.1 36.15 0.0 0.99 0.16 0.0 2493
166.0 254.45 385.0 -611.77 0.0 51472.0 0.0 59.59 9.61 0.0 0.99 0.16 0.0 2493
166.07 253.01 384.77 -563.54 0.0 51017.0 0.0 15.92 2.57 0.0 0.99 0.16 0.0 2493
166.14 253.01 384.77 -517.51 0.0 50760.0 0.0 0.0 0.0 0.0 0.0 0.0 0.0 2616
166.21 253.01 384.77 -470.83 0.0 50573.0 0.0 0.0 0.0 0.0 0.0 0.0 0.0 2616
166.28 253.01 384.77 -427.95 0.0 50509.0 0.0 0.0 0.0 0.0 0.0 0.0 0.0 2616
166.35 253.01 384.77 -392.16 0.0 50509.0 0.0 0.0 0.0 0.0 0.0 0.0 0.0 2616
166.41 253.01 384.77 -367.62 0.0 50509.0 0.0 0.0 0.0 0.0 0.0 0.0 0.0 2616
166.47 253.64 371.59 -342.2 0.0 50509.0 0.0 16.06 -122.86 0.0 0.13 -0.99 0.0 2616
166.53 254.77 362.95 -296.93 0.0 50447.0 8.0 18.82 -143.97 513.54 0.03 -0.26 0.97 2616
166.59 256.37 350.5 -260.92 0.0 50174.0 30.0 24.15 -187.8 453.97 0.05 -0.36 0.93 2616
166.65 258.19 335.11 -232.06 0.0 49650.0 37.0 27.8 -230.22 398.59 0.06 -0.47 0.88 2616
166.71 259.89 318.28 -212.49 0.0 48672.0 69.0 28.89 -271.98 343.72 0.06 -0.59 0.81 2616
166.77 261.44 297.31 -194.42 0.0 47710.0 60.0 25.75 -315.22 285.2 0.06 -0.71 0.7 2616
166.83 262.5 271.83 -179.16 0.0 47075.0 40.0 18.65 -360.39 223.03 0.04 -0.82 0.57 2616
166.9 262.8 242.67 -168.09 0.0 46787.0 9.0 8.78 -406.66 159.28 0.02 -0.91 0.42 2616
166.96 262.36 213.36 -162.15 0.0 47234.0 65468.0 -1.51 -451.22 99.71 -0.0 -0.96 0.28 2616
167.02 261.63 186.56 -159.83 0.0 48231.0 65352.0 -8.22 -451.16 42.24 -0.02 -0.99 0.16 2616
167.08 261.0 160.76 -160.77 0.0 49723.0 65533.0 -9.72 -451.13 -13.15 -0.02 -1.0 0.03 2616
167.14 260.82 133.95 -164.9 0.0 51286.0 208.0 -5.02 -451.21 -69.58 -0.01 -1.0 -0.09 2616
167.2 263.49 109.18 -171.84 0.0 52434.0 292.0 29.34 -450.61 -122.87 0.06 -0.98 -0.21 2616
167.25 267.79 85.63 -181.2 0.0 52943.0 270.0 62.63 -447.51 -174.07 0.13 -0.94 -0.31 2616
167.31 273.9 61.46 -193.65 0.0 53069.0 281.0 94.83 -442.11 -226.32 0.19 -0.89 -0.4 2616
167.36 281.32 38.69 -208.36 0.0 53195.0 281.0 124.67 -434.91 -277.01 0.24 -0.84 -0.49 2617
167.42 290.32 15.96 -226.05 0.0 53565.0 270.0 152.84 -426.09 -328.21 0.28 -0.78 -0.56 2617
167.47 300.31 -5.28 -245.67 0.0 53817.0 259.0 179.16 -415.95 -377.85 0.31 -0.72 -0.61 2615
167.52 312.68 -28.09 -270.16 0.0 53880.0 191.0 204.79 -404.11 -431.14 0.34 -0.66 -0.67 2615
167.56 319.3 -39.26 -283.4 0.0 53880.0 191.0 220.95 -395.61 -458.31 0.35 -0.63 -0.7 2615
167.62 334.5 -62.41 -314.36 0.0 53880.0 202.0 243.26 -382.44 -520.49 0.36 -0.57 -0.74 2615
167.65 343.18 -74.17 -332.41 0.0 53625.0 202.0 257.29 -373.24 0.0 0.37 -0.53 -0.76 2615
167.69 352.61 -86.23 -336.17 0.0 52916.0 191.0 269.2 -364.82 0.0 0.37 -0.5 -0.78 2615
167.73 366.51 -98.41 -334.16 0.0 52152.0 225.0 313.0 -309.25 0.0 0.71 -0.7 0.0 2615
167.77 377.61 -109.21 -332.15 0.0 51686.0 65344.0 293.31 -327.98 0.0 0.67 -0.75 0.0 2615
167.81 384.13 -125.36 -332.15 0.0 50894.0 65344.0 223.1 -379.24 0.0 0.51 -0.86 0.0 2615
167.86 390.69 -146.54 -332.15 0.0 49437.0 65265.0 150.84 -413.34 0.0 0.34 -0.94 0.0 2615
167.91 393.0 -170.86 -332.15 0.0 47575.0 65276.0 72.39 -434.0 0.0 0.16 -0.99 0.0 2615
167.96 390.02 -197.34 -332.15 0.0 45361.0 65254.0 -12.86 -439.81 0.0 -0.03 -1.0 0.0 2615
168.02 379.99 -224.45 -332.15 0.0 42137.0 65220.0 -112.23 -425.45 0.0 -0.26 -0.97 0.0 2615
168.09 371.32 -236.65 -332.15 0.0 36840.0 65198.0 -90.23 -209.17 0.0 -0.4 -0.92 0.0 2615
168.16 369.93 -235.92 -332.15 0.0 30386.0 0.0 -23.2 -53.78 0.0 -0.4 -0.92 0.0 2615
168.23 370.22 -233.27 -332.15 0.0 25102.0 0.0 -6.12 -14.19 0.0 -0.4 -0.92 0.0 2615
168.3 371.38 -228.63 -334.15 0.0 20571.0 0.0 0.0 0.0 0.0 0.0 0.0 0.0 2615
168.36 368.93 -218.61 -333.15 0.0 18697.0 0.0 -29.26 120.39 0.0 -0.24 0.97 0.0 2615
168.42 364.72 -199.87 -332.65 0.0 18507.0 65530.0 -54.38 241.74 0.0 -0.22 0.98 0.0 2615
168.48 359.1 -173.05 -332.4 0.0 18444.0 65523.0 -76.75 363.65 0.0 -0.21 0.98 0.0 2615
168.54 353.08 -143.34 -332.27 0.0 18444.0 65526.0 -88.32 431.04 0.0 -0.2 0.98 0.0 2615
168.6 347.53 -115.67 -332.21 0.0 18444.0 0.0 -87.23 431.27 0.0 -0.2 0.98 0.0 2615
168.66 345.64 -105.95 -332.15 0.0 18444.0 65533.0 -45.19 224.22 0.0 -0.2 0.98 0.0 2615
168.72 345.72 -106.33 -332.15 0.0 18444.0 0.0 -12.33 61.17 0.0 -0.2 0.98 0.0 2615
168.78 346.15 -108.47 -332.15 0.0 19147.0 0.0 -3.36 16.69 0.0 -0.2 0.98 0.0 2615
168.84 346.99 -112.63 -334.15 0.0 23955.0 0.0 0.0 0.0 0.0 0.0 0.0 0.0 2615
168.91 340.18 -116.03 -332.15 0.0 38507.0 0.0 -64.52 -32.17 0.0 -0.89 -0.45 0.0 2615
168.98 324.44 -126.66 -332.15 0.0 40640.0 65512.0 -179.62 -119.4 0.0 -0.83 -0.55 0.0 2615
169.04 305.28 -144.64 -336.13 0.0 42315.0 84.0 -255.8 -229.93 0.0 -0.74 -0.67 0.0 2615
169.11 292.95 -174.31 -338.11 0.0 42978.0 326.0 -182.42 -384.79 0.0 -0.43 -0.9 0.0 2615
169.17 294.48 -207.19 -339.11 0.0 43232.0 337.0 -29.52 -439.01 0.0 -0.07 -1.0 0.0 2615
169.23 300.46 -234.91 -339.6 0.0 43295.0 228.0 41.08 -438.08 0.0 0.09 -1.0 0.0 2615
169.3 307.68 -263.1 -339.85 0.0 43295.0 95.0 73.53 -433.81 0.0 0.17 -0.99 0.0 2615
169.36 297.76 -290.32 -339.98 0.0 43295.0 65209.0 -106.91 -426.81 0.0 -0.24 -0.97 0.0 2615
169.42 283.21 -314.41 -340.04 0.0 43295.0 65242.0 -181.04 -401.03 0.0 -0.41 -0.91 0.0 2615
169.48 268.1 -336.86 -340.07 0.0 43295.0 65404.0 -211.32 -385.93 0.0 -0.48 -0.88 0.0 2615
169.54 251.05 -359.34 -340.1 0.0 43295.0 65475.0 -224.47 -378.43 0.0 -0.51 -0.86 0.0 2676
169.6 237.62 -380.63 -340.1 0.0 43295.0 0.0 -229.97 -375.12 0.0 -0.52 -0.85 0.0 2676
169.66 223.7 -402.75 -340.1 0.0 43295.0 0.0 -232.42 -373.61 0.0 -0.53 -0.85 0.0 2676
169.72 209.26 -425.69 -340.1 0.0 43295.0 0.0 -233.52 -372.92 0.0 -0.53 -0.85 0.0 2676
169.78 193.5 -448.35 -340.1 0.0 40692.0 65400.0 -245.54 -365.12 0.0 -0.56 -0.83 0.0 2676
169.85 187.01 -476.78 -340.1 0.0 37147.0 225.0 -142.06 -416.44 0.0 -0.32 -0.95 0.0 2676
169.91 176.22 -507.73 -340.1 0.0 35248.0 65400.0 -169.78 -405.92 0.0 -0.39 -0.92 0.0 2676
169.98 159.64 -534.13 -340.1 0.0 35248.0 65431.0 -206.67 -388.44 0.0 -0.47 -0.88 0.0 2676
170.05 143.08 -560.91 -340.1 0.0 35248.0 65494.0 -220.64 -380.68 0.0 -0.5 -0.87 0.0 2676
170.12 127.39 -586.49 -340.1 0.0 35248.0 0.0 -225.83 -377.62 0.0 -0.51 -0.86 0.0 2676
170.19 111.99 -611.69 -340.1 0.0 35248.0 0.0 -227.81 -376.43 0.0 -0.52 -0.86 0.0 2676
170.26 95.35 -638.95 -340.1 0.0 35185.0 0.0 -228.61 -375.95 0.0 -0.52 -0.85 0.0 2676
170.3 90.13 -647.39 -340.1 0.0 35185.0 0.0 -229.76 -375.25 0.0 -0.52 -0.85 0.0 2676
170.34 82.29 -660.05 -340.1 0.0 35185.0 0.0 -230.47 -374.81 0.0 -0.52 -0.85 0.0 2676
170.41 63.74 -690.05 -340.1 0.0 35185.0 0.0 -231.04 -374.46 0.0 -0.53 -0.85 0.0 2676
170.48 46.06 -718.62 -340.1 0.0 35185.0 0.0 -231.26 -374.33 0.0 -0.53 -0.85 0.0 2676
170.55 29.38 -745.55 -340.1 0.0 35185.0 0.0 -231.34 -374.28 0.0 -0.53 -0.85 0.0 2676
170.62 14.11 -770.25 -340.1 0.0 35185.0 0.0 -231.37 -374.25 0.0 -0.53 -0.85 0.0 2676
170.69 -2.44 -797.01 -340.1 0.0 35185.0 0.0 -231.39 -374.25 0.0 -0.53 -0.85 0.0 2676
170.75 -17.96 -822.12 -340.1 0.0 35185.0 0.0 -231.39 -374.24 0.0 -0.53 -0.85 0.0 2500
170.82 -34.25 -848.47 -340.1 0.0 35185.0 0.0 -231.39 -374.24 0.0 -0.53 -0.85 0.0 2500
170.89 -50.29 -874.4 -340.1 0.0 35185.0 0.0 -231.39 -374.24 0.0 -0.53 -0.85 0.0 2500
170.97 -82.87 -886.66 -340.1 0.0 35185.0 65164.0 -380.82 -220.41 0.0 -0.87 -0.5 0.0 2500
171.04 -116.49 -893.28 -340.1 0.0 35185.0 65231.0 -414.84 -146.65 0.0 -0.94 -0.33 0.0 2500
171.08 -127.49 -893.33 -340.1 0.0 35185.0 65340.0 -420.98 -127.97 0.0 -0.96 -0.29 0.0 2500
171.15 -165.24 -901.13 -340.1 0.0 35185.0 65464.0 -425.9 -110.5 0.0 -0.97 -0.25 0.0 2500
171.23 -199.73 -908.4 -334.1 0.0 35185.0 0.0 -427.44 -104.4 0.0 -0.97 -0.24 0.0 2500
171.26 -209.01 -910.01 -318.1 0.0 35185.0 0.0 -427.77 -103.03 0.0 -0.97 -0.23 0.0 2500
171.34 -244.3 -917.86 -317.9 0.0 34995.0 0.0 -428.56 -99.69 0.0 -0.97 -0.23 0.0 2500
171.41 -278.83 -924.76 -317.7 0.0 34805.0 65500.0 -429.92 -93.62 0.0 -0.98 -0.21 0.0 2500
171.48 -306.86 -930.22 -317.7 0.0 34742.0 0.0 -430.99 -88.61 0.0 -0.98 -0.2 0.0 2500
171.54 -333.49 -935.27 -317.7 0.0 34742.0 0.0 -431.68 -85.14 0.0 -0.98 -0.19 0.0 2500
171.61 -362.51 -940.72 -317.7 0.0 34402.0 0.0 -432.15 -82.76 0.0 -0.98 -0.19 0.0 2500
171.67 -387.48 -944.0 -317.7 0.0 33435.0 65441.0 -434.6 -68.72 0.0 -0.99 -0.16 0.0 2500
171.73 -415.61 -945.16 -317.7 0.0 32730.0 65378.0 -438.26 -39.14 0.0 -1.0 -0.09 0.0 2501
171.8 -444.24 -944.8 -317.7 0.0 32476.0 65424.0 -439.79 -13.61 -172.8 -1.0 -0.03 0.0 2501
171.86 -473.04 -943.94 -328.9 0.0 31339.0 65433.0 -439.96 6.15 0.0 -1.0 0.01 0.0 2501
171.92 -500.69 -938.95 -334.5 0.0 27845.0 65238.0 -436.28 57.07 0.0 -0.99 0.13 0.0 2501
171.99 -524.49 -925.36 -337.3 0.0 23741.0 65220.0 -405.82 170.03 0.0 -0.92 0.39 0.0 2501
172.04 -547.72 -918.93 -340.1 0.0 21704.0 86.0 -424.65 115.21 0.0 -0.97 0.26 0.0 2501
172.1 -570.44 -912.13 -340.1 0.0 21386.0 65499.0 -422.83 121.7 0.0 -0.96 0.28 0.0 2501
172.16 -593.99 -904.72 -340.1 0.0 21386.0 0.0 -421.13 127.46 0.0 -0.96 0.29 0.0 2501
172.21 -617.54 -897.3 -340.1 0.0 21386.0 0.0 -420.31 130.16 0.0 -0.96 0.3 0.0 2501
172.27 -641.16 -890.13 -340.1 0.0 21832.0 20.0 -420.89 128.25 0.0 -0.96 0.29 0.0 2501
172.32 -665.03 -883.81 -340.1 0.0 21959.0 33.0 -423.49 119.4 0.0 -0.96 0.27 0.0 2501
172.38 -687.06 -878.13 -340.1 0.0 21959.0 0.0 -424.91 114.25 0.0 -0.97 0.26 0.0 2501
172.43 -710.02 -872.22 -340.1 0.0 21959.0 0.0 -425.57 111.74 0.0 -0.97 0.25 0.0 2501
172.49 -732.06 -866.55 -340.1 0.0 21959.0 0.0 -425.89 110.54 0.0 -0.97 0.25 0.0 2592
172.54 -755.5 -860.53 -340.1 0.0 21768.0 0.0 -426.05 109.93 0.0 -0.97 0.25 0.0 2592
172.59 -778.26 -853.88 -340.1 0.0 21019.0 65494.0 -423.82 118.23 0.0 -0.96 0.27 0.0 2592
172.65 -803.19 -853.91 -340.1 0.0 20701.0 281.0 -438.65 34.5 0.0 -1.0 0.08 0.0 2592
172.7 -826.33 -845.46 -340.1 0.0 20701.0 65369.0 -428.3 100.81 0.0 -0.97 0.23 0.0 2592
172.76 -852.69 -835.52 -340.1 0.0 20701.0 65442.0 -419.21 133.64 0.0 -0.95 0.3 0.0 2592
172.83 -880.69 -824.66 -334.1 0.0 20701.0 65490.0 -414.06 148.86 0.0 -0.94 0.34 0.0 2592
172.9 -913.16 -811.99 -332.1 0.0 20701.0 0.0 -411.53 155.69 0.0 -0.94 0.35 0.0 2592
172.96 -936.14 -802.98 -332.1 0.0 20956.0 0.0 -410.63 158.06 0.0 -0.93 0.36 0.0 2592
173.03 -962.87 -794.34 -332.1 0.0 22393.0 94.0 -415.77 143.99 0.0 -0.94 0.33 0.0 2592
173.09 -991.68 -793.99 -332.1 0.0 23798.0 196.0 -427.83 102.79 0.0 -0.97 0.23 0.0 2592
173.16 -1022.4 -793.44 -332.1 0.0 24617.0 326.0 -436.68 0.0 0.0 -1.0 0.0 0.0 2592
173.22 -1051.17 -793.9 -332.1 0.0 25100.0 28.0 -439.98 -4.46 0.0 -1.0 -0.01 0.0 2592
173.29 -1080.18 -793.6 -332.1 0.0 26038.0 0.0 -426.1 0.0 0.0 -1.0 0.0 0.0 2592
173.36 -1107.02 -793.6 -332.1 0.0 28002.0 14.0 -431.48 0.0 0.0 -1.0 0.0 0.0 2592
173.42 -1134.61 -793.25 -332.1 0.0 29606.0 0.0 -436.17 3.38 0.0 -1.0 0.01 0.0 2592
173.48 -1162.63 -793.28 -332.1 0.0 29964.0 0.0 -437.81 1.23 0.0 -1.0 0.0 0.0 2489
173.55 -1191.55 -793.3 -332.1 0.0 29964.0 0.0 -438.04 0.55 0.0 -1.0 0.0 0.0 2489
173.61 -1219.02 -789.53 -332.1 0.0 29964.0 65220.0 -438.16 40.21 0.0 -1.0 0.09 0.0 2489
173.68 -1246.41 -782.97 -336.1 0.0 29964.0 65358.0 -431.73 84.91 0.0 -0.98 0.19 0.0 2489
173.74 -1273.39 -774.82 -338.1 0.0 28445.0 65402.0 -426.09 109.74 0.0 -0.97 0.25 0.0 2489
173.81 -1300.58 -760.81 -339.1 0.0 24822.0 65186.0 -403.76 174.86 0.0 -0.92 0.4 0.0 2489
173.88 -1323.96 -735.1 -339.6 0.0 20409.0 65153.0 -331.25 289.61 0.0 -0.75 0.66 0.0 2489
173.92 -1327.18 -723.19 -339.85 0.0 18909.0 65141.0 -269.88 347.51 0.0 -0.61 0.79 0.0 2489
173.96 -1330.32 -708.18 -339.98 0.0 17971.0 65141.0 -206.3 388.64 0.0 -0.47 0.88 0.0 2489
173.99 -1332.47 -692.47 -340.04 0.0 17516.0 65153.0 -152.03 412.9 0.0 -0.35 0.94 0.0 2489
174.07 -1337.76 -652.45 -340.07 0.0 17453.0 65264.0 -85.11 431.69 0.0 -0.19 0.98 0.0 2489
174.14 -1340.89 -616.08 -340.08 0.0 17453.0 65436.0 -59.58 435.95 0.0 -0.14 0.99 0.0 2489
174.22 -1343.69 -581.71 -340.09 0.0 17453.0 0.0 -50.27 437.12 0.0 -0.11 0.99 0.0 2489
174.25 -1344.09 -572.21 -340.1 0.0 17453.0 0.0 -48.14 437.36 0.0 -0.11 0.99 0.0 2489
174.29 -1345.26 -557.83 -340.1 0.0 17453.0 0.0 -46.8 437.5 0.0 -0.11 0.99 0.0 2489
174.36 -1349.1 -521.05 -340.1 0.0 17707.0 0.0 -47.82 437.39 0.0 -0.11 0.99 0.0 2489
174.44 -1353.21 -487.08 -340.1 0.0 17707.0 0.0 -52.65 436.84 0.0 -0.12 0.99 0.0 2482
174.47 -1354.52 -476.83 -340.1 0.0 17707.0 0.0 -53.81 436.7 0.0 -0.12 0.99 0.0 2482
174.55 -1359.13 -440.49 -340.1 0.0 17707.0 0.0 -54.9 436.56 0.0 -0.12 0.99 0.0 2482
174.62 -1363.38 -407.2 -340.1 0.0 17707.0 0.0 -55.3 436.51 0.0 -0.13 0.99 0.0 2482
174.69 -1367.65 -373.91 -340.1 0.0 17707.0 0.0 -55.45 436.49 0.0 -0.13 0.99 0.0 2482
174.76 -1371.62 -342.71 -340.1 0.0 17707.0 0.0 -55.5 436.49 0.0 -0.13 0.99 0.0 2482
174.83 -1375.47 -312.46 -340.1 0.0 17516.0 0.0 -55.52 436.48 0.0 -0.13 0.99 0.0 2482
174.9 -1378.6 -278.71 -340.1 0.0 16612.0 65473.0 -46.18 437.57 0.0 -0.1 0.99 0.0 2482
174.94 -1378.66 -270.22 -340.1 0.0 15413.0 65390.0 -31.47 438.87 0.0 -0.07 1.0 0.0 2482
174.98 -1377.61 -256.97 -340.1 0.0 13400.0 65252.0 -1.55 440.0 0.0 -0.0 1.0 0.0 2482
175.02 -1374.08 -242.05 -340.1 0.0 11092.0 65141.0 50.91 437.05 0.0 0.12 0.99 0.0 2482
175.06 -1366.72 -225.64 -340.1 0.0 9461.0 65119.0 123.76 422.24 0.0 0.28 0.96 0.0 2482
175.1 -1356.83 -211.03 -340.1 0.0 8744.0 65130.0 189.41 397.15 0.0 0.43 0.9 0.0 2482
175.14 -1345.8 -197.97 -340.1 0.0 8681.0 65141.0 235.07 371.95 0.0 0.53 0.85 0.0 2482
175.18 -1332.76 -186.29 -340.1 0.0 8681.0 65221.0 261.31 354.0 0.0 0.59 0.8 0.0 2668
175.22 -1320.93 -172.81 -340.1 0.0 8681.0 65345.0 276.44 342.31 0.0 0.63 0.78 0.0 2668
175.25 -1316.93 -156.01 -340.1 0.0 8681.0 394.0 164.1 408.25 0.0 0.37 0.93 0.0 2653
175.29 -1316.09 -139.19 -340.1 0.0 8681.0 382.0 91.74 430.33 0.0 0.21 0.98 0.0 2653
175.33 -1316.47 -121.6 -340.1 0.0 8681.0 388.0 45.76 437.61 0.0 0.1 0.99 0.0 2653
175.37 -1318.94 -103.86 -340.1 0.0 8681.0 215.0 18.46 439.61 0.0 0.04 1.0 0.0 2653
175.41 -1319.53 -84.96 -340.1 0.0 8362.0 123.0 1.58 440.0 0.0 0.0 1.0 0.0 2653
175.45 -1319.74 -68.99 -340.1 0.0 7621.0 0.0 -2.0 440.0 0.0 -0.0 1.0 0.0 2653
175.49 -1318.95 -51.09 -340.1 0.0 6568.0 65470.0 9.06 439.91 0.0 0.02 1.0 0.0 2653
175.53 -1316.6 -33.77 -340.1 0.0 5598.0 65396.0 34.17 438.67 0.0 0.08 1.0 0.0 2653
175.57 -1312.54 -15.74 -340.1 0.0 4744.0 65360.0 66.55 434.94 0.0 0.15 0.99 0.0 2653
175.61 -1306.82 2.37 -340.1 0.0 4379.0 65336.0 100.73 428.31 0.0 0.23 0.97 0.0 2653
175.65 -1300.49 19.7 -340.1 0.0 4379.0 65370.0 126.13 421.53 0.0 0.29 0.96 0.0 2653
175.69 -1294.39 36.05 -340.1 0.0 4379.0 65440.0 139.78 417.21 0.0 0.32 0.95 0.0 2653
175.73 -1288.07 52.81 -340.1 0.0 4379.0 65480.0 147.45 414.56 0.0 0.34 0.94 0.0 2653
175.77 -1281.72 69.56 -340.1 0.0 4379.0 65504.0 151.78 412.99 0.0 0.34 0.94 0.0 2653
175.82 -1266.96 82.19 -340.1 0.0 4379.0 65107.0 284.62 335.55 0.0 0.65 0.76 0.0 2653
175.86 -1250.49 91.24 -340.1 0.0 4379.0 65119.0 343.8 274.59 0.0 0.78 0.62 0.0 2653
175.9 -1233.55 98.95 -340.1 0.0 4124.0 65119.0 371.88 235.17 0.0 0.85 0.53 0.0 2653
175.94 -1215.28 104.41 -340.1 0.0 3215.0 65222.0 388.03 207.44 0.0 0.88 0.47 0.0 2653
175.98 -1194.91 101.79 -334.1 0.0 2196.0 65096.0 439.29 24.96 0.0 1.0 0.06 0.0 2655
176.02 -1175.99 93.02 -333.1 0.0 1747.0 65096.0 428.63 -99.38 0.0 0.97 -0.23 0.0 2655
176.06 -1159.51 82.14 -332.6 0.0 1747.0 65107.0 405.23 -171.43 0.0 0.92 -0.39 0.0 2655
176.11 -1142.73 69.93 -332.35 0.0 1747.0 65175.0 385.98 -211.23 0.0 0.88 -0.48 0.0 2655
176.15 -1126.04 57.41 -332.23 0.0 1747.0 65349.0 373.73 -232.22 0.0 0.85 -0.53 0.0 2655
176.2 -1108.4 42.8 -332.1 0.0 2130.0 65440.0 366.48 -243.5 0.0 0.83 -0.55 0.0 2655
176.25 -1091.81 31.9 -332.1 0.0 2385.0 0.0 367.07 -242.6 0.0 0.83 -0.55 0.0 2655
176.29 -1074.57 21.14 -332.1 0.0 2640.0 38.0 370.21 -237.78 0.0 0.84 -0.54 0.0 2655
176.34 -1057.06 10.79 -318.1 0.0 3069.0 53.0 374.57 -230.86 0.0 0.85 -0.52 0.0 2655
176.38 -1037.06 11.41 -317.9 0.0 3196.0 450.0 434.15 -71.48 0.0 0.99 -0.16 0.0 2655
176.43 -1016.44 16.59 -317.8 0.0 3196.0 461.0 439.26 25.54 0.0 1.0 0.06 0.0 2533
176.47 -998.04 22.83 -317.75 0.0 3196.0 439.0 433.63 74.61 0.0 0.99 0.17 0.0 2533
176.51 -979.89 29.26 -317.73 0.0 3196.0 269.0 428.22 101.14 0.0 0.97 0.23 0.0 2533
176.56 -962.98 36.64 -317.7 0.0 3196.0 144.0 424.65 115.2 0.0 0.97 0.26 0.0 2533
176.6 -944.48 42.39 -317.7 0.0 3196.0 82.0 422.41 123.16 0.0 0.96 0.28 0.0 2533
176.64 -930.17 46.89 -317.7 0.0 3196.0 41.0 421.24 127.12 0.0 0.96 0.29 0.0 2533
176.71 -894.59 57.99 -317.7 0.0 3196.0 0.0 420.19 130.55 0.0 0.95 0.3 0.0 2533
176.78 -860.9 68.63 -317.7 0.0 3196.0 0.0 419.76 131.91 0.0 0.95 0.3 0.0 2533
176.85 -828.15 79.05 -317.7 0.0 3196.0 0.0 419.6 132.41 -175.94 0.95 0.3 0.0 2533
176.92 -803.39 99.56 -328.9 0.0 4568.0 360.0 358.2 255.53 0.0 0.81 0.58 0.0 2533
176.99 -791.25 130.35 -334.5 0.0 5797.0 360.0 230.21 374.97 0.0 0.52 0.85 0.0 2533
177.06 -785.23 161.35 -337.3 0.0 5860.0 277.0 152.65 412.67 0.0 0.35 0.94 0.0 2604
177.13 -780.18 191.95 -338.7 0.0 5413.0 97.0 119.54 423.45 0.0 0.27 0.96 0.0 2604
177.2 -773.59 224.12 -340.1 0.0 3815.0 65463.0 129.68 420.46 0.0 0.29 0.96 0.0 2604
177.27 -758.9 252.74 -340.1 0.0 2316.0 65397.0 172.37 404.83 0.0 0.39 0.92 0.0 2604
177.34 -738.37 280.79 -340.1 0.0 514.0 65361.0 226.68 377.12 0.0 0.52 0.86 0.0 2604
177.38 -732.51 286.78 -340.1 0.0 64874.0 65365.0 255.59 358.15 0.0 0.58 0.81 0.0 2604
177.42 -723.01 295.06 -340.1 0.0 63306.0 65358.0 287.53 333.06 0.0 0.65 0.76 0.0 2604
177.46 -709.66 304.32 -340.1 0.0 61314.0 65343.0 325.75 295.78 0.0 0.74 0.67 0.0 2604
177.53 -673.98 318.77 -340.1 0.0 57816.0 65336.0 396.19 191.39 0.0 0.9 0.43 0.0 2604
177.6 -637.95 319.71 -340.1 0.0 54004.0 65355.0 436.25 57.33 0.0 0.99 0.13 0.0 2604
177.67 -609.66 309.23 -340.1 0.0 50380.0 65376.0 432.0 -83.51 0.0 0.98 -0.19 0.0 2604
177.73 -614.28 288.18 -340.1 0.0 47575.0 65231.0 71.76 -240.3 0.0 0.29 -0.96 0.0 2604
177.79 -633.41 268.2 -340.1 0.0 45217.0 65220.0 -149.24 -254.92 0.0 -0.51 -0.86 0.0 2604
177.85 -664.89 251.26 -340.1 0.0 43489.0 65198.0 -330.49 -228.93 0.0 -0.82 -0.57 0.0 2604
177.92 -699.05 241.27 -340.1 0.0 42875.0 65198.0 -409.29 -161.49 0.0 -0.93 -0.37 0.0 2604
177.99 -727.88 225.86 -340.1 0.0 42518.0 337.0 -377.97 -225.25 0.0 -0.86 -0.51 0.0 2604
178.06 -749.74 202.49 -340.1 0.0 41864.0 349.0 -316.77 -305.38 0.0 -0.72 -0.69 0.0 2604
178.13 -771.01 177.89 -340.1 0.0 40880.0 0.0 -302.1 -319.9 0.0 -0.69 -0.73 0.0 2604
178.2 -794.42 154.02 -340.1 0.0 39941.0 65424.0 -314.32 -307.9 0.0 -0.71 -0.7 0.0 2604
178.27 -819.66 135.04 -340.1 0.0 38817.0 65349.0 -336.62 -283.35 0.0 -0.77 -0.64 0.0 2533
178.34 -849.5 117.56 -318.1 0.0 37443.0 65296.0 -363.8 -247.48 0.0 -0.83 -0.56 0.0 2533
178.42 -877.78 106.45 -316.9 0.0 35731.0 65251.0 -391.49 -200.83 0.0 -0.89 -0.46 0.0 2533
178.49 -909.13 100.03 -317.78 0.0 33300.0 65185.0 -418.25 -136.61 0.0 -0.95 -0.31 0.0 2533
178.56 -938.81 99.38 -317.78 0.0 30381.0 65186.0 -437.6 -45.91 0.0 -0.99 -0.1 0.0 2533
178.62 -968.49 107.24 -317.78 0.0 29397.0 65198.0 -436.21 57.59 0.0 -0.99 0.13 0.0 2533
178.69 -997.3 117.95 -317.78 0.0 29397.0 65339.0 -426.58 107.83 0.0 -0.97 0.25 0.0 2533
178.76 -1024.35 128.38 -317.78 0.0 29397.0 65455.0 -421.31 126.86 0.0 -0.96 0.29 0.0 2533
178.82 -1049.29 137.06 -316.35 0.0 29397.0 0.0 -418.98 134.36 -172.8 -0.95 0.31 0.0 2655
178.88 -1075.37 129.85 -317.09 0.0 29397.0 326.0 -419.67 -75.14 0.0 -0.98 -0.18 0.0 2655
178.95 -1102.57 134.48 -324.59 0.0 29397.0 65220.0 -437.56 46.26 0.0 -0.99 0.11 0.0 2655
179.01 -1130.24 143.41 -328.35 0.0 27874.0 65306.0 -427.82 102.8 0.0 -0.97 0.23 0.0 2654
179.07 -1154.82 157.53 -330.22 0.0 24800.0 65209.0 -401.76 179.4 0.0 -0.91 0.41 0.0 2654
179.14 -1176.02 179.17 -331.16 0.0 22314.0 65209.0 -345.03 273.05 0.0 -0.78 0.62 0.0 2654
179.2 -1191.07 204.67 -331.63 0.0 20539.0 65198.0 -274.43 343.93 0.0 -0.62 0.78 0.0 2654
179.27 -1202.05 232.81 -331.87 0.0 20072.0 65209.0 -210.43 386.42 0.0 -0.48 0.88 0.0 2654
179.33 -1211.31 260.93 -331.98 0.0 20072.0 65393.0 -176.86 402.89 0.0 -0.4 0.92 0.0 2654
179.39 -1218.21 287.94 -332.1 0.0 20072.0 65477.0 -162.9 408.73 0.0 -0.37 0.93 0.0 2654
179.46 -1228.15 314.45 -336.1 0.0 20072.0 0.0 -156.8 411.11 0.0 -0.36 0.93 0.0 2654
179.52 -1237.89 340.91 -338.1 0.0 20072.0 0.0 -154.23 412.08 0.0 -0.35 0.94 0.0 2654
179.58 -1247.51 367.42 -340.1 0.0 20072.0 0.0 -153.14 412.49 0.0 -0.35 0.94 0.0 2654
179.65 -1257.22 393.75 -340.1 0.0 20072.0 0.0 -152.69 412.66 0.0 -0.35 0.94 0.0 2654
179.71 -1267.28 421.0 -340.1 0.0 20072.0 0.0 -152.49 412.73 0.0 -0.35 0.94 0.0 2654
179.78 -1276.49 445.97 -340.1 0.0 20072.0 0.0 -152.41 412.76 0.0 -0.35 0.94 0.0 2488
179.84 -1286.05 471.85 -340.1 0.0 20072.0 0.0 -152.38 412.77 0.0 -0.35 0.94 0.0 2488
179.9 -1295.6 497.73 -340.1 0.0 20072.0 0.0 -152.37 412.78 0.0 -0.35 0.94 0.0 2488
179.96 -1305.15 523.61 -340.1 0.0 20072.0 0.0 -152.36 412.78 0.0 -0.35 0.94 0.0 2488
180.03 -1314.71 549.5 -340.1 0.0 20072.0 0.0 -152.36 412.78 0.0 -0.35 0.94 0.0 2488
180.09 -1324.26 575.38 -340.1 0.0 20072.0 0.0 -152.36 412.78 0.0 -0.35 0.94 0.0 2488
180.16 -1334.73 604.01 -340.1 0.0 19882.0 0.0 -151.47 413.11 0.0 -0.34 0.94 0.0 2488
180.22 -1343.46 630.7 -340.1 0.0 19087.0 65468.0 -142.65 416.23 0.0 -0.32 0.95 0.0 2488
180.28 -1349.81 657.61 -340.1 0.0 18246.0 65402.0 -118.98 423.61 0.0 -0.27 0.96 0.0 2488
180.35 -1354.37 685.4 -340.1 0.0 18022.0 65407.0 -92.13 430.25 0.0 -0.21 0.98 0.0 2488
180.41 -1358.91 715.08 -340.1 0.0 17640.0 65468.0 -77.3 433.16 0.0 -0.18 0.98 0.0 2488
180.47 -1361.13 739.23 -340.1 0.0 16715.0 65417.0 -57.74 436.19 0.0 -0.13 0.99 0.0 2488
180.54 -1361.42 765.94 -340.1 0.0 16004.0 65380.0 -27.27 439.16 0.0 -0.06 1.0 0.0 2488
180.59 -1360.3 791.63 -340.1 0.0 15877.0 65422.0 -1.62 440.0 0.0 -0.0 1.0 0.0 2488
180.65 -1359.0 816.79 -340.1 0.0 15687.0 65478.0 11.78 439.84 0.0 0.03 1.0 0.0 2509
180.71 -1356.98 842.37 -340.1 0.0 15079.0 65460.0 25.14 439.28 0.0 0.06 1.0 0.0 2509
180.77 -1353.35 866.84 -340.1 0.0 13916.0 65405.0 47.85 437.39 0.0 0.11 0.99 0.0 2509
180.82 -1347.72 886.53 -340.1 0.0 11996.0 65318.0 86.47 431.42 0.0 0.2 0.98 0.0 2509
180.86 -1341.79 901.72 -340.1 0.0 10368.0 65321.0 134.44 418.96 0.0 0.31 0.95 0.0 2509
180.9 -1333.78 915.66 -340.1 0.0 9195.0 65333.0 183.54 399.89 0.0 0.42 0.91 0.0 2509
180.96 -1317.94 936.78 -340.1 0.0 8188.0 65355.0 242.32 367.26 0.0 0.55 0.83 0.0 2509
181.01 -1299.73 953.76 -340.1 0.0 7587.0 65397.0 281.62 338.07 0.0 0.64 0.77 0.0 2509
181.06 -1282.12 969.79 -340.1 0.0 7155.0 65428.0 308.76 313.47 0.0 0.7 0.71 0.0 2509
181.1 -1272.25 978.38 -340.1 0.0 7033.0 65438.0 322.32 299.51 0.0 0.73 0.68 0.0 2509
181.14 -1260.33 987.59 -340.1 0.0 7033.0 65474.0 331.24 289.62 0.0 0.75 0.66 0.0 2509
181.18 -1244.6 1000.48 -340.1 0.0 6970.0 65498.0 336.73 283.22 0.0 0.77 0.64 0.0 2509
181.23 -1223.72 1016.99 -340.1 0.0 6334.0 65484.0 342.49 276.22 0.0 0.78 0.63 0.0 2509
181.27 -1212.27 1025.13 -340.1 0.0 5468.0 65449.0 352.48 263.35 0.0 0.8 0.6 0.0 2509
181.32 -1190.09 1038.13 -340.1 0.0 3847.0 65393.0 373.9 231.95 0.0 0.85 0.53 0.0 2509
181.38 -1166.31 1046.1 -340.1 0.0 1272.0 65355.0 401.87 179.17 0.0 0.91 0.41 0.0 2509
181.43 -1141.65 1048.4 -340.1 0.0 63869.0 65344.0 429.88 93.84 0.0 0.98 0.21 0.0 2509
181.47 -1124.97 1047.07 -340.1 0.0 61638.0 65299.0 439.85 11.58 0.0 1.0 0.03 0.0 2509
181.53 -1097.87 1038.07 -340.1 0.0 59489.0 65198.0 428.89 -98.25 0.0 0.97 -0.22 0.0 2509
181.57 -1084.36 1029.37 -340.1 0.0 58497.0 65119.0 408.85 -162.6 0.0 0.93 -0.37 0.0 2509
181.61 -1071.96 1019.44 -340.1 0.0 57853.0 65141.0 385.96 -211.26 0.0 0.88 -0.48 0.0 2509
181.65 -1059.62 1008.3 -340.1 0.0 57662.0 65141.0 363.6 -247.78 0.0 0.83 -0.56 0.0 2509
181.69 -1048.58 995.38 -340.1 0.0 57599.0 65253.0 346.79 -270.81 0.0 0.79 -0.62 0.0 2509
181.73 -1035.38 983.24 -340.1 0.0 57599.0 65353.0 335.24 -284.98 0.0 0.76 -0.65 0.0 2509
181.77 -1023.36 971.98 -340.1 0.0 57599.0 65433.0 328.47 -292.76 0.0 0.75 -0.67 0.0 2509
181.81 -1009.62 959.04 -340.1 0.0 57599.0 65472.0 324.22 -297.46 0.0 0.74 -0.68 0.0 2546
181.85 -998.03 948.05 -334.1 0.0 57599.0 0.0 321.89 -299.98 0.0 0.73 -0.68 0.0 2546
181.88 -985.74 936.39 -332.1 0.0 57918.0 0.0 320.52 -301.44 0.0 0.73 -0.69 0.0 2546
181.92 -972.45 924.38 -332.1 0.0 58886.0 44.0 323.58 -298.15 0.0 0.74 -0.68 0.0 2546
181.96 -958.6 923.28 -332.1 0.0 59992.0 195.0 336.72 -283.24 0.0 0.77 -0.64 0.0 2546
182.0 -944.56 921.24 -332.1 0.0 61404.0 394.0 355.52 -50.68 0.0 0.99 -0.14 0.0 2546
182.04 -926.91 921.16 -332.1 0.0 63167.0 299.0 418.94 -34.6 0.0 1.0 -0.08 0.0 2546
182.08 -907.04 927.32 -332.1 0.0 65205.0 439.0 430.42 91.3 0.0 0.98 0.21 0.0 2546
182.12 -893.11 936.7 -332.1 0.0 844.0 382.0 400.48 182.25 0.0 0.91 0.41 0.0 2546
182.16 -879.21 950.11 -332.1 0.0 1355.0 416.0 358.96 254.46 0.0 0.82 0.58 0.0 2546
182.2 -868.09 963.59 -336.1 0.0 1355.0 394.0 325.05 296.55 0.0 0.74 0.67 0.0 2546
182.24 -856.63 978.46 -338.1 0.0 1355.0 265.0 301.67 320.31 0.0 0.69 0.73 0.0 2546
182.28 -845.72 995.13 -340.1 0.0 1355.0 147.0 287.27 333.28 0.0 0.65 0.76 0.0 2546
182.32 -835.6 1008.12 -340.1 0.0 1228.0 75.0 279.35 339.94 0.0 0.63 0.77 0.0 2546
182.36 -822.36 1024.8 -340.1 0.0 920.0 0.0 276.17 342.53 0.0 0.63 0.78 0.0 2546
182.41 -811.8 1037.43 -340.1 0.0 464.0 0.0 278.93 340.29 0.0 0.63 0.77 0.0 2546
182.45 -797.87 1052.9 -340.1 0.0 65199.0 65467.0 287.38 333.19 0.0 0.65 0.76 0.0 2546
182.49 -785.2 1064.93 -340.1 0.0 64555.0 65412.0 302.73 319.3 0.0 0.69 0.73 0.0 2546
182.53 -767.05 1069.31 -340.1 0.0 64300.0 65119.0 401.04 181.02 0.0 0.91 0.41 0.0 2546
182.58 -745.69 1069.16 -340.1 0.0 64237.0 65085.0 433.37 76.09 0.0 0.98 0.17 0.0 2546
182.62 -727.97 1066.97 -340.1 0.0 64237.0 65130.0 439.5 20.97 0.0 1.0 0.05 0.0 2548
182.66 -709.67 1064.33 -340.1 0.0 64237.0 65210.0 439.84 -11.84 0.0 1.0 -0.03 0.0 2548
182.7 -691.43 1060.17 -340.1 0.0 64237.0 65350.0 438.95 -30.43 0.0 1.0 -0.07 0.0 2548
182.74 -674.6 1058.19 -340.1 0.0 64237.0 65432.0 438.11 -40.71 0.0 1.0 -0.09 0.0 2548
182.77 -658.26 1056.22 -340.1 0.0 64237.0 65477.0 437.54 -46.5 0.0 0.99 -0.11 0.0 2548
182.82 -639.52 1053.94 -340.1 0.0 64364.0 0.0 437.14 -50.05 0.0 0.99 -0.11 0.0 2548
182.85 -622.69 1052.03 -340.1 0.0 64491.0 0.0 437.18 -49.75 0.0 0.99 -0.11 0.0 2548
182.89 -606.32 1050.35 -340.1 0.0 64682.0 0.0 437.44 -47.43 0.0 0.99 -0.11 0.0 2548
182.93 -588.47 1048.8 -340.1 0.0 64809.0 48.0 437.93 -42.63 0.0 1.0 -0.1 0.0 2548
182.97 -572.06 1047.59 -340.1 0.0 64936.0 49.0 438.38 -37.7 0.0 1.0 -0.09 0.0 2548
183.01 -553.22 1046.41 -340.1 0.0 65127.0 53.0 438.81 -32.33 0.0 1.0 -0.07 0.0 2548
183.08 -514.3 1044.61 -340.1 0.0 65253.0 48.0 439.46 -21.8 0.0 1.0 -0.05 0.0 2548
183.16 -478.13 1043.63 -340.1 0.0 65316.0 0.0 439.76 -14.45 0.0 1.0 -0.03 0.0 2548
183.23 -441.94 1043.09 -340.1 0.0 65379.0 0.0 439.86 -11.15 0.0 1.0 -0.03 0.0 2548
183.3 -410.48 1042.66 -340.1 0.0 65442.0 0.0 439.92 -8.37 0.0 1.0 -0.02 0.0 2551
183.38 -379.51 1042.42 -340.1 0.0 65505.0 0.0 439.96 -5.67 0.0 1.0 -0.01 0.0 2551
183.45 -349.01 1042.47 -340.1 0.0 159.0 0.0 440.0 -1.96 0.0 1.0 -0.0 0.0 2551
183.52 -318.04 1043.12 -340.1 0.0 222.0 0.0 439.98 4.33 0.0 1.0 0.01 0.0 2551
183.59 -286.1 1043.83 -340.1 0.0 222.0 0.0 439.94 7.42 0.0 1.0 0.02 0.0 2551
183.66 -253.68 1044.53 -340.1 0.0 222.0 0.0 439.92 8.6 0.0 1.0 0.02 0.0 2551
183.74 -220.78 1045.23 -340.1 0.0 222.0 0.0 439.91 9.03 0.0 1.0 0.02 0.0 2549
183.81 -191.26 1045.86 -340.1 0.0 222.0 0.0 439.9 9.19 0.0 1.0 0.02 0.0 2549
183.88 -159.37 1047.85 -340.1 0.0 2278.0 121.0 439.47 21.64 0.0 1.0 0.05 0.0 2549
183.95 -131.7 1056.57 -340.1 0.0 4181.0 340.0 431.92 83.93 0.0 0.98 0.19 0.0 2549
184.01 -101.77 1048.44 -340.1 0.0 5370.0 65186.0 435.89 -59.96 0.0 0.99 -0.14 0.0 2549
184.08 -74.47 1040.35 -340.1 0.0 6727.0 0.0 431.93 -83.9 0.0 0.98 -0.19 0.0 2549
184.14 -47.7 1035.01 -340.1 0.0 8544.0 93.0 435.94 -59.64 0.0 0.99 -0.14 0.0 2549
184.21 -17.47 1037.84 -340.1 0.0 10552.0 172.0 440.0 1.0 0.0 1.0 0.0 0.0 2549
184.27 9.06 1045.59 -340.1 0.0 12035.0 176.0 434.42 69.83 0.0 0.99 0.16 0.0 2549
184.33 32.51 1055.76 -340.1 0.0 13109.0 153.0 421.04 127.76 0.0 0.96 0.29 0.0 2549
184.39 54.47 1067.55 -340.1 0.0 13822.0 129.0 404.7 172.68 0.0 0.92 0.39 0.0 2549
184.45 76.46 1081.0 -340.1 0.0 14425.0 100.0 389.08 205.48 0.0 0.88 0.47 0.0 2486
184.51 96.76 1095.21 -340.1 0.0 15050.0 93.0 373.77 232.16 0.0 0.85 0.53 0.0 2486
184.56 115.89 1110.14 -340.1 0.0 15304.0 76.0 359.33 253.94 0.0 0.82 0.58 0.0 2486
184.62 135.88 1126.26 -340.1 0.0 15304.0 43.0 350.01 266.63 0.0 0.8 0.61 0.0 2486
184.68 161.04 1134.73 -340.1 0.0 15304.0 65243.0 401.21 180.65 0.0 0.91 0.41 0.0 2486
184.74 191.74 1135.27 -340.1 0.0 14345.0 65337.0 437.05 50.86 0.0 0.99 0.12 0.0 2486
184.8 217.78 1129.24 -340.1 0.0 11536.0 65347.0 438.04 -41.51 0.0 1.0 -0.09 0.0 2486
184.86 242.45 1115.62 -340.1 0.0 7858.0 65231.0 412.17 -154.01 0.0 0.94 -0.35 0.0 2486
184.93 264.09 1091.33 -340.1 0.0 4424.0 65186.0 338.82 -280.72 0.0 0.77 -0.64 0.0 2486
185.0 292.48 1073.27 -340.1 0.0 2763.0 118.0 379.7 -222.32 0.0 0.86 -0.51 0.0 2486
185.07 320.88 1056.64 -334.1 0.0 2572.0 0.0 379.41 -222.82 0.0 0.86 -0.51 0.0 2486
185.14 347.87 1040.46 -318.1 0.0 2572.0 0.0 378.32 -224.67 0.0 0.86 -0.51 0.0 2645
185.18 355.55 1035.87 -317.9 0.0 2572.0 0.0 378.05 -225.11 0.0 0.86 -0.51 0.0 2645
185.25 386.4 1017.43 -317.8 0.0 2572.0 0.0 377.81 -225.53 0.0 0.86 -0.51 0.0 2645
185.32 419.31 1011.07 -317.75 0.0 2572.0 360.0 427.1 -105.75 0.0 0.97 -0.24 0.0 2645
185.36 429.88 1014.3 -317.73 0.0 3019.0 382.0 439.53 -20.41 0.0 1.0 -0.05 0.0 2645
185.43 464.63 1023.7 -317.71 0.0 3146.0 360.0 433.97 72.57 0.0 0.99 0.16 0.0 2645
185.49 493.76 1033.69 -317.71 0.0 3146.0 137.0 426.74 107.21 0.0 0.97 0.24 0.0 2645
185.56 524.14 1044.15 -317.7 0.0 3146.0 55.0 422.86 121.6 0.0 0.96 0.28 0.0 2645
185.63 552.47 1054.73 -317.7 0.0 3146.0 0.0 421.27 127.02 0.0 0.96 0.29 0.0 2645
185.7 580.66 1063.52 -317.7 0.0 3146.0 0.0 420.61 129.19 0.0 0.96 0.29 0.0 2645
185.77 608.85 1072.27 -324.9 0.0 3146.0 0.0 420.34 130.05 0.0 0.96 0.3 0.0 2645
185.83 626.7 1096.3 -328.5 0.0 3209.0 326.0 320.09 301.9 0.0 0.73 0.69 0.0 2645
185.9 640.21 1124.11 -330.3 0.0 3447.0 299.0 251.16 361.27 0.0 0.57 0.82 0.0 2645
185.96 652.15 1151.91 -331.2 0.0 3447.0 117.0 217.6 382.43 0.0 0.49 0.87 0.0 2645
186.03 663.34 1177.84 -331.65 0.0 3447.0 45.0 203.71 390.01 0.0 0.46 0.89 0.0 2645
186.09 675.13 1206.73 -332.1 0.0 3447.0 0.0 197.57 393.15 0.0 0.45 0.89 0.0 2645
186.16 687.66 1232.39 -332.1 0.0 3447.0 0.0 195.13 394.37 0.0 0.44 0.9 0.0 2645
186.23 716.46 1247.21 -336.1 0.0 3193.0 65198.0 353.49 262.0 0.0 0.8 0.6 0.0 2658
186.29 746.71 1255.82 -338.1 0.0 2725.0 65198.0 399.78 183.79 0.0 0.91 0.42 0.0 2658
186.36 776.86 1262.22 -339.1 0.0 2535.0 65347.0 417.0 140.39 0.0 0.95 0.32 0.0 2658
186.43 807.33 1268.06 -339.6 0.0 2059.0 65414.0 424.45 115.93 0.0 0.96 0.26 0.0 2658
186.5 837.52 1270.95 -340.1 0.0 1184.0 65412.0 430.09 92.84 0.0 0.98 0.21 0.0 2658
186.57 869.98 1273.48 -340.1 0.0 17.0 65345.0 436.24 57.43 0.0 0.99 0.13 0.0 2658
186.64 903.09 1271.82 -334.1 0.0 64159.0 65283.0 439.88 10.17 0.0 1.0 0.02 0.0 2658
186.68 911.79 1270.47 -333.1 0.0 63428.0 65265.0 439.66 -17.38 0.0 1.0 -0.04 0.0 2658
186.72 924.96 1267.74 -332.6 0.0 62756.0 65246.0 437.5 -46.84 0.0 0.99 -0.11 0.0 2658
186.76 939.71 1262.36 -332.1 0.0 61676.0 65239.0 433.21 -76.98 0.0 0.98 -0.17 0.0 2658
186.8 956.69 1256.29 -332.1 0.0 60682.0 65177.0 425.22 -113.08 0.0 0.97 -0.26 0.0 2658
186.84 974.81 1247.84 -332.1 0.0 59784.0 65138.0 412.88 -152.09 0.0 0.94 -0.35 0.0 2658
186.88 989.51 1239.15 -332.1 0.0 59273.0 65165.0 398.3 -186.96 0.0 0.91 -0.42 0.0 2658
186.92 1002.94 1230.34 -332.1 0.0 58803.0 65246.0 384.94 -213.12 0.0 0.87 -0.48 0.0 2658
186.96 1018.35 1219.33 -332.1 0.0 58349.0 65272.0 371.31 -236.07 0.0 0.84 -0.54 0.0 2658
187.0 1030.87 1209.34 -332.1 0.0 57946.0 65314.0 358.86 -254.6 0.0 0.82 -0.58 0.0 2656
187.04 1037.87 1193.85 -332.1 0.0 57620.0 65153.0 247.92 -363.5 0.0 0.56 -0.83 0.0 2656
187.11 1044.08 1154.12 -332.1 0.0 57304.0 65175.0 101.65 -428.1 0.0 0.23 -0.97 0.0 2656
187.18 1044.38 1119.36 -332.1 0.0 57495.0 65341.0 38.77 -438.29 0.0 0.09 -1.0 0.0 2656
187.24 1054.94 1088.86 -332.1 0.0 58665.0 337.0 147.24 -414.63 0.0 0.33 -0.94 0.0 2656
187.31 1076.0 1069.74 -336.1 0.0 60001.0 326.0 280.78 -338.77 0.0 0.64 -0.77 0.0 2656
187.37 1101.47 1055.49 -334.1 0.0 61079.0 315.0 347.92 -269.36 0.0 0.79 -0.61 0.0 2656
187.44 1128.45 1044.48 -333.1 0.0 61639.0 267.0 383.23 -216.18 0.0 0.87 -0.49 0.0 2656
187.5 1155.62 1034.91 -332.6 0.0 61639.0 139.0 399.45 -184.5 0.0 0.91 -0.42 0.0 2656
187.56 1184.39 1026.55 -332.1 0.0 61639.0 60.0 405.57 -170.62 -173.33 0.92 -0.39 0.0 2656
187.63 1211.89 1015.8 -332.1 0.0 61639.0 0.0 407.99 -164.76 -173.85 0.93 -0.37 0.0 2656
187.7 1239.64 1004.62 -338.1 0.0 61449.0 9.0 429.26 -173.15 -92.48 0.92 -0.37 -0.13 2643
187.76 1266.54 993.72 -347.77 0.0 61323.0 65514.0 429.06 -173.62 -152.57 0.9 -0.36 -0.26 2643
187.82 1294.82 982.17 -361.84 0.0 61133.0 65498.0 428.69 -174.54 -214.75 0.86 -0.35 -0.37 2643
187.89 1321.7 971.23 -379.17 0.0 60801.0 0.0 428.69 -174.54 -274.84 0.82 -0.33 -0.47 2643
187.95 1348.1 960.48 -399.84 0.0 59652.0 65535.0 428.69 -174.55 -333.88 0.77 -0.32 -0.55 2643
188.01 1374.04 949.92 -423.64 0.0 58233.0 65535.0 428.68 -174.55 -391.88 0.73 -0.3 -0.62 2643
188.07 1399.5 939.55 -450.4 0.0 57178.0 0.0 428.68 -174.54 -448.83 0.69 -0.28 -0.67 2643
188.13 1420.89 927.25 -478.81 0.0 56632.0 65243.0 398.2 -203.12 -503.17 0.61 -0.31 -0.73 2643
188.19 1443.23 922.66 -510.15 0.0 56378.0 65534.0 398.16 -203.16 -556.99 0.57 -0.29 -0.76 2643
188.24 1465.13 921.72 -543.77 0.0 55822.0 281.0 398.15 -4.71 -609.76 0.56 -0.01 -0.83 2643
188.3 1488.34 921.45 -582.43 0.0 54893.0 0.0 398.15 -4.71 -664.62 0.53 -0.01 -0.85 2643
188.35 1508.49 921.21 -618.82 0.0 53569.0 65535.0 398.15 -4.7 -714.26 0.5 -0.01 -0.87 2643
188.41 1529.55 920.48 -661.77 0.0 52093.0 65254.0 379.63 -11.45 -767.03 0.46 -0.01 -0.89 2643
188.47 1548.0 918.96 -708.63 0.0 51330.0 65243.0 340.75 -21.67 -820.85 0.39 -0.03 -0.92 2643
188.52 1561.3 917.36 -750.01 0.0 50969.0 65265.0 304.43 -29.03 -867.87 0.34 -0.03 -0.94 2675
188.57 1574.75 915.29 -799.43 0.0 50842.0 65276.0 267.11 -35.36 -918.56 0.29 -0.04 -0.96 2675
188.62 1584.96 913.14 -846.33 0.0 50716.0 65276.0 231.3 -41.1 -965.58 0.24 -0.04 -0.97 2675
188.67 1593.94 910.67 -897.62 0.0 50364.0 65276.0 195.4 -46.21 -1013.65 0.19 -0.05 -0.98 2675
188.72 1601.09 908.03 -951.34 0.0 50011.0 65288.0 159.34 -50.11 -1061.72 0.15 -0.05 -0.99 2675
188.77 1606.18 905.39 -1005.06 0.0 49779.0 65288.0 123.97 -52.92 -1108.23 0.11 -0.05 -0.99 2675
188.82 1609.53 902.75 -1059.7 0.0 49653.0 65288.0 89.33 -54.9 -1153.69 0.08 -0.05 -1.0 2675
188.87 1611.25 900.11 -1115.13 0.0 49421.0 65299.0 55.46 -56.25 -1198.09 0.05 -0.05 -1.0 2675
188.91 1613.75 897.57 -1171.19 0.0 49099.0 0.0 55.46 -56.25 -1241.45 0.05 -0.05 -1.0 2675
188.96 1616.59 894.7 -1230.01 0.0 48754.0 0.0 55.46 -56.25 0.0 0.04 -0.04 -1.0 2675
189.02 1616.76 892.02 -1228.15 0.0 47799.0 0.0 19.29 -49.49 0.0 0.36 -0.93 0.0 2675
189.07 1608.0 884.02 -1228.15 0.0 46312.0 0.0 -102.48 -108.55 0.0 -0.69 -0.73 0.0 2675
189.14 1585.64 871.02 -1228.15 0.0 44871.0 65164.0 -243.5 -151.64 0.0 -0.85 -0.53 0.0 2675
189.18 1572.06 866.24 -1228.15 0.0 44333.0 65141.0 -324.08 -166.18 0.0 -0.89 -0.46 0.0 2675
189.26 1539.06 839.98 -1228.15 0.0 44080.0 394.0 -339.88 -279.43 0.0 -0.77 -0.64 0.0 2675
189.33 1519.41 810.23 -1228.15 0.0 44143.0 360.0 -261.1 -354.16 0.0 -0.59 -0.8 0.0 2675
189.37 1513.09 796.77 -1228.15 0.0 44678.0 303.0 -235.68 -371.56 0.0 -0.54 -0.84 0.0 2675
189.45 1498.38 762.43 -1228.15 0.0 46147.0 259.0 -192.08 -395.86 0.0 -0.44 -0.9 0.0 2675
189.48 1495.65 750.89 -1228.15 0.0 47014.0 290.0 -164.95 -407.91 0.0 -0.37 -0.93 0.0 2675
189.52 1493.06 737.33 -1228.15 0.0 47532.0 311.0 -135.12 -418.74 0.0 -0.31 -0.95 0.0 2675
189.56 1492.47 723.19 -1228.15 0.0 47723.0 275.0 -108.41 -426.44 0.0 -0.25 -0.97 0.0 2675
189.6 1489.86 706.91 -1228.15 0.0 47723.0 197.0 -89.11 -430.88 0.0 -0.2 -0.98 0.0 2675
189.63 1487.39 690.63 -1228.15 0.0 47723.0 117.0 -77.51 -433.12 0.0 -0.18 -0.98 0.0 2675
189.71 1481.31 649.94 -1228.15 0.0 46060.0 43.0 -66.39 -434.96 0.0 -0.15 -0.99 0.0 2675
189.75 1486.31 636.17 -1228.15 0.0 43239.0 405.0 51.71 -436.95 0.0 0.12 -0.99 0.0 2675
189.82 1490.69 600.32 -1228.15 0.0 37246.0 65416.0 30.65 -438.93 0.0 0.07 -1.0 0.0 2675
189.86 1488.23 588.74 -1228.15 0.0 34231.0 65419.0 -44.54 -437.74 0.0 -0.1 -0.99 0.0 2675
189.93 1465.45 557.61 -1228.15 0.0 28681.0 65501.0 -228.39 -376.09 0.0 -0.52 -0.85 0.0 2675
189.98 1441.72 546.38 -1228.15 0.0 25168.0 65446.0 -353.04 -262.61 0.0 -0.8 -0.6 0.0 2675
190.05 1410.8 543.85 -1228.15 0.0 22473.0 65355.0 -425.12 -113.45 0.0 -0.97 -0.26 0.0 2675
190.11 1381.65 549.59 -1228.15 0.0 21396.0 65300.0 -439.9 9.47 0.0 -1.0 0.02 0.0 2675
190.17 1354.34 558.66 -1228.15 0.0 21333.0 65364.0 -432.76 79.49 0.0 -0.98 0.18 0.0 2675
190.23 1329.57 567.81 -1228.15 0.0 21333.0 65456.0 -426.1 109.73 0.0 -0.97 0.25 0.0 2675
190.28 1305.21 578.46 -1228.15 0.0 21143.0 65490.0 -422.11 124.2 0.0 -0.96 0.28 0.0 2675
190.34 1281.93 586.73 -1228.15 0.0 20327.0 65487.0 -418.01 137.35 0.0 -0.95 0.31 0.0 2675
190.4 1258.18 597.85 -1228.15 0.0 18700.0 65431.0 -407.0 167.19 0.0 -0.92 0.38 0.0 2675
190.45 1238.51 611.58 -1228.15 0.0 16625.0 65388.0 -383.37 215.94 0.0 -0.87 0.49 0.0 2675
190.51 1220.3 630.32 -1228.15 0.0 14225.0 65369.0 -341.25 277.76 0.0 -0.78 0.63 0.0 2675
190.57 1217.91 659.39 -1228.15 0.0 12475.0 65231.0 -118.42 423.77 0.0 -0.27 0.96 0.0 2675
190.63 1227.05 689.2 -1228.15 0.0 11469.0 65220.0 47.8 437.4 0.0 0.11 0.99 0.0 2675
190.69 1240.58 715.25 -1228.15 0.0 10938.0 65220.0 137.36 418.01 0.0 0.31 0.95 0.0 2675
190.75 1255.94 739.15 -1228.15 0.0 9752.0 65267.0 190.42 396.66 0.0 0.43 0.9 0.0 2675
190.81 1272.5 759.72 -1228.15 0.0 8795.0 65279.0 237.06 370.68 0.0 0.54 0.84 0.0 2675
190.87 1290.33 778.95 -1228.15 0.0 8668.0 65370.0 269.49 347.82 0.0 0.61 0.79 0.0 2675
190.93 1295.14 805.67 -1228.15 0.0 8668.0 304.0 119.52 423.45 0.0 0.27 0.96 0.0 2675
190.99 1294.73 835.75 -1228.15 0.0 8668.0 275.0 39.43 438.23 0.0 0.09 1.0 0.0 2675
191.06 1292.59 867.84 -1228.15 0.0 8668.0 100.0 3.41 439.99 0.0 0.01 1.0 0.0 2673
191.12 1290.57 891.62 -1228.15 0.0 8668.0 37.0 -9.19 439.9 0.0 -0.02 1.0 0.0 2673
191.18 1287.96 915.38 -1228.15 0.0 8668.0 0.0 -15.03 439.74 0.0 -0.03 1.0 0.0 2673
191.23 1286.86 939.56 -1228.15 0.0 8668.0 0.0 -17.7 439.64 0.0 -0.04 1.0 0.0 2673
191.29 1294.79 963.5 -1228.15 0.0 8668.0 65243.0 87.92 431.13 0.0 0.2 0.98 0.0 2673
191.34 1308.46 983.89 -1228.15 0.0 8668.0 65254.0 203.19 390.28 0.0 0.46 0.89 0.0 2673
191.4 1324.79 1002.44 -1228.15 0.0 8668.0 65294.0 253.97 359.3 0.0 0.58 0.82 0.0 2673
191.45 1342.22 1020.79 -1228.15 0.0 8414.0 65413.0 277.71 341.28 0.0 0.63 0.78 0.0 2673
191.51 1361.97 1038.42 -1228.15 0.0 8029.0 65429.0 294.81 326.63 0.0 0.67 0.74 0.0 2673
191.57 1378.65 1054.63 -1228.15 0.0 8029.0 65469.0 306.03 316.15 0.0 0.7 0.72 0.0 2673
191.62 1395.99 1071.51 -1228.15 0.0 8029.0 65504.0 311.26 310.99 0.0 0.71 0.71 0.0 2673
191.68 1412.66 1087.7 -1228.15 0.0 8029.0 0.0 313.7 308.54 0.0 0.71 0.7 0.0 2673
191.73 1430.38 1104.89 -1228.15 0.0 8029.0 0.0 314.89 307.32 0.0 0.72 0.7 0.0 2673
191.78 1447.06 1121.06 -1228.15 0.0 8029.0 0.0 315.45 306.74 0.0 0.72 0.7 0.0 2673
191.84 1464.78 1138.24 -1228.15 0.0 8029.0 0.0 315.73 306.46 0.0 0.72 0.7 0.0 2673
191.89 1482.16 1155.08 -1228.15 0.0 8029.0 0.0 315.86 306.32 0.0 0.72 0.7 0.0 2678
191.95 1499.54 1171.92 -1228.15 0.0 6494.0 0.0 315.92 306.25 0.0 0.72 0.7 0.0 2678
192.0 1522.74 1179.03 -1228.15 0.0 1643.0 65254.0 397.97 167.61 0.0 0.92 0.39 0.0 2678
192.06 1546.07 1169.51 -1228.15 0.0 62525.0 65243.0 434.52 -69.21 0.0 0.99 -0.16 0.0 2678
192.12 1566.7 1141.79 -1228.15 0.0 58182.0 65198.0 322.5 -299.32 0.0 0.73 -0.68 0.0 2678
192.19 1571.81 1104.46 -1228.15 0.0 53968.0 65186.0 130.16 -420.31 0.0 0.3 -0.96 0.0 2678
192.26 1560.06 1067.01 -1228.15 0.0 51716.0 65153.0 -64.84 -435.2 0.0 -0.15 -0.99 0.0 2673
192.3 1551.48 1056.33 -1228.15 0.0 51653.0 65153.0 -132.2 -419.67 0.0 -0.3 -0.95 0.0 2673
192.33 1542.48 1043.97 -1228.15 0.0 51653.0 65183.0 -172.11 -404.94 0.0 -0.39 -0.92 0.0 2673
192.41 1522.0 1010.59 -1228.15 0.0 51653.0 65421.0 -208.08 -387.69 0.0 -0.47 -0.88 0.0 2673
192.44 1514.73 1000.55 -1228.15 0.0 51653.0 65466.0 -216.33 -383.15 0.0 -0.49 -0.87 0.0 2673
192.52 1494.09 967.35 -1228.15 0.0 52228.0 0.0 -224.11 -378.65 0.0 -0.51 -0.86 0.0 2673
192.56 1488.34 957.6 -1228.15 0.0 53585.0 45.0 -217.37 -382.56 0.0 -0.49 -0.87 0.0 2673
192.6 1481.84 940.62 -1228.15 0.0 55285.0 156.0 -188.62 -397.52 0.0 -0.43 -0.9 0.0 2673
192.67 1474.04 907.0 -1228.15 0.0 56878.0 205.0 -113.31 -425.16 0.0 -0.26 -0.97 0.0 2675
192.74 1471.54 874.14 -1228.15 0.0 56878.0 138.0 -56.96 -436.3 0.0 -0.13 -0.99 0.0 2675
192.8 1471.87 841.96 -1228.15 0.0 56878.0 57.0 -34.67 -438.63 0.0 -0.08 -1.0 0.0 2675
192.87 1470.59 811.48 -1228.15 0.0 56878.0 23.0 -25.62 -439.25 0.0 -0.06 -1.0 0.0 2675
192.94 1469.38 781.49 -1228.15 0.0 56941.0 0.0 -21.05 -439.5 0.0 -0.05 -1.0 0.0 2675
193.01 1469.15 749.54 -1228.15 0.0 58744.0 59.0 -9.27 -439.9 0.0 -0.02 -1.0 0.0 2675
193.08 1482.97 724.75 -1228.15 0.0 61687.0 326.0 163.72 -408.41 0.0 0.37 -0.93 0.0 2675
193.14 1511.08 711.54 -1228.15 0.0 64526.0 326.0 344.93 -273.17 0.0 0.78 -0.62 0.0 2675
193.2 1539.09 708.87 -1228.15 0.0 546.0 304.0 415.7 -144.18 0.0 0.94 -0.33 0.0 2675
193.26 1566.26 710.91 -1228.15 0.0 920.0 281.0 436.93 -51.9 0.0 0.99 -0.12 0.0 2675
193.31 1593.32 714.37 -1228.15 0.0 920.0 192.0 439.99 -2.65 0.0 1.0 -0.01 0.0 2675
193.37 1618.19 717.76 -1228.15 0.0 920.0 86.0 439.58 19.29 0.0 1.0 0.04 0.0 2675
193.43 1643.97 722.27 -1228.15 0.0 920.0 42.0 438.99 29.75 0.0 1.0 0.07 0.0 2675
193.48 1668.08 724.38 -1228.15 0.0 920.0 0.0 438.65 34.52 0.0 1.0 0.08 0.0 2675
193.54 1693.63 726.63 -1228.15 0.0 920.0 0.0 438.46 36.8 0.0 1.0 0.08 0.0 2675
193.6 1717.74 728.76 -1228.15 0.0 920.0 0.0 438.37 37.84 0.0 1.0 0.09 0.0 2682
193.65 1742.33 730.93 -1228.15 0.0 920.0 0.0 438.33 38.33 0.0 1.0 0.09 0.0 2682
193.71 1765.95 733.02 -1228.15 0.0 920.0 0.0 438.31 38.55 0.0 1.0 0.09 0.0 2682
193.76 1790.06 735.15 -1228.15 0.0 920.0 0.0 438.3 38.66 0.0 1.0 0.09 0.0 2682
193.82 1813.2 737.2 -1228.15 0.0 983.0 0.0 438.29 38.71 0.0 1.0 0.09 0.0 2682
193.87 1836.81 739.48 -1228.15 0.0 1230.0 0.0 438.1 40.83 0.0 1.0 0.09 0.0 2682
193.93 1861.32 742.39 -1228.15 0.0 1485.0 31.0 437.45 47.33 0.0 0.99 0.11 0.0 2682
193.98 1885.27 745.91 -1228.15 0.0 1804.0 48.0 436.31 56.85 0.0 0.99 0.13 0.0 2682
194.03 1907.18 749.93 -1228.15 0.0 2296.0 70.0 434.48 69.45 0.0 0.99 0.16 0.0 2682
194.09 1932.7 755.7 -1228.15 0.0 2688.0 85.0 431.49 86.12 0.0 0.98 0.2 0.0 2682
194.14 1954.67 761.7 -1228.15 0.0 3375.0 86.0 427.85 102.67 0.0 0.97 0.23 0.0 2682
194.19 1971.63 767.61 -1213.79 0.0 4037.0 110.0 422.25 123.73 0.0 0.96 0.28 0.0 2491
194.24 1990.02 774.85 -1210.1 0.0 5064.0 140.0 414.02 148.96 0.0 0.94 0.34 0.0 2491
194.28 2008.14 784.59 -1209.91 0.0 5980.0 168.0 401.45 180.11 0.0 0.91 0.41 0.0 2491
194.33 2027.83 789.81 -1205.48 0.0 7164.0 65297.0 420.35 130.03 0.0 0.96 0.3 0.0 2491
194.37 2046.63 789.89 -1198.65 0.0 8656.0 65336.0 435.46 63.05 0.0 0.99 0.14 0.0 2491
194.41 2063.99 791.52 -1188.51 0.0 10200.0 0.0 436.81 52.87 0.0 0.99 0.12 0.0 2491
194.46 2069.61 784.85 -1176.83 0.0 11408.0 65344.0 434.85 -67.15 0.0 0.99 -0.15 0.0 2491
194.5 2070.56 776.95 -1164.53 0.0 12436.0 0.0 0.0 -126.96 0.0 0.0 -1.0 0.0 2491
194.55 2071.98 773.85 -1148.83 0.0 13455.0 0.0 0.0 -77.17 0.0 0.0 -1.0 0.0 2491
194.6 2071.98 774.33 -1131.0 0.0 14559.0 0.0 0.0 -28.96 0.0 0.0 -1.0 0.0 2491
194.65 2071.98 775.29 -1108.81 0.0 15900.0 0.0 0.0 0.0 0.0 0.0 0.0 0.0 2491
194.71 2071.98 775.29 -1083.34 0.0 17339.0 0.0 0.0 0.0 0.0 0.0 0.0 0.0 2491
194.77 2071.98 775.29 -1053.97 0.0 18680.0 0.0 0.0 0.0 0.0 0.0 0.0 0.0 2491
194.83 2071.98 775.29 -1021.81 0.0 19723.0 0.0 0.0 0.0 0.0 0.0 0.0 0.0 2491
194.89 2071.98 775.29 -988.3 0.0 20352.0 0.0 0.0 0.0 0.0 0.0 0.0 0.0 2491
194.95 2071.98 775.29 -952.49 0.0 20844.0 0.0 0.0 0.0 0.0 0.0 0.0 0.0 2491
